Vehicle:
Average speed:;1254
Time limit:;641.015
Fuel comsumption rate:;1
Fuel Capacity:;29289
Depot:
ID;X;Y;Service Time
0;957;135;0
Customers:
ID;X;Y;Service Time
1;149;141;6.67021
3;228;268;6.67021
4;781;529;6.67021
5;867;797;6.67021
6;109;53;6.67021
7;13;449;6.67021
8;133;293;6.67021
9;259;172;6.67021
10;908;678;6.67021
11;930;867;6.67021
12;903;766;6.67021
13;143;263;6.67021
14;735;501;6.67021
15;259;253;6.67021
16;59;62;6.67021
17;737;464;6.67021
18;925;587;6.67021
19;16;404;6.67021
20;893;720;6.67021
21;131;188;6.67021
22;226;228;6.67021
23;285;68;6.67021
24;113;323;6.67021
25;67;307;6.67021
27;804;573;6.67021
28;892;838;6.67021
29;307;141;6.67021
30;40;347;6.67021
31;933;708;6.67021
32;906;725;6.67021
33;242;231;6.67021
34;310;255;6.67021
35;183;308;6.67021
36;57;153;6.67021
37;122;254;6.67021
38;1;437;6.67021
39;83;548;6.67021
40;872;427;6.67021
41;118;317;6.67021
42;100;402;6.67021
43;54;335;6.67021
44;180;118;6.67021
45;875;774;6.67021
46;792;774;6.67021
47;92;166;6.67021
48;890;821;6.67021
49;184;6;6.67021
50;189;299;6.67021
51;230;234;6.67021
53;147;501;6.67021
54;180;371;6.67021
55;756;455;6.67021
56;121;248;6.67021
57;747;756;6.67021
58;890;825;6.67021
59;275;63;6.67021
60;67;131;6.67021
61;96;15;6.67021
62;709;611;6.67021
63;893;822;6.67021
64;121;170;6.67021
65;770;580;6.67021
66;122;320;6.67021
67;695;626;6.67021
68;712;670;6.67021
69;101;98;6.67021
70;824;813;6.67021
71;256;265;6.67021
72;726;553;6.67021
73;248;359;6.67021
74;864;742;6.67021
75;149;74;6.67021
77;847;817;6.67021
78;864;575;6.67021
80;193;126;6.67021
81;79;88;6.67021
82;97;403;6.67021
83;284;424;6.67021
84;907;842;6.67021
85;808;590;6.67021
86;146;120;6.67021
87;66;480;6.67021
88;824;634;6.67021
89;9;421;6.67021
90;152;157;6.67021
91;318;223;6.67021
93;184;277;6.67021
94;268;379;6.67021
95;183;236;6.67021
96;93;217;6.67021
97;207;439;6.67021
98;280;417;6.67021
99;80;110;6.67021
100;20;67;6.67021
101;142;384;6.67021
102;165;63;6.67021
103;62;410;6.67021
104;176;261;6.67021
105;223;301;6.67021
106;830;608;6.67021
107;7;164;6.67021
108;188;108;6.67021
109;770;537;6.67021
110;168;99;6.67021
111;641;321;6.67021
112;174;165;6.67021
113;886;816;6.67021
114;53;303;6.67021
115;216;377;6.67021
116;214;261;6.67021
117;104;44;6.67021
119;222;51;6.67021
120;261;355;6.67021
121;894;577;6.67021
122;35;285;6.67021
123;93;509;6.67021
124;127;150;6.67021
125;873;468;6.67021
126;60;105;6.67021
127;133;232;6.67021
128;147;252;6.67021
129;778;547;6.67021
130;227;403;6.67021
131;46;419;6.67021
132;82;381;6.67021
133;83;80;6.67021
134;43;466;6.67021
136;337;216;6.67021
137;83;205;6.67021
138;9;55;6.67021
139;127;123;6.67021
140;121;449;6.67021
141;72;189;6.67021
142;771;491;6.67021
143;73;201;6.67021
144;181;188;6.67021
145;727;549;6.67021
146;26;332;6.67021
147;221;419;6.67021
148;17;212;6.67021
149;59;359;6.67021
150;798;525;6.67021
151;714;613;6.67021
152;91;419;6.67021
153;229;353;6.67021
154;875;568;6.67021
155;241;285;6.67021
156;236;368;6.67021
157;45;86;6.67021
159;128;366;6.67021
160;163;168;6.67021
161;322;272;6.67021
162;958;864;6.67021
163;754;814;6.67021
164;136;184;6.67021
165;111;119;6.67021
166;120;300;6.67021
167;686;372;6.67021
168;32;68;6.67021
169;224;70;6.67021
170;113;76;6.67021
171;228;73;6.67021
172;216;34;6.67021
173;218;360;6.67021
174;157;167;6.67021
175;58;242;6.67021
176;84;263;6.67021
177;330;253;6.67021
178;903;822;6.67021
179;900;858;6.67021
180;270;381;6.67021
181;15;37;6.67021
182;79;523;6.67021
183;207;329;6.67021
184;130;274;6.67021
185;870;860;6.67021
187;13;535;6.67021
188;800;823;6.67021
189;224;244;6.67021
191;88;389;6.67021
192;3;172;6.67021
193;62;499;6.67021
194;791;692;6.67021
195;186;373;6.67021
196;300;26;6.67021
197;52;204;6.67021
198;163;305;6.67021
199;135;270;6.67021
AFSs:
ID;X;Y;Service Time
2;1;96;114
26;797;381;114
52;61;728;114
76;872;329;114
79;976;818;114
92;853;307;114
118;393;114;114
135;246;330;114
158;446;310;114
186;791;305;114
190;580;504;114
Distance matrix:
;0;1;2;3;4;5;6;7;8;9;10;11;12;13;14;15;16;17;18;19;20;21;22;23;24;25;26;27;28;29;30;31;32;33;34;35;36;37;38;39;40;41;42;43;44;45;46;47;48;49;50;51;52;53;54;55;56;57;58;59;60;61;62;63;64;65;66;67;68;69;70;71;72;73;74;75;76;77;78;79;80;81;82;83;84;85;86;87;88;89;90;91;92;93;94;95;96;97;98;99;100;101;102;103;104;105;106;107;108;109;110;111;112;113;114;115;116;117;118;119;120;121;122;123;124;125;126;127;128;129;130;131;132;133;134;135;136;137;138;139;140;141;142;143;144;145;146;147;148;149;150;151;152;153;154;155;156;157;158;159;160;161;162;163;164;165;166;167;168;169;170;171;172;173;174;175;176;177;178;179;180;181;182;183;184;185;186;187;188;189;190;191;192;193;194;195;196;197;198;199
0;0.0;808.0;957.0;741.0;432.0;668.0;852.0;995.0;839.0;699.0;545.0;732.0;633.0;824.0;428.0;708.0;901.0;396.0;453.0;979.0;588.0;828.0;737.0;675.0;865.0;906.0;293.0;464.0;706.0;650.0;941.0;574.0;592.0;721.0;658.0;793.0;900.0;843.0;1003.0;967.0;304.0;859.0;898.0;925.0;777.0;644.0;660.0;866.0;689.0;784.0;785.0;734.0;1074.0;889.0;812.0;378.0;844.0;656.0;693.0;686.0;890.0;869.0;537.0;690.0;837.0;483.0;855.0;557.0;588.0;857.0;691.0;713.0;478.0;744.0;614.0;810.0;212.0;691.0;450.0;683.0;764.0;879.0;901.0;732.0;709.0;479.0;811.0;955.0;516.0;990.0;805.0;645.0;201.0;786.0;731.0;781.0;868.0;809.0;733.0;877.0;939.0;852.0;795.0;936.0;791.0;753.0;490.0;950.0;769.0;443.0;790.0;367.0;784.0;685.0;919.0;780.0;754.0;858.0;564.0;740.0;730.0;446.0;934.0;941.0;830.0;343.0;898.0;830.0;818.0;449.0;778.0;954.0;909.0;876.0;972.0;737.0;625.0;877.0;951.0;830.0;893.0;887.0;402.0;886.0;778.0;474.0;952.0;789.0;943.0;926.0;421.0;536.0;911.0;760.0;441.0;732.0;758.0;913.0;540.0;861.0;795.0;650.0;729.0;709.0;822.0;846.0;853.0;360.0;927.0;736.0;846.0;732.0;748.0;772.0;801.0;905.0;882.0;638.0;689.0;725.0;730.0;947.0;960.0;775.0;839.0;730.0;238.0;1025.0;706.0;741.0;528.0;905.0;955.0;966.0;581.0;807.0;666.0;908.0;812.0;833.0
1;808.0;0.0;155.0;150.0;742.0;973.0;97.0;337.0;153.0;114.0;930.0;1066.0;979.0;122.0;688.0;157.0;120.0;671.0;895.0;295.0;943.0;50.0;116.0;154.0;186.0;185.0;691.0;785.0;1019.0;158.0;233.0;968.0;956.0;129.0;197.0;170.0;93.0;116.0;331.0;412.0;778.0;179.0;266.0;216.0;39.0;963.0;902.0;62.0;1006.0;139.0;163.0;123.0;594.0;360.0;232.0;683.0;111.0;858.0;1008.0;148.0;83.0;137.0;731.0;1009.0;40.0;761.0;181.0;730.0;773.0;64.0;952.0;164.0;709.0;239.0;934.0;67.0;747.0;972.0;836.0;1069.0;46.0;88.0;267.0;314.0;1032.0;797.0;21.0;349.0;836.0;313.0;16.0;188.0;723.0;140.0;266.0;101.0;94.0;304.0;306.0;76.0;149.0;243.0;80.0;283.0;123.0;176.0;826.0;144.0;51.0;737.0;46.0;524.0;35.0;999.0;188.0;245.0;136.0;107.0;245.0;116.0;242.0;863.0;184.0;372.0;24.0;794.0;96.0;92.0;111.0;749.0;273.0;296.0;249.0;90.0;342.0;212.0;202.0;92.0;164.0;28.0;309.0;91.0;714.0;97.0;57.0;707.0;227.0;287.0;150.0;236.0;754.0;736.0;284.0;227.0;842.0;171.0;243.0;118.0;342.0;226.0;30.0;217.0;1085.0;905.0;45.0;44.0;162.0;585.0;138.0;103.0;74.0;104.0;126.0;230.0;27.0;136.0;138.0;213.0;1016.0;1038.0;269.0;170.0;388.0;197.0;134.0;1018.0;663.0;417.0;943.0;127.0;563.0;255.0;149.0;368.0;846.0;235.0;190.0;116.0;165.0;130.0
2;957.0;155.0;0.0;285.0;892.0;1114.0;116.0;353.0;237.0;269.0;1078.0;1207.0;1124.0;219.0;838.0;302.0;67.0;823.0;1046.0;308.0;1089.0;159.0;261.0;285.0;253.0;221.0;845.0;934.0;1160.0;309.0;254.0;1115.0;1102.0;276.0;348.0;279.0;80.0;199.0;341.0;459.0;932.0;250.0;322.0;245.0;180.0;1106.0;1042.0;115.0;1147.0;204.0;277.0;267.0;635.0;431.0;328.0;836.0;194.0;996.0;1150.0;276.0;75.0;125.0;875.0;1150.0;141.0;909.0;255.0;873.0;914.0;100.0;1092.0;306.0;857.0;361.0;1078.0;150.0;902.0;1112.0;987.0;1213.0;194.0;78.0;322.0;433.0;1174.0;946.0;147.0;389.0;983.0;325.0;163.0;341.0;878.0;257.0;389.0;230.0;152.0;400.0;425.0;80.0;35.0;321.0;167.0;320.0;241.0;302.0;974.0;68.0;187.0;886.0;167.0;678.0;186.0;1141.0;213.0;354.0;269.0;115.0;392.0;226.0;367.0;1014.0;192.0;423.0;137.0;948.0;60.0;190.0;214.0;898.0;381.0;326.0;296.0;84.0;372.0;339.0;357.0;136.0;42.0;129.0;373.0;117.0;865.0;127.0;202.0;856.0;237.0;391.0;117.0;269.0;905.0;881.0;335.0;344.0;993.0;305.0;359.0;45.0;494.0;298.0;177.0;366.0;1227.0;1040.0;161.0;112.0;236.0;739.0;42.0;225.0;114.0;228.0;224.0;342.0;171.0;157.0;186.0;365.0;1158.0;1178.0;392.0;61.0;434.0;311.0;220.0;1157.0;817.0;439.0;1080.0;268.0;708.0;306.0;76.0;408.0;990.0;333.0;307.0;119.0;264.0;220.0
3;741.0;150.0;285.0;0.0;611.0;830.0;246.0;281.0;98.0;101.0;794.0;923.0;839.0;85.0;558.0;34.0;266.0;545.0;767.0;252.0;804.0;126.0;40.0;208.0;127.0;166.0;580.0;652.0;875.0;150.0;204.0;831.0;818.0;40.0;83.0;60.0;206.0;107.0;283.0;315.0;663.0;120.0;185.0;186.0;157.0;821.0;758.0;170.0;863.0;266.0;50.0;34.0;489.0;247.0;114.0;560.0;109.0;712.0;865.0;210.0;211.0;285.0;591.0;866.0;145.0;625.0;118.0;588.0;629.0;212.0;808.0;28.0;574.0;93.0;793.0;209.0;647.0;827.0;706.0;928.0;146.0;234.0;188.0;166.0;889.0;663.0;169.0;267.0;699.0;267.0;135.0;101.0;626.0;45.0;118.0;55.0;144.0;172.0;158.0;216.0;289.0;144.0;214.0;218.0;52.0;33.0;691.0;244.0;165.0;605.0;179.0;416.0;116.0;856.0;178.0;110.0;16.0;256.0;226.0;217.0;93.0;734.0;194.0;276.0;155.0;675.0;234.0;102.0;83.0;617.0;135.0;236.0;185.0;237.0;271.0;65.0;121.0;158.0;305.0;177.0;210.0;175.0;587.0;169.0;93.0;573.0;212.0;151.0;218.0;192.0;625.0;596.0;204.0;85.0;713.0;21.0;100.0;258.0;222.0;140.0;119.0;94.0;942.0;758.0;125.0;189.0;113.0;470.0;280.0;198.0;224.0;195.0;234.0;93.0;123.0;172.0;144.0;103.0;873.0;894.0;121.0;314.0;295.0;65.0;98.0;873.0;564.0;343.0;797.0;24.0;424.0;185.0;245.0;284.0;705.0;113.0;252.0;187.0;75.0;93.0
4;432.0;742.0;892.0;611.0;0.0;281.0;824.0;772.0;690.0;632.0;196.0;369.0;267.0;691.0;54.0;590.0;860.0;78.0;155.0;775.0;221.0;734.0;631.0;677.0;699.0;748.0;149.0;50.0;328.0;613.0;763.0;235.0;232.0;616.0;545.0;638.0;816.0;714.0;785.0;698.0;137.0;696.0;693.0;752.0;728.0;262.0;245.0;779.0;312.0;794.0;635.0;625.0;747.0;635.0;621.0;78.0;717.0;230.0;315.0;688.0;817.0;856.0;109.0;314.0;751.0;52.0;691.0;130.0;157.0;805.0;287.0;588.0;60.0;559.0;229.0;779.0;220.0;295.0;95.0;349.0;713.0;829.0;696.0;508.0;337.0;67.0;755.0;717.0;113.0;780.0;731.0;555.0;233.0;648.0;534.0;666.0;755.0;581.0;513.0;817.0;890.0;655.0;772.0;729.0;662.0;603.0;93.0;856.0;727.0;14.0;749.0;251.0;708.0;306.0;762.0;585.0;627.0;833.0;568.0;736.0;548.0;123.0;785.0;688.0;756.0;110.0;836.0;713.0;692.0;18.0;568.0;743.0;714.0;830.0;741.0;571.0;543.0;770.0;906.0;770.0;665.0;786.0;39.0;780.0;690.0;58.0;780.0;571.0;827.0;742.0;17.0;107.0;699.0;579.0;102.0;593.0;568.0;859.0;400.0;673.0;716.0;526.0;379.0;286.0;731.0;785.0;700.0;184.0;880.0;722.0;807.0;717.0;751.0;588.0;721.0;778.0;746.0;529.0;317.0;350.0;532.0;910.0;702.0;608.0;699.0;343.0;224.0;768.0;295.0;626.0;203.0;707.0;856.0;720.0;163.0;615.0;696.0;798.0;657.0;696.0
5;668.0;973.0;1114.0;830.0;281.0;0.0;1062.0;922.0;890.0;872.0;126.0;94.0;48.0;900.0;324.0;816.0;1092.0;357.0;218.0;937.0;81.0;955.0;857.0;933.0;891.0;938.0;422.0;233.0;48.0;863.0;942.0;111.0;82.0;843.0;777.0;841.0;1035.0;922.0;938.0;823.0;370.0;890.0;863.0;935.0;966.0;24.0;78.0;999.0;33.0;1045.0;841.0;850.0;809.0;778.0;808.0;360.0;926.0;127.0;36.0;943.0;1041.0;1098.0;244.0;36.0;974.0;238.0;885.0;243.0;200.0;1037.0;46.0;810.0;282.0;758.0;55.0;1019.0;468.0;28.0;222.0;111.0;951.0;1060.0;865.0;692.0;60.0;215.0;989.0;861.0;169.0;937.0;960.0;794.0;490.0;858.0;730.0;885.0;967.0;751.0;699.0;1045.0;1118.0;834.0;1016.0;893.0;875.0;813.0;193.0;1068.0;967.0;278.0;988.0;527.0;938.0;27.0;952.0;775.0;845.0;1072.0;831.0;986.0;750.0;222.0;977.0;826.0;983.0;329.0;1063.0;926.0;903.0;265.0;752.0;904.0;888.0;1062.0;888.0;777.0;786.0;982.0;1134.0;1001.0;823.0;1001.0;321.0;993.0;917.0;285.0;961.0;748.0;1032.0;919.0;281.0;239.0;863.0;777.0;229.0;809.0;763.0;1087.0;644.0;856.0;944.0;757.0;113.0;114.0;954.0;1015.0;897.0;462.0;1108.0;971.0;1043.0;966.0;1003.0;782.0;949.0;981.0;948.0;764.0;44.0;69.0;728.0;1142.0;834.0;809.0;904.0;63.0;498.0;893.0;72.0;848.0;410.0;879.0;1066.0;858.0;130.0;802.0;957.0;1008.0;859.0;902.0
6;852.0;97.0;116.0;246.0;824.0;1062.0;0.0;407.0;241.0;191.0;1014.0;1156.0;1067.0;213.0;770.0;250.0;51.0;751.0;975.0;363.0;1029.0;137.0;211.0;177.0;270.0;257.0;762.0;868.0;1109.0;217.0;302.0;1053.0;1042.0;222.0;285.0;266.0;113.0;201.0;399.0;496.0;850.0;264.0;349.0;287.0;96.0;1052.0;993.0;114.0;1095.0;89.0;259.0;218.0;677.0;450.0;326.0;762.0;195.0;949.0;1098.0;166.0;89.0;40.0;819.0;1098.0;118.0;845.0;267.0;820.0;863.0;46.0;1043.0;258.0;794.0;336.0;1022.0;45.0;811.0;1062.0;918.0;1156.0;111.0;46.0;350.0;410.0;1122.0;881.0;77.0;429.0;921.0;381.0;113.0;269.0;786.0;236.0;363.0;197.0;165.0;398.0;402.0;64.0;90.0;333.0;57.0;360.0;219.0;273.0;910.0;151.0;96.0;819.0;75.0;596.0;129.0;1089.0;256.0;341.0;233.0;10.0;290.0;113.0;338.0;944.0;244.0;456.0;99.0;869.0;71.0;181.0;203.0;832.0;369.0;371.0;329.0;37.0;418.0;309.0;280.0;154.0;100.0;72.0;396.0;141.0;794.0;152.0;153.0;792.0;291.0;383.0;184.0;310.0;835.0;824.0;366.0;323.0;923.0;267.0;340.0;72.0;424.0;314.0;127.0;305.0;1174.0;998.0;134.0;66.0;247.0;659.0;78.0;116.0;23.0;121.0;109.0;326.0;124.0;196.0;211.0;298.0;1105.0;1129.0;365.0;95.0;471.0;293.0;222.0;1109.0;727.0;491.0;1035.0;223.0;652.0;337.0;159.0;448.0;935.0;329.0;193.0;161.0;258.0;219.0
7;995.0;337.0;353.0;281.0;772.0;922.0;407.0;0.0;197.0;370.0;924.0;1008.0;945.0;227.0;724.0;315.0;390.0;724.0;922.0;45.0;921.0;286.0;307.0;468.0;161.0;152.0;787.0;801.0;961.0;426.0;106.0;956.0;935.0;316.0;355.0;221.0;299.0;223.0;17.0;121.0;859.0;169.0;99.0;121.0;371.0;921.0;844.0;294.0;953.0;475.0;231.0;305.0;283.0;144.0;184.0;743.0;228.0;796.0;954.0;467.0;323.0;442.0;715.0;956.0;299.0;768.0;169.0;705.0;733.0;362.0;889.0;305.0;721.0;252.0;900.0;399.0;867.0;912.0;860.0;1031.0;370.0;367.0;96.0;272.0;977.0;807.0;355.0;61.0;832.0;28.0;323.0;380.0;852.0;243.0;264.0;273.0;245.0;194.0;269.0;346.0;382.0;144.0;415.0;63.0;249.0;257.0;832.0;285.0;383.0;762.0;383.0;641.0;326.0;947.0;151.0;215.0;275.0;415.0;507.0;450.0;265.0;890.0;165.0;100.0;320.0;860.0;347.0;248.0;238.0;771.0;219.0;45.0;97.0;376.0;34.0;262.0;399.0;254.0;394.0;345.0;108.0;267.0;759.0;255.0;310.0;721.0;118.0;210.0;237.0;101.0;789.0;720.0;84.0;236.0;870.0;281.0;237.0;364.0;455.0;142.0;319.0;356.0;1032.0;826.0;292.0;344.0;183.0;677.0;381.0;434.0;386.0;433.0;462.0;223.0;317.0;212.0;199.0;373.0;965.0;977.0;266.0;412.0;99.0;228.0;211.0;950.0;791.0;86.0;871.0;294.0;570.0;96.0;277.0;70.0;815.0;189.0;511.0;248.0;208.0;217.0
8;839.0;153.0;237.0;98.0;690.0;890.0;241.0;197.0;0.0;175.0;865.0;982.0;904.0;32.0;637.0;132.0;243.0;628.0;845.0;161.0;872.0;105.0;113.0;272.0;36.0;67.0;670.0;727.0;934.0;231.0;108.0;901.0;886.0;125.0;181.0;52.0;159.0;41.0;195.0;260.0;751.0;28.0;114.0;89.0;181.0;884.0;816.0;133.0;923.0;291.0;56.0;114.0;441.0;208.0;91.0;644.0;47.0;769.0;925.0;270.0;175.0;280.0;658.0;926.0;124.0;699.0;29.0;653.0;691.0;198.0;865.0;126.0;647.0;133.0;858.0;220.0;740.0;886.0;784.0;993.0;177.0;212.0;116.0;200.0;949.0;737.0;173.0;199.0;771.0;178.0;137.0;198.0;720.0;53.0;160.0;76.0;86.0;164.0;192.0;191.0;253.0;91.0;232.0;137.0;54.0;90.0;765.0;180.0;193.0;682.0;197.0;509.0;134.0;917.0;81.0;118.0;87.0;251.0;316.0;258.0;142.0;812.0;98.0;220.0;143.0;760.0;202.0;61.0;43.0;693.0;145.0;153.0;102.0;219.0;195.0;119.0;218.0;101.0;268.0;170.0;156.0;121.0;668.0;110.0;115.0;647.0;114.0;154.0;141.0;99.0;704.0;663.0;133.0;113.0;791.0;108.0;127.0;225.0;313.0;73.0;129.0;190.0;1003.0;811.0;109.0;175.0;15.0;559.0;247.0;241.0;218.0;240.0;272.0;108.0;128.0;91.0;57.0;201.0;934.0;953.0;163.0;282.0;236.0;82.0;19.0;930.0;658.0;270.0;852.0;103.0;494.0;106.0;178.0;218.0;770.0;96.0;315.0;120.0;32.0;23.0
9;699.0;114.0;269.0;101.0;632.0;872.0;191.0;370.0;175.0;0.0;823.0;966.0;876.0;147.0;579.0;81.0;228.0;560.0;785.0;336.0;838.0;129.0;65.0;107.0;210.0;235.0;577.0;677.0;919.0;57.0;280.0;861.0;851.0;61.0;97.0;156.0;203.0;160.0;370.0;415.0;664.0;202.0;280.0;262.0;96.0;861.0;804.0;167.0;905.0;182.0;145.0;68.0;590.0;348.0;214.0;572.0;158.0;761.0;908.0;110.0;196.0;226.0;629.0;908.0;138.0;654.0;202.0;629.0;673.0;174.0;854.0;93.0;603.0;187.0;831.0;147.0;633.0;873.0;727.0;965.0;80.0;199.0;282.0;253.0;932.0;690.0;124.0;363.0;730.0;353.0;108.0;78.0;609.0;129.0;207.0;99.0;172.0;272.0;246.0;189.0;261.0;242.0;144.0;309.0;122.0;134.0;718.0;252.0;96.0;628.0;117.0;410.0;85.0;899.0;244.0;209.0;100.0;201.0;146.0;127.0;183.0;753.0;251.0;376.0;134.0;682.0;210.0;140.0;138.0;640.0;233.0;326.0;274.0;199.0;365.0;159.0;90.0;179.0;276.0;141.0;309.0;188.0;603.0;188.0;80.0;601.0;283.0;250.0;245.0;274.0;644.0;634.0;299.0;183.0;732.0;114.0;197.0;231.0;232.0;234.0;96.0;118.0;984.0;811.0;124.0;157.0;189.0;472.0;250.0;108.0;175.0;104.0;145.0;192.0;102.0;213.0;197.0;108.0;915.0;939.0;209.0;279.0;394.0;165.0;164.0;920.0;548.0;439.0;846.0;80.0;462.0;276.0;256.0;382.0;744.0;214.0;152.0;209.0;164.0;158.0
10;545.0;930.0;1078.0;794.0;196.0;126.0;1014.0;924.0;865.0;823.0;0.0;190.0;88.0;870.0;248.0;776.0;1049.0;274.0;93.0;933.0;45.0;919.0;817.0;872.0;871.0;919.0;317.0;148.0;161.0;806.0;929.0;39.0;47.0;802.0;732.0;814.0;1000.0;893.0;938.0;835.0;254.0;869.0;854.0;920.0;918.0;102.0;151.0;963.0;144.0;988.0;813.0;810.0;848.0;781.0;790.0;270.0;897.0;179.0;148.0;883.0;1003.0;1048.0;210.0;145.0;937.0;169.0;864.0;219.0;196.0;994.0;159.0;772.0;221.0;733.0;78.0;970.0;351.0;152.0;112.0;156.0;903.0;1018.0;856.0;674.0;164.0;133.0;944.0;865.0;95.0;935.0;918.0;745.0;375.0;828.0;706.0;849.0;936.0;741.0;680.0;1004.0;1078.0;820.0;965.0;887.0;842.0;782.0;105.0;1037.0;918.0;197.0;940.0;446.0;896.0;140.0;934.0;755.0;810.0;1024.0;764.0;929.0;723.0;102.0;957.0;832.0;943.0;213.0;1023.0;894.0;872.0;185.0;734.0;900.0;878.0;1019.0;891.0;748.0;734.0;951.0;1094.0;958.0;820.0;969.0;232.0;962.0;877.0;222.0;947.0;734.0;1006.0;907.0;188.0;205.0;857.0;753.0;115.0;774.0;740.0;1047.0;591.0;840.0;903.0;713.0;193.0;205.0;917.0;973.0;874.0;378.0;1067.0;915.0;997.0;910.0;945.0;760.0;908.0;955.0;923.0;717.0;144.0;180.0;704.0;1099.0;843.0;783.0;877.0;186.0;391.0;906.0;181.0;810.0;371.0;869.0;1037.0;865.0;118.0;784.0;891.0;978.0;833.0;874.0
11;732.0;1066.0;1207.0;923.0;369.0;94.0;1156.0;1008.0;982.0;966.0;190.0;0.0;105.0;992.0;415.0;910.0;1186.0;447.0;280.0;1025.0;152.0;1049.0;951.0;1027.0;982.0;1029.0;504.0;320.0;48.0;957.0;1031.0;159.0;144.0;937.0;871.0;933.0;1128.0;1014.0;1024.0;905.0;444.0;981.0;951.0;1025.0;1060.0;108.0;166.0;1093.0;61.0;1139.0;934.0;944.0;880.0;864.0;899.0;447.0;1019.0;214.0;58.0;1037.0;1134.0;1192.0;338.0;58.0;1068.0;329.0;976.0;337.0;294.0;1131.0;119.0;904.0;374.0;850.0;141.0;1113.0;541.0;97.0;299.0;67.0;1045.0;1154.0;954.0;783.0;34.0;303.0;1083.0;947.0;256.0;1023.0;1053.0;888.0;565.0;951.0;822.0;978.0;1060.0;840.0;791.0;1138.0;1212.0;924.0;1110.0;981.0;967.0;906.0;278.0;1160.0;1061.0;367.0;1082.0;618.0;1032.0;67.0;1043.0;866.0;938.0;1166.0;925.0;1080.0;842.0;292.0;1068.0;910.0;1077.0;403.0;1157.0;1019.0;996.0;354.0;842.0;991.0;977.0;1156.0;973.0;870.0;881.0;1075.0;1228.0;1095.0;911.0;1094.0;408.0;1085.0;1011.0;377.0;1050.0;839.0;1124.0;1008.0;367.0;333.0;951.0;869.0;304.0;902.0;855.0;1180.0;738.0;946.0;1038.0;851.0;28.0;184.0;1047.0;1109.0;989.0;552.0;1202.0;1065.0;1137.0;1060.0;1097.0;874.0;1043.0;1073.0;1039.0;858.0;52.0;31.0;820.0;1235.0;918.0;901.0;996.0;60.0;579.0;975.0;137.0;942.0;504.0;968.0;1159.0;943.0;223.0;893.0;1051.0;1100.0;951.0;994.0
12;633.0;979.0;1124.0;839.0;267.0;48.0;1067.0;945.0;904.0;876.0;88.0;105.0;0.0;911.0;314.0;823.0;1099.0;345.0;180.0;958.0;47.0;964.0;865.0;932.0;906.0;954.0;399.0;217.0;73.0;864.0;959.0;65.0;41.0;850.0;783.0;853.0;1045.0;934.0;960.0;848.0;340.0;904.0;882.0;952.0;971.0;29.0;111.0;1009.0;57.0;1046.0;853.0;858.0;843.0;801.0;824.0;344.0;938.0;156.0;60.0;943.0;1050.0;1102.0;248.0;57.0;983.0;229.0;899.0;251.0;214.0;1044.0;92.0;818.0;277.0;771.0;46.0;1023.0;438.0;76.0;195.0;90.0;956.0;1067.0;884.0;707.0;76.0;200.0;995.0;885.0;154.0;958.0;967.0;798.0;462.0;870.0;744.0;894.0;979.0;769.0;714.0;1052.0;1126.0;851.0;1019.0;913.0;885.0;824.0;174.0;1079.0;972.0;265.0;993.0;516.0;945.0;53.0;968.0;789.0;854.0;1077.0;828.0;987.0;762.0;189.0;992.0;850.0;991.0;300.0;1071.0;937.0;914.0;252.0;767.0;925.0;907.0;1069.0;911.0;789.0;789.0;994.0;1142.0;1008.0;844.0;1012.0;305.0;1004.0;925.0;279.0;979.0;765.0;1045.0;937.0;263.0;243.0;883.0;790.0;200.0;818.0;777.0;1095.0;646.0;872.0;951.0;763.0;112.0;157.0;963.0;1023.0;911.0;450.0;1116.0;972.0;1049.0;967.0;1004.0;796.0;957.0;994.0;961.0;769.0;56.0;92.0;741.0;1149.0;859.0;822.0;916.0;100.0;474.0;919.0;118.0;856.0;416.0;898.0;1078.0;882.0;134.0;818.0;955.0;1020.0;872.0;914.0
13;824.0;122.0;219.0;85.0;691.0;900.0;213.0;227.0;32.0;147.0;870.0;992.0;911.0;0.0;638.0;116.0;218.0;627.0;846.0;190.0;878.0;76.0;90.0;241.0;67.0;88.0;665.0;730.0;944.0;204.0;133.0;907.0;892.0;104.0;167.0;60.0;140.0;23.0;225.0;291.0;747.0;60.0;145.0;114.0;150.0;893.0;826.0;110.0;932.0;260.0;58.0;92.0;472.0;238.0;114.0;642.0;27.0;780.0;935.0;240.0;152.0;252.0;664.0;935.0;96.0;703.0;61.0;661.0;700.0;170.0;875.0;113.0;651.0;142.0;866.0;189.0;732.0;896.0;786.0;1001.0;146.0;186.0;147.0;214.0;959.0;741.0;143.0;230.0;776.0;207.0;106.0;180.0;711.0;43.0;171.0;48.0;68.0;187.0;206.0;165.0;231.0;121.0;201.0;168.0;33.0;89.0;769.0;168.0;161.0;684.0;166.0;501.0;103.0;926.0;98.0;135.0;71.0;222.0;291.0;226.0;150.0;814.0;110.0;251.0;114.0;758.0;178.0;33.0;12.0;696.0;163.0;184.0;133.0;193.0;226.0;123.0;200.0;83.0;247.0;141.0;187.0;103.0;668.0;94.0;84.0;650.0;136.0;174.0;136.0;128.0;705.0;670.0;164.0;124.0;793.0;100.0;140.0;202.0;307.0;104.0;97.0;179.0;1013.0;823.0;79.0;148.0;44.0;554.0;224.0;209.0;189.0;208.0;240.0;123.0;97.0;88.0;59.0;187.0;943.0;963.0;173.0;260.0;268.0;92.0;17.0;941.0;649.0;301.0;863.0;83.0;499.0;137.0;167.0;250.0;777.0;118.0;284.0;108.0;47.0;11.0
14;428.0;688.0;838.0;558.0;54.0;324.0;770.0;724.0;637.0;579.0;248.0;415.0;314.0;638.0;0.0;537.0;806.0;37.0;209.0;726.0;270.0;680.0;578.0;624.0;647.0;696.0;135.0;100.0;372.0;559.0;712.0;286.0;282.0;562.0;491.0;585.0;762.0;661.0;737.0;654.0;156.0;644.0;643.0;701.0;674.0;307.0;279.0;725.0;356.0;741.0;582.0;571.0;711.0;588.0;570.0;51.0;664.0;255.0;359.0;635.0;764.0;803.0;113.0;358.0;698.0;86.0;639.0;131.0;171.0;751.0;324.0;534.0;53.0;507.0;273.0;725.0;220.0;335.0;149.0;398.0;659.0;775.0;645.0;458.0;382.0;115.0;701.0;669.0;160.0;730.0;677.0;501.0;227.0;595.0;483.0;612.0;702.0;532.0;463.0;763.0;836.0;604.0;719.0;679.0;608.0;550.0;143.0;802.0;674.0;50.0;695.0;203.0;654.0;349.0;710.0;534.0;574.0;779.0;516.0;682.0;496.0;176.0;733.0;642.0;702.0;142.0;783.0;659.0;639.0;63.0;517.0;694.0;664.0;776.0;693.0;518.0;490.0;716.0;852.0;716.0;616.0;733.0;37.0;727.0;636.0;49.0;729.0;520.0;774.0;691.0;67.0;114.0;649.0;527.0;155.0;539.0;516.0;805.0;346.0;622.0;662.0;472.0;426.0;314.0;678.0;732.0;647.0;138.0;826.0;668.0;753.0;664.0;698.0;536.0;668.0;725.0;693.0;475.0;362.0;393.0;480.0;857.0;656.0;555.0;646.0;384.0;204.0;723.0;328.0;572.0;155.0;657.0;803.0;673.0;199.0;564.0;644.0;745.0;605.0;643.0
15;708.0;157.0;302.0;34.0;590.0;816.0;250.0;315.0;132.0;81.0;776.0;910.0;823.0;116.0;537.0;0.0;277.0;522.0;745.0;286.0;787.0;144.0;41.0;187.0;162.0;199.0;553.0;632.0;862.0;122.0;238.0;813.0;801.0;28.0;51.0;94.0;225.0;137.0;317.0;344.0;637.0;155.0;218.0;221.0;156.0;807.0;745.0;188.0;849.0;258.0;84.0;35.0;515.0;272.0;142.0;536.0;138.0;701.0;852.0;191.0;227.0;288.0;575.0;852.0;161.0;607.0;153.0;574.0;616.0;221.0;796.0;12.0;555.0;107.0;778.0;210.0;618.0;815.0;685.0;913.0;143.0;244.0;221.0;173.0;876.0;644.0;175.0;298.0;681.0;301.0;144.0;66.0;596.0;79.0;126.0;78.0;170.0;193.0;165.0;229.0;303.0;176.0;212.0;252.0;83.0;60.0;672.0;267.0;161.0;585.0;179.0;388.0;122.0;843.0;212.0;131.0;46.0;260.0;193.0;205.0;102.0;713.0;226.0;305.0;167.0;651.0;248.0;128.0;112.0;596.0;153.0;270.0;218.0;247.0;303.0;78.0;86.0;182.0;319.0;185.0;240.0;198.0;565.0;193.0;102.0;554.0;246.0;170.0;245.0;226.0;604.0;580.0;236.0;104.0;692.0;37.0;117.0;271.0;195.0;173.0;128.0;66.0;928.0;748.0;141.0;200.0;147.0;443.0;293.0;186.0;229.0;183.0;223.0;115.0;133.0;201.0;175.0;71.0;859.0;881.0;128.0;326.0;324.0;92.0;131.0;861.0;535.0;374.0;786.0;36.0;407.0;218.0;269.0;315.0;690.0;140.0;231.0;213.0;109.0;125.0
16;901.0;120.0;67.0;266.0;860.0;1092.0;51.0;390.0;243.0;228.0;1049.0;1186.0;1099.0;218.0;806.0;277.0;0.0;788.0;1013.0;345.0;1062.0;145.0;235.0;226.0;267.0;245.0;804.0;903.0;1138.0;260.0;286.0;1087.0;1076.0;249.0;317.0;275.0;91.0;202.0;379.0;487.0;891.0;262.0;342.0;273.0;133.0;1083.0;1022.0;109.0;1125.0;137.0;270.0;243.0;666.0;448.0;332.0;800.0;196.0;977.0;1128.0;216.0;69.0;60.0;851.0;1128.0;125.0;880.0;266.0;850.0;892.0;55.0;1072.0;283.0;828.0;352.0;1054.0;91.0;856.0;1091.0;955.0;1188.0;148.0;33.0;343.0;426.0;1152.0;916.0;105.0;418.0;955.0;362.0;133.0;305.0;831.0;249.0;380.0;214.0;159.0;405.0;418.0;52.0;39.0;333.0;106.0;348.0;231.0;290.0;945.0;114.0;137.0;855.0;115.0;637.0;154.0;1119.0;241.0;352.0;252.0;48.0;338.0;163.0;356.0;981.0;224.0;448.0;111.0;910.0;43.0;185.0;209.0;867.0;380.0;357.0;320.0;30.0;404.0;327.0;318.0;145.0;50.0;91.0;392.0;128.0;831.0;140.0;175.0;827.0;272.0;392.0;156.0;297.0;872.0;856.0;358.0;337.0;960.0;288.0;354.0;28.0;460.0;312.0;148.0;337.0;1205.0;1024.0;144.0;77.0;246.0;699.0;28.0;165.0;56.0;169.0;159.0;338.0;144.0;180.0;203.0;332.0;1136.0;1158.0;382.0;51.0;461.0;305.0;224.0;1138.0;771.0;475.0;1062.0;246.0;683.0;328.0;123.0;437.0;966.0;336.0;244.0;142.0;264.0;221.0
17;396.0;671.0;823.0;545.0;78.0;357.0;751.0;724.0;628.0;560.0;274.0;447.0;345.0;627.0;37.0;522.0;788.0;0.0;225.0;723.0;300.0;666.0;563.0;601.0;640.0;688.0;102.0;128.0;405.0;538.0;707.0;313.0;311.0;547.0;475.0;576.0;748.0;650.0;736.0;659.0;140.0;636.0;640.0;695.0;656.0;339.0;315.0;711.0;388.0;718.0;572.0;557.0;726.0;591.0;565.0;21.0;653.0;292.0;392.0;612.0;748.0;783.0;150.0;391.0;683.0;121.0;632.0;167.0;208.0;734.0;360.0;521.0;90.0;500.0;306.0;706.0;191.0;370.0;169.0;427.0;640.0;758.0;643.0;455.0;414.0;145.0;684.0;671.0;191.0;729.0;661.0;483.0;195.0;584.0;477.0;599.0;690.0;531.0;459.0;746.0;820.0;600.0;699.0;677.0;597.0;539.0;171.0;789.0;654.0;80.0;676.0;172.0;637.0;382.0;703.0;528.0;561.0;760.0;491.0;660.0;488.0;193.0;724.0;646.0;686.0;136.0;766.0;647.0;627.0;93.0;514.0;692.0;660.0;758.0;694.0;509.0;471.0;703.0;835.0;699.0;616.0;720.0;43.0;714.0;621.0;86.0;723.0;518.0;763.0;686.0;86.0;151.0;648.0;520.0;173.0;527.0;510.0;789.0;329.0;617.0;646.0;457.0;457.0;350.0;663.0;715.0;638.0;105.0;809.0;647.0;735.0;642.0;676.0;529.0;652.0;714.0;683.0;458.0;395.0;426.0;474.0;839.0;661.0;547.0;636.0;418.0;168.0;727.0;364.0;558.0;162.0;653.0;790.0;676.0;234.0;558.0;619.0;733.0;596.0;632.0
18;453.0;895.0;1046.0;767.0;155.0;218.0;975.0;922.0;845.0;785.0;93.0;280.0;180.0;846.0;209.0;745.0;1013.0;225.0;0.0;927.0;137.0;889.0;786.0;824.0;854.0;903.0;243.0;122.0;253.0;762.0;917.0;121.0;139.0;770.0;699.0;793.0;970.0;869.0;936.0;843.0;169.0;851.0;845.0;907.0;880.0;194.0;229.0;933.0;237.0;942.0;790.0;780.0;875.0;783.0;776.0;214.0;873.0;245.0;241.0;835.0;972.0;1007.0;217.0;237.0;906.0;155.0;846.0;233.0;229.0;958.0;248.0;742.0;202.0;714.0;167.0;930.0;263.0;243.0;62.0;237.0;865.0;982.0;848.0;661.0;256.0;117.0;908.0;866.0;111.0;931.0;885.0;708.0;289.0;803.0;689.0;821.0;911.0;733.0;667.0;970.0;1044.0;809.0;923.0;881.0;817.0;758.0;97.0;1011.0;879.0;163.0;901.0;389.0;861.0;232.0;917.0;739.0;782.0;984.0;712.0;884.0;703.0;33.0;940.0;836.0;910.0;130.0;990.0;868.0;847.0;152.0;722.0;895.0;868.0;983.0;890.0;726.0;695.0;925.0;1059.0;923.0;816.0;941.0;181.0;935.0;844.0;202.0;934.0;724.0;982.0;896.0;141.0;213.0;851.0;734.0;53.0;748.0;723.0;1013.0;553.0;827.0;870.0;680.0;279.0;284.0;886.0;939.0;855.0;321.0;1033.0;871.0;959.0;866.0;899.0;743.0;875.0;933.0;901.0;682.0;236.0;272.0;687.0;1063.0;848.0;763.0;854.0;278.0;312.0;913.0;267.0;780.0;355.0;860.0;1011.0;867.0;170.0;769.0;840.0;953.0;813.0;851.0
19;979.0;295.0;308.0;252.0;775.0;937.0;363.0;45.0;161.0;336.0;933.0;1025.0;958.0;190.0;726.0;286.0;345.0;723.0;927.0;0.0;932.0;245.0;274.0;430.0;126.0;110.0;781.0;806.0;978.0;392.0;62.0;966.0;946.0;285.0;330.0;193.0;254.0;184.0;36.0;159.0;856.0;134.0;84.0;79.0;330.0;935.0;860.0;250.0;968.0;432.0;202.0;273.0;327.0;163.0;167.0;742.0;188.0;811.0;970.0;428.0;278.0;397.0;723.0;972.0;256.0;774.0;135.0;714.0;745.0;318.0;906.0;277.0;725.0;236.0;913.0;356.0;859.0;928.0;865.0;1045.0;330.0;322.0;81.0;269.0;993.0;814.0;312.0;91.0;840.0;18.0;282.0;352.0;843.0;211.0;253.0;237.0;202.0;194.0;264.0;301.0;337.0;128.0;372.0;46.0;215.0;231.0;839.0;240.0;342.0;766.0;341.0;630.0;287.0;963.0;108.0;202.0;244.0;371.0;476.0;409.0;250.0;895.0;121.0;130.0;277.0;859.0;302.0;208.0;201.0;775.0;211.0;34.0;70.0;331.0;68.0;242.0;372.0;210.0;349.0;302.0;114.0;222.0;760.0;211.0;272.0;726.0;73.0;206.0;192.0;62.0;791.0;729.0;76.0;219.0;875.0;255.0;223.0;319.0;440.0;118.0;278.0;333.0;1048.0;844.0;251.0;300.0;147.0;671.0;336.0;393.0;342.0;393.0;421.0;207.0;276.0;167.0;157.0;348.0;981.0;994.0;255.0;367.0;135.0;205.0;173.0;968.0;781.0;131.0;889.0;262.0;573.0;74.0;232.0;106.0;827.0;173.0;473.0;203.0;177.0;179.0
20;588.0;943.0;1089.0;804.0;221.0;81.0;1029.0;921.0;872.0;838.0;45.0;152.0;47.0;878.0;270.0;787.0;1062.0;300.0;137.0;932.0;0.0;929.0;829.0;891.0;875.0;923.0;352.0;172.0;118.0;824.0;931.0;42.0;14.0;814.0;746.0;821.0;1010.0;901.0;936.0;828.0;294.0;874.0;854.0;923.0;933.0;57.0;115.0;974.0;101.0;1006.0;820.0;822.0;832.0;777.0;794.0;298.0;905.0;150.0;105.0;902.0;1014.0;1064.0;214.0;102.0;948.0;186.0;869.0;219.0;188.0;1007.0;116.0;783.0;236.0;739.0;36.0;985.0;392.0;107.0;148.0;128.0;918.0;1031.0;857.0;677.0;123.0;155.0;958.0;861.0;110.0;933.0;931.0;760.0;415.0;836.0;712.0;859.0;945.0;741.0;684.0;1016.0;1090.0;823.0;981.0;887.0;851.0;790.0;129.0;1046.0;934.0;220.0;955.0;472.0;908.0;96.0;938.0;759.0;820.0;1039.0;786.0;948.0;730.0;143.0;962.0;827.0;955.0;253.0;1035.0;903.0;881.0;208.0;738.0;899.0;879.0;1032.0;887.0;755.0;750.0;960.0;1106.0;971.0;818.0;978.0;259.0;970.0;889.0;238.0;950.0;736.0;1013.0;909.0;217.0;209.0;857.0;759.0;153.0;784.0;745.0;1059.0;607.0;843.0;915.0;726.0;158.0;168.0;928.0;986.0;880.0;405.0;1080.0;933.0;1012.0;928.0;964.0;765.0;921.0;962.0;929.0;731.0;102.0;138.0;709.0;1112.0;837.0;790.0;884.0;142.0;427.0;899.0;139.0;821.0;380.0;870.0;1045.0;860.0;106.0;788.0;913.0;987.0;840.0;882.0
21;828.0;50.0;159.0;126.0;734.0;955.0;137.0;286.0;105.0;129.0;919.0;1049.0;964.0;76.0;680.0;144.0;145.0;666.0;889.0;245.0;929.0;0.0;103.0;195.0;136.0;135.0;693.0;775.0;1001.0;182.0;183.0;956.0;943.0;119.0;191.0;131.0;82.0;67.0;281.0;363.0;779.0;130.0;216.0;166.0;85.0;947.0;883.0;45.0;988.0;190.0;125.0;109.0;545.0;313.0;189.0;680.0;61.0;838.0;991.0;191.0;86.0;177.0;716.0;991.0;21.0;750.0;132.0;714.0;755.0;95.0;933.0;147.0;698.0;207.0;919.0;115.0;754.0;953.0;829.0;1054.0;88.0;113.0;218.0;281.0;1015.0;787.0;70.0;299.0;824.0;263.0;37.0;190.0;732.0;104.0;235.0;71.0;48.0;262.0;273.0;93.0;164.0;196.0;130.0;232.0;86.0;146.0;815.0;126.0;98.0;728.0;96.0;527.0;49.0;982.0;139.0;207.0;111.0;147.0;272.0;164.0;212.0;856.0;136.0;323.0;38.0;793.0;109.0;44.0;66.0;740.0;235.0;246.0;199.0;118.0;292.0;183.0;208.0;51.0;180.0;65.0;261.0;59.0;708.0;59.0;50.0;697.0;178.0;248.0;116.0;186.0;747.0;721.0;234.0;192.0;835.0;147.0;208.0;133.0;338.0;178.0;38.0;209.0;1068.0;883.0;6.0;72.0;113.0;585.0;156.0;150.0;113.0;150.0;176.0;193.0;33.0;91.0;89.0;209.0;999.0;1020.0;238.0;190.0;339.0;160.0;86.0;999.0;670.0;367.0;922.0;109.0;549.0;206.0;129.0;319.0;830.0;193.0;234.0;81.0;121.0;82.0
22;737.0;116.0;261.0;40.0;631.0;857.0;211.0;307.0;113.0;65.0;817.0;951.0;865.0;90.0;578.0;41.0;235.0;563.0;786.0;274.0;829.0;103.0;0.0;171.0;148.0;178.0;591.0;673.0;903.0;119.0;221.0;855.0;842.0;16.0;88.0;91.0;185.0;107.0;307.0;350.0;676.0;140.0;215.0;203.0;119.0;848.0;786.0;148.0;890.0;226.0;80.0;7.0;527.0;284.0;150.0;577.0;107.0;742.0;893.0;172.0;186.0;250.0;616.0;893.0;120.0;648.0;139.0;615.0;657.0;180.0;837.0;48.0;596.0;133.0;819.0;172.0;654.0;856.0;726.0;954.0;107.0;203.0;217.0;204.0;917.0;685.0;134.0;299.0;723.0;290.0;103.0;92.0;632.0;65.0;157.0;44.0;133.0;212.0;197.0;188.0;261.0;177.0;176.0;245.0;60.0;73.0;714.0;228.0;126.0;626.0;141.0;425.0;82.0;884.0;189.0;149.0;35.0;221.0;202.0;177.0;132.0;754.0;199.0;311.0;126.0;690.0;207.0;93.0;83.0;638.0;175.0;262.0;210.0;206.0;300.0;104.0;112.0;145.0;278.0;144.0;245.0;159.0;605.0;155.0;60.0;595.0;225.0;191.0;210.0;212.0;645.0;622.0;234.0;125.0;733.0;59.0;140.0;230.0;235.0;169.0;87.0;106.0;970.0;789.0;100.0;158.0;128.0;482.0;251.0;158.0;189.0;155.0;194.0;132.0;92.0;169.0;146.0;107.0;901.0;923.0;159.0;285.0;330.0;103.0;106.0;902.0;570.0;374.0;827.0;16.0;449.0;212.0;230.0;317.0;731.0;150.0;215.0;176.0;99.0;100.0
23;675.0;154.0;285.0;208.0;677.0;933.0;177.0;468.0;272.0;107.0;872.0;1027.0;932.0;241.0;624.0;187.0;226.0;601.0;824.0;430.0;891.0;195.0;171.0;0.0;308.0;323.0;600.0;724.0;980.0;76.0;371.0;911.0;904.0;169.0;189.0;261.0;243.0;247.0;466.0;521.0;688.0;300.0;382.0;353.0;116.0;920.0;869.0;216.0;966.0;119.0;250.0;175.0;697.0;454.0;321.0;610.0;244.0;829.0;969.0;11.0;227.0;196.0;689.0;969.0;193.0;705.0;300.0;692.0;738.0;186.0;920.0;199.0;656.0;293.0;889.0;136.0;642.0;936.0;770.0;1020.0;109.0;207.0;384.0;356.0;993.0;739.0;148.0;467.0;782.0;448.0;160.0;158.0;616.0;232.0;311.0;197.0;243.0;379.0;349.0;209.0;265.0;347.0;120.0;408.0;222.0;241.0;767.0;294.0;105.0;675.0;121.0;437.0;147.0;960.0;330.0;317.0;206.0;183.0;117.0;65.0;288.0;794.0;331.0;481.0;178.0;711.0;228.0;224.0;230.0;687.0;340.0;425.0;373.0;202.0;466.0;265.0;157.0;244.0;276.0;167.0;415.0;245.0;644.0;250.0;159.0;653.0;370.0;357.0;304.0;368.0;687.0;694.0;401.0;290.0;773.0;221.0;304.0;241.0;291.0;337.0;158.0;207.0;1042.0;881.0;189.0;181.0;285.0;503.0;253.0;61.0;172.0;57.0;77.0;300.0;162.0;286.0;280.0;190.0;975.0;1001.0;313.0;272.0;499.0;272.0;258.0;985.0;559.0;540.0;914.0;186.0;526.0;377.0;301.0;485.0;803.0;321.0;45.0;270.0;267.0;252.0
24;865.0;186.0;253.0;127.0;699.0;891.0;270.0;161.0;36.0;210.0;871.0;982.0;906.0;67.0;647.0;162.0;267.0;640.0;854.0;126.0;875.0;136.0;148.0;308.0;0.0;49.0;686.0;735.0;934.0;266.0;77.0;906.0;889.0;158.0;208.0;72.0;179.0;70.0;160.0;227.0;766.0;8.0;80.0;60.0;216.0;885.0;815.0;158.0;923.0;325.0;80.0;147.0;408.0;181.0;82.0;656.0;75.0;768.0;925.0;306.0;197.0;308.0;662.0;926.0;153.0;705.0;9.0;656.0;692.0;225.0;863.0;154.0;655.0;140.0;860.0;252.0;759.0;885.0;792.0;995.0;213.0;237.0;82.0;199.0;949.0;745.0;206.0;164.0;776.0;143.0;171.0;228.0;740.0;85.0;165.0;112.0;108.0;149.0;192.0;216.0;272.0;68.0;265.0;101.0;88.0;112.0;772.0;191.0;228.0;691.0;231.0;528.0;169.0;917.0;63.0;116.0;119.0;279.0;349.0;293.0;151.0;821.0;87.0;187.0;174.0;774.0;224.0;93.0;79.0;702.0;139.0;117.0;66.0;245.0;159.0;133.0;248.0;122.0;287.0;200.0;126.0;140.0;679.0;128.0;151.0;654.0;87.0;144.0;147.0;65.0;714.0;667.0;98.0;120.0;800.0;134.0;131.0;247.0;333.0;46.0;163.0;215.0;1003.0;807.0;141.0;204.0;24.0;575.0;268.0;276.0;247.0;275.0;307.0;111.0;162.0;98.0;67.0;228.0;934.0;952.0;167.0;302.0;203.0;94.0;52.0;928.0;678.0;234.0;850.0;136.0;501.0;71.0;187.0;183.0;772.0;88.0;351.0;134.0;53.0;57.0
25;906.0;185.0;221.0;166.0;748.0;938.0;257.0;152.0;67.0;235.0;919.0;1029.0;954.0;88.0;696.0;199.0;245.0;688.0;903.0;110.0;923.0;135.0;178.0;323.0;49.0;0.0;734.0;784.0;981.0;292.0;48.0;954.0;937.0;191.0;249.0;116.0;154.0;76.0;146.0;242.0;814.0;52.0;101.0;31.0;220.0;933.0;862.0;143.0;970.0;323.0;122.0;179.0;421.0;210.0;130.0;705.0;80.0;815.0;972.0;321.0;176.0;293.0;710.0;973.0;147.0;754.0;57.0;704.0;740.0;212.0;911.0;194.0;703.0;188.0;908.0;247.0;805.0;932.0;841.0;1043.0;221.0;219.0;101.0;247.0;996.0;793.0;203.0;173.0;825.0;128.0;172.0;265.0;786.0;121.0;214.0;136.0;94.0;192.0;240.0;197.0;245.0;107.0;263.0;103.0;118.0;156.0;820.0;155.0;233.0;740.0;231.0;574.0;178.0;964.0;15.0;165.0;154.0;266.0;379.0;299.0;200.0;870.0;39.0;204.0;168.0;822.0;202.0;100.0;97.0;750.0;187.0;114.0;76.0;228.0;161.0;180.0;285.0;103.0;259.0;194.0;152.0;118.0;728.0;106.0;165.0;703.0;48.0;190.0;107.0;53.0;763.0;716.0;115.0;168.0;849.0;175.0;180.0;222.0;379.0;85.0;169.0;257.0;1051.0;854.0;141.0;193.0;53.0;622.0;242.0;284.0;236.0;284.0;311.0;160.0;166.0;66.0;47.0;268.0;982.0;999.0;216.0;275.0;216.0;142.0;71.0;975.0;724.0;234.0;896.0;169.0;550.0;85.0;149.0;192.0;820.0;136.0;365.0;104.0;96.0;77.0
26;293.0;691.0;845.0;580.0;149.0;422.0;762.0;787.0;670.0;577.0;317.0;504.0;399.0;665.0;135.0;553.0;804.0;102.0;243.0;781.0;352.0;693.0;591.0;600.0;686.0;734.0;0.0;192.0;467.0;546.0;758.0;354.0;361.0;575.0;503.0;618.0;774.0;687.0;798.0;733.0;88.0;682.0;697.0;744.0;671.0;401.0;393.0;737.0;450.0;719.0;614.0;586.0;814.0;661.0;617.0;85.0;689.0;378.0;454.0;611.0;772.0;791.0;246.0;451.0;708.0;201.0;678.0;265.0;301.0;751.0;433.0;553.0;186.0;549.0;367.0;717.0;91.0;439.0;205.0;472.0;656.0;775.0;700.0;515.0;474.0;209.0;701.0;738.0;254.0;789.0;683.0;504.0;93.0;622.0;529.0;631.0;723.0;593.0;518.0;767.0;838.0;655.0;707.0;736.0;632.0;580.0;229.0;819.0;667.0;158.0;689.0;167.0;659.0;444.0;748.0;581.0;595.0;771.0;484.0;663.0;537.0;219.0;768.0;716.0;709.0;116.0;787.0;681.0;663.0;167.0;570.0;752.0;715.0;775.0;759.0;553.0;489.0;735.0;853.0;718.0;679.0;750.0;113.0;746.0;646.0;182.0;773.0;577.0;798.0;738.0;144.0;246.0;707.0;569.0;203.0;564.0;561.0;808.0;358.0;669.0;669.0;487.0;509.0;435.0;690.0;734.0;682.0;111.0;827.0;652.0;749.0;647.0;677.0;579.0;675.0;752.0;723.0;484.0;454.0;488.0;527.0;854.0;732.0;592.0;676.0;485.0;76.0;799.0;442.0;589.0;249.0;709.0;821.0;744.0;311.0;611.0;611.0;766.0;639.0;671.0
27;464.0;785.0;934.0;652.0;50.0;233.0;868.0;801.0;727.0;677.0;148.0;320.0;217.0;730.0;100.0;632.0;903.0;128.0;122.0;806.0;172.0;775.0;673.0;724.0;735.0;784.0;192.0;0.0;279.0;659.0;797.0;187.0;183.0;658.0;588.0;675.0;857.0;753.0;814.0;721.0;161.0;732.0;724.0;787.0;772.0;213.0;201.0;820.0;262.0;840.0;673.0;667.0;759.0;661.0;656.0;127.0;756.0;192.0;266.0;735.0;859.0;901.0;102.0;264.0;793.0;35.0;727.0;121.0;134.0;848.0;241.0;629.0;81.0;596.0;179.0;823.0;253.0;248.0;60.0;299.0;757.0;872.0;727.0;541.0;288.0;17.0;799.0;744.0;64.0;809.0;773.0;599.0;270.0;687.0;570.0;707.0;795.0;612.0;547.0;859.0;933.0;688.0;818.0;760.0;701.0;642.0;44.0;896.0;772.0;50.0;793.0;300.0;751.0;256.0;798.0;620.0;667.0;877.0;616.0;782.0;585.0;90.0;821.0;714.0;798.0;126.0;879.0;753.0;731.0;37.0;602.0;773.0;747.0;873.0;768.0;609.0;588.0;809.0;949.0;813.0;694.0;827.0;88.0;820.0;732.0;81.0;814.0;603.0;866.0;775.0;48.0;98.0;729.0;616.0;71.0;632.0;604.0;902.0;444.0;707.0;758.0;568.0;329.0;246.0;773.0;828.0;736.0;233.0;923.0;768.0;851.0;763.0;798.0;624.0;764.0;816.0;784.0;572.0;268.0;301.0;567.0;954.0;727.0;645.0;737.0;294.0;268.0;792.0;250.0;667.0;234.0;739.0;896.0;746.0;120.0;650.0;744.0;838.0;695.0;734.0
28;706.0;1019.0;1160.0;875.0;328.0;48.0;1109.0;961.0;934.0;919.0;161.0;48.0;73.0;944.0;372.0;862.0;1138.0;405.0;253.0;978.0;118.0;1001.0;903.0;980.0;934.0;981.0;467.0;279.0;0.0;910.0;983.0;136.0;114.0;889.0;824.0;885.0;1080.0;966.0;977.0;859.0;411.0;933.0;904.0;977.0;1013.0;66.0;119.0;1045.0;17.0;1092.0;886.0;896.0;838.0;818.0;851.0;406.0;971.0;167.0;13.0;991.0;1086.0;1145.0;292.0;16.0;1020.0;285.0;928.0;289.0;246.0;1083.0;72.0;856.0;330.0;803.0;100.0;1066.0;509.0;50.0;264.0;86.0;998.0;1106.0;906.0;736.0;16.0;262.0;1035.0;900.0;215.0;977.0;1006.0;841.0;532.0;903.0;775.0;930.0;1012.0;793.0;743.0;1091.0;1164.0;877.0;1063.0;934.0;920.0;858.0;238.0;1112.0;1014.0;325.0;1035.0;575.0;984.0;23.0;995.0;818.0;890.0;1119.0;879.0;1034.0;795.0;261.0;1020.0;864.0;1029.0;370.0;1109.0;971.0;948.0;313.0;795.0;944.0;930.0;1109.0;927.0;822.0;834.0;1027.0;1180.0;1047.0;864.0;1046.0;367.0;1038.0;963.0;333.0;1003.0;791.0;1076.0;961.0;327.0;287.0;904.0;821.0;271.0;854.0;807.0;1133.0;691.0;898.0;990.0;803.0;71.0;140.0;1000.0;1062.0;941.0;510.0;1154.0;1018.0;1090.0;1013.0;1050.0;826.0;995.0;1025.0;992.0;811.0;19.0;22.0;772.0;1188.0;872.0;853.0;948.0;31.0;542.0;930.0;93.0;894.0;457.0;921.0;1111.0;897.0;178.0;845.0;1005.0;1052.0;903.0;946.0
