Vehicle:
Average speed:;1314
Time limit:;441.471
Fuel comsumption rate:;1
Fuel Capacity:;14470
Depot:
ID;X;Y;Service Time
0;0;0;0
Customers:
ID;X;Y;Service Time
1;51;570;12.1667
2;691;985;12.1667
5;434;289;12.1667
6;427;584;12.1667
7;342;576;12.1667
8;790;87;12.1667
9;312;475;12.1667
10;908;531;12.1667
11;840;566;12.1667
12;863;232;12.1667
13;284;833;12.1667
14;515;175;12.1667
15;9;243;12.1667
16;768;209;12.1667
17;777;582;12.1667
18;84;508;12.1667
20;255;267;12.1667
21;544;961;12.1667
23;57;588;12.1667
25;168;722;12.1667
26;726;406;12.1667
27;223;385;12.1667
28;495;70;12.1667
29;560;632;12.1667
30;235;655;12.1667
31;643;127;12.1667
32;765;267;12.1667
33;459;976;12.1667
34;585;962;12.1667
35;154;796;12.1667
36;650;444;12.1667
38;377;19;12.1667
39;178;633;12.1667
40;917;803;12.1667
41;871;677;12.1667
42;667;164;12.1667
43;208;651;12.1667
45;503;680;12.1667
47;322;123;12.1667
48;677;829;12.1667
49;878;407;12.1667
50;223;251;12.1667
51;671;94;12.1667
52;218;351;12.1667
53;375;220;12.1667
54;367;567;12.1667
55;986;869;12.1667
56;236;769;12.1667
58;761;712;12.1667
59;75;520;12.1667
60;14;737;12.1667
61;895;632;12.1667
62;224;725;12.1667
64;36;300;12.1667
65;817;531;12.1667
66;31;283;12.1667
67;209;574;12.1667
68;490;395;12.1667
69;659;121;12.1667
70;410;207;12.1667
71;761;450;12.1667
72;768;348;12.1667
73;873;349;12.1667
74;439;179;12.1667
76;886;558;12.1667
77;151;752;12.1667
79;897;547;12.1667
81;607;437;12.1667
82;202;433;12.1667
83;642;100;12.1667
84;180;703;12.1667
85;873;595;12.1667
87;466;416;12.1667
88;124;311;12.1667
90;8;357;12.1667
91;51;200;12.1667
92;899;471;12.1667
94;482;432;12.1667
95;991;388;12.1667
96;933;309;12.1667
97;649;131;12.1667
98;497;404;12.1667
99;626;195;12.1667
100;807;375;12.1667
101;776;626;12.1667
102;624;275;12.1667
104;877;515;12.1667
105;821;533;12.1667
106;456;317;12.1667
107;625;410;12.1667
108;783;403;12.1667
109;662;97;12.1667
112;766;340;12.1667
113;206;385;12.1667
114;822;285;12.1667
115;571;304;12.1667
116;934;461;12.1667
117;533;242;12.1667
118;442;24;12.1667
120;675;92;12.1667
121;467;432;12.1667
122;575;338;12.1667
123;385;239;12.1667
124;272;512;12.1667
125;567;124;12.1667
126;738;447;12.1667
127;379;165;12.1667
128;610;408;12.1667
AFSs:
ID;X;Y;Service Time
3;66;119;65.7
4;502;415;65.7
19;380;523;65.7
22;408;661;65.7
24;278;44;65.7
37;931;52;65.7
44;35;437;65.7
46;462;870;65.7
57;202;998;65.7
63;328;387;65.7
75;51;269;65.7
78;208;186;65.7
80;469;396;65.7
86;103;184;65.7
89;71;321;65.7
93;67;236;65.7
103;55;288;65.7
110;733;533;65.7
111;499;470;65.7
119;303;249;65.7
Distance matrix:
;0;1;2;3;4;5;6;7;8;9;10;11;12;13;14;15;16;17;18;19;20;21;22;23;24;25;26;27;28;29;30;31;32;33;34;35;36;37;38;39;40;41;42;43;44;45;46;47;48;49;50;51;52;53;54;55;56;57;58;59;60;61;62;63;64;65;66;67;68;69;70;71;72;73;74;75;76;77;78;79;80;81;82;83;84;85;86;87;88;89;90;91;92;93;94;95;96;97;98;99;100;101;102;103;104;105;106;107;108;109;110;111;112;113;114;115;116;117;118;119;120;121;122;123;124;125;126;127;128
0;0.0;572.0;1203.0;136.0;651.0;521.0;723.0;670.0;795.0;568.0;1052.0;1013.0;894.0;880.0;544.0;243.0;796.0;971.0;515.0;646.0;369.0;1104.0;777.0;591.0;281.0;741.0;832.0;445.0;500.0;844.0;696.0;655.0;810.0;1079.0;1126.0;811.0;787.0;932.0;377.0;658.0;1219.0;1103.0;687.0;683.0;438.0;846.0;985.0;345.0;1070.0;968.0;336.0;678.0;413.0;435.0;675.0;1314.0;804.0;1018.0;1042.0;525.0;737.0;1096.0;759.0;507.0;302.0;974.0;285.0;611.0;629.0;670.0;459.0;884.0;843.0;940.0;474.0;274.0;1047.0;767.0;279.0;1051.0;614.0;748.0;478.0;650.0;726.0;1056.0;211.0;625.0;335.0;329.0;357.0;206.0;1015.0;245.0;647.0;1064.0;983.0;662.0;640.0;656.0;890.0;997.0;682.0;293.0;1017.0;979.0;555.0;747.0;881.0;669.0;906.0;685.0;838.0;437.0;870.0;647.0;1042.0;585.0;443.0;392.0;681.0;636.0;667.0;453.0;580.0;580.0;863.0;413.0;734.0
1;572.0;0.0;763.0;451.0;477.0;475.0;376.0;291.0;883.0;278.0;858.0;789.0;880.0;351.0;609.0;330.0;803.0;726.0;70.0;332.0;365.0;629.0;368.0;19.0;573.0;192.0;695.0;253.0;669.0;513.0;203.0;739.0;776.0;576.0;662.0;248.0;612.0;1021.0;640.0;142.0;897.0;827.0;738.0;177.0;134.0;465.0;509.0;523.0;677.0;843.0;362.0;782.0;275.0;477.0;316.0;982.0;272.0;454.0;724.0;55.0;171.0;846.0;232.0;332.0;270.0;767.0;288.0;158.0;473.0;756.0;511.0;720.0;751.0;851.0;551.0;301.0;835.0;208.0;415.0;846.0;453.0;572.0;204.0;755.0;185.0;822.0;389.0;443.0;269.0;250.0;217.0;370.0;854.0;334.0;453.0;957.0;920.0;742.0;476.0;686.0;781.0;727.0;644.0;282.0;828.0;771.0;478.0;596.0;751.0;773.0;683.0;459.0;751.0;241.0;822.0;584.0;890.0;583.0;672.0;408.0;786.0;438.0;573.0;470.0;228.0;682.0;698.0;521.0;582.0
2;1203.0;763.0;0.0;1068.0;601.0;742.0;480.0;538.0;903.0;635.0;503.0;445.0;772.0;434.0;829.0;1008.0;780.0;412.0;772.0;557.0;840.0;149.0;430.0;748.0;1028.0;585.0;580.0;761.0;936.0;377.0;563.0;859.0;722.0;232.0;108.0;569.0;543.0;963.0;1016.0;622.0;290.0;357.0;821.0;587.0;855.0;358.0;256.0;938.0;157.0;607.0;871.0;891.0;791.0;828.0;529.0;317.0;504.0;489.0;282.0;772.0;721.0;408.0;534.0;700.0;948.0;471.0;964.0;633.0;623.0;865.0;827.0;540.0;642.0;662.0;844.0;960.0;469.0;588.0;934.0;484.0;629.0;554.0;737.0;886.0;584.0;430.0;994.0;612.0;881.0;908.0;928.0;1013.0;554.0;975.0;591.0;668.0;718.0;855.0;613.0;793.0;621.0;369.0;713.0;944.0;505.0;470.0;708.0;579.0;589.0;888.0;454.0;550.0;649.0;772.0;712.0;691.0;578.0;760.0;993.0;832.0;893.0;597.0;657.0;806.0;632.0;870.0;540.0;877.0;583.0
3;136.0;451.0;1068.0;0.0;527.0;405.0;589.0;534.0;725.0;433.0;937.0;894.0;805.0;747.0;452.0;136.0;708.0;848.0;389.0;512.0;240.0;968.0;641.0;469.0;225.0;612.0;720.0;309.0;432.0;712.0;562.0;577.0;714.0;943.0;990.0;683.0;668.0;868.0;327.0;526.0;1092.0;979.0;603.0;551.0;320.0;711.0;849.0;256.0;937.0;862.0;205.0;606.0;277.0;325.0;540.0;1187.0;672.0;889.0;914.0;401.0;620.0;975.0;626.0;375.0;183.0;857.0;168.0;477.0;506.0;593.0;355.0;770.0;738.0;839.0;378.0;151.0;930.0;639.0;157.0;935.0;489.0;628.0;342.0;576.0;595.0;937.0;75.0;498.0;201.0;202.0;245.0;82.0;904.0;117.0;521.0;963.0;888.0;583.0;517.0;565.0;784.0;872.0;579.0;169.0;903.0;861.0;437.0;630.0;771.0;596.0;785.0;557.0;734.0;301.0;774.0;538.0;933.0;483.0;388.0;270.0;610.0;509.0;554.0;341.0;444.0;501.0;748.0;316.0;616.0
4;651.0;477.0;601.0;527.0;0.0;143.0;185.0;227.0;436.0;199.0;422.0;370.0;405.0;471.0;240.0;522.0;336.0;322.0;428.0;163.0;288.0;548.0;263.0;477.0;433.0;454.0;224.0;281.0;345.0;225.0;359.0;321.0;302.0;563.0;553.0;516.0;151.0;562.0;415.0;391.0;568.0;453.0;300.0;377.0;468.0;265.0;457.0;343.0;449.0;376.0;324.0;363.0;291.0;233.0;203.0;664.0;443.0;656.0;394.0;440.0;585.0;449.0;416.0;176.0;480.0;336.0;489.0;333.0;23.0;333.0;227.0;261.0;274.0;377.0;244.0;474.0;410.0;487.0;373.0;416.0;38.0;107.0;301.0;345.0;432.0;412.0;461.0;36.0;392.0;441.0;497.0;500.0;401.0;470.0;26.0;490.0;444.0;320.0;12.0;253.0;308.0;346.0;186.0;465.0;388.0;340.0;108.0;123.0;281.0;356.0;259.0;55.0;274.0;298.0;345.0;131.0;434.0;176.0;396.0;259.0;366.0;39.0;106.0;211.0;250.0;298.0;238.0;279.0;108.0
5;521.0;475.0;742.0;405.0;143.0;0.0;295.0;301.0;409.0;222.0;532.0;491.0;433.0;564.0;140.0;427.0;343.0;451.0;413.0;240.0;180.0;681.0;373.0;481.0;290.0;508.0;315.0;232.0;227.0;365.0;417.0;264.0;332.0;687.0;690.0;579.0;266.0;551.0;276.0;429.0;705.0;584.0;264.0;427.0;426.0;397.0;582.0;200.0;592.0;459.0;214.0;307.0;225.0;91.0;286.0;801.0;519.0;746.0;535.0;427.0;614.0;575.0;484.0;144.0;398.0;453.0;403.0;363.0;120.0;281.0;85.0;364.0;339.0;443.0;110.0;384.0;526.0;543.0;248.0;530.0;113.0;228.0;273.0;281.0;486.0;535.0;347.0;131.0;311.0;364.0;431.0;393.0;499.0;371.0;151.0;566.0;499.0;267.0;131.0;214.0;383.0;480.0;191.0;379.0;497.0;457.0;36.0;226.0;367.0;298.0;386.0;192.0;336.0;247.0;388.0;138.0;529.0;110.0;265.0;137.0;311.0;147.0;149.0;70.0;276.0;212.0;343.0;136.0;212.0
6;723.0;376.0;480.0;589.0;185.0;295.0;0.0;85.0;615.0;158.0;484.0;413.0;560.0;287.0;418.0;539.0;507.0;350.0;351.0;77.0;361.0;395.0;79.0;370.0;560.0;293.0;348.0;285.0;518.0;141.0;205.0;505.0;463.0;393.0;410.0;346.0;263.0;733.0;567.0;254.0;537.0;454.0;484.0;229.0;419.0;122.0;288.0;473.0;350.0;484.0;391.0;547.0;313.0;368.0;62.0;627.0;266.0;471.0;358.0;358.0;440.0;470.0;247.0;220.0;483.0;394.0;497.0;218.0;199.0;518.0;377.0;360.0;415.0;504.0;405.0;491.0;460.0;323.0;454.0;471.0;193.0;232.0;271.0;530.0;274.0;446.0;515.0;172.0;408.0;443.0;477.0;537.0;485.0;501.0;162.0;597.0;576.0;504.0;193.0;437.0;434.0;352.0;366.0;475.0;455.0;397.0;269.0;264.0;399.0;541.0;310.0;135.0;418.0;297.0;495.0;315.0;522.0;358.0;560.0;357.0;551.0;157.0;287.0;348.0;171.0;481.0;340.0;422.0;254.0
7;670.0;291.0;538.0;534.0;227.0;301.0;85.0;0.0;663.0;105.0;568.0;498.0;624.0;263.0;437.0;471.0;562.0;435.0;267.0;65.0;321.0;435.0;108.0;285.0;536.0;227.0;420.0;225.0;529.0;225.0;133.0;541.0;524.0;417.0;456.0;289.0;335.0;788.0;558.0;174.0;618.0;539.0;525.0;154.0;337.0;192.0;318.0;453.0;420.0;562.0;346.0;584.0;257.0;358.0;27.0;708.0;220.0;445.0;441.0;273.0;365.0;556.0;190.0;190.0;412.0;477.0;427.0;133.0;234.0;555.0;375.0;438.0;483.0;577.0;409.0;423.0;544.0;260.0;412.0;556.0;220.0;299.0;200.0;563.0;206.0;531.0;459.0;202.0;343.0;372.0;399.0;475.0;567.0;437.0;201.0;676.0;649.0;541.0;232.0;475.0;507.0;437.0;412.0;407.0;538.0;481.0;283.0;328.0;474.0;576.0;393.0;189.0;485.0;234.0;561.0;356.0;603.0;385.0;561.0;329.0;587.0;191.0;333.0;340.0;95.0;505.0;416.0;413.0;316.0
8;795.0;883.0;903.0;725.0;436.0;409.0;615.0;663.0;0.0;616.0;459.0;482.0;162.0;901.0;289.0;796.0;124.0;495.0;822.0;598.0;564.0;908.0;689.0;888.0;514.0;889.0;325.0;641.0;295.0;592.0;794.0;152.0;182.0;949.0;899.0;952.0;383.0;145.0;419.0;820.0;727.0;596.0;145.0;810.0;832.0;659.0;849.0;469.0;751.0;332.0;590.0;119.0;630.0;436.0;640.0;806.0;879.0;1084.0;626.0;836.0;1012.0;555.0;853.0;551.0;784.0;445.0;784.0;758.0;430.0;135.0;398.0;364.0;262.0;275.0;363.0;761.0;481.0;922.0;590.0;472.0;446.0;395.0;682.0;149.0;867.0;515.0;694.0;462.0;703.0;756.0;827.0;748.0;399.0;738.0;462.0;362.0;264.0;148.0;432.0;196.0;289.0;539.0;251.0;762.0;437.0;447.0;406.0;363.0;316.0;128.0;450.0;481.0;254.0;656.0;201.0;308.0;401.0;300.0;354.0;513.0;115.0;473.0;330.0;433.0;670.0;226.0;364.0;418.0;368.0
9;568.0;278.0;635.0;433.0;199.0;222.0;158.0;105.0;616.0;0.0;599.0;536.0;602.0;359.0;362.0;382.0;528.0;477.0;230.0;83.0;216.0;539.0;209.0;279.0;432.0;286.0;420.0;127.0;444.0;294.0;196.0;480.0;498.0;522.0;558.0;358.0;339.0;750.0;461.0;207.0;688.0;594.0;472.0;204.0;280.0;280.0;423.0;352.0;508.0;570.0;241.0;523.0;156.0;263.0;107.0;781.0;304.0;534.0;508.0;241.0;397.0;604.0;265.0;89.0;327.0;508.0;340.0;143.0;195.0;496.0;285.0;450.0;473.0;575.0;322.0;333.0;580.0;320.0;307.0;589.0;176.0;297.0;118.0;500.0;263.0;574.0;358.0;165.0;249.0;286.0;326.0;379.0;587.0;342.0;175.0;685.0;643.0;482.0;198.0;421.0;505.0;488.0;371.0;318.0;566.0;512.0;214.0;320.0;476.0;515.0;425.0;187.0;474.0;139.0;544.0;310.0;622.0;321.0;469.0;226.0;528.0;161.0;297.0;247.0;54.0;434.0;427.0;317.0;305.0
10;1052.0;858.0;503.0;937.0;422.0;532.0;484.0;568.0;459.0;599.0;0.0;76.0;302.0;693.0;530.0;944.0;351.0;141.0;824.0;528.0;704.0;563.0;517.0;853.0;796.0;764.0;221.0;700.0;619.0;362.0;684.0;483.0;300.0;632.0;539.0;799.0;272.0;480.0;738.0;737.0;272.0;151.0;439.0;710.0;878.0;432.0;560.0;714.0;377.0;128.0;740.0;497.0;713.0;617.0;542.0;347.0;713.0;846.0;233.0;833.0;917.0;102.0;711.0;598.0;902.0;91.0;911.0;700.0;440.0;480.0;594.0;168.0;230.0;185.0;586.0;896.0;35.0;789.0;780.0;19.0;459.0;315.0;713.0;506.0;748.0;73.0;877.0;457.0;814.0;863.0;917.0;919.0;61.0;891.0;437.0;165.0;223.0;477.0;430.0;439.0;186.0;163.0;382.0;887.0;35.0;87.0;500.0;308.0;179.0;499.0;175.0;414.0;238.0;717.0;261.0;406.0;75.0;473.0;689.0;667.0;497.0;452.0;385.0;599.0;636.0;531.0;190.0;643.0;322.0
11;1013.0;789.0;445.0;894.0;370.0;491.0;413.0;498.0;482.0;536.0;76.0;0.0;335.0;617.0;508.0;892.0;364.0;65.0;758.0;462.0;657.0;494.0;442.0;783.0;767.0;690.0;196.0;643.0;604.0;288.0;612.0;481.0;308.0;560.0;471.0;724.0;226.0;522.0;717.0;665.0;249.0;115.0;438.0;638.0;815.0;356.0;485.0;682.0;309.0;163.0;693.0;501.0;658.0;580.0;473.0;336.0;637.0;770.0;166.0;766.0;844.0;86.0;636.0;542.0;847.0;42.0;857.0;631.0;390.0;480.0;560.0;140.0;230.0;219.0;557.0;843.0;47.0;714.0;737.0;60.0;408.0;266.0;652.0;506.0;674.0;44.0;830.0;403.0;760.0;807.0;858.0;870.0;112.0;840.0;382.0;233.0;273.0;475.0;379.0;428.0;194.0;88.0;362.0;833.0;63.0;38.0;458.0;266.0;173.0;502.0;112.0;354.0;238.0;659.0;282.0;376.0;141.0;446.0;672.0;624.0;502.0;396.0;350.0;560.0;571.0;520.0;157.0;611.0;279.0
12;894.0;880.0;772.0;805.0;405.0;433.0;560.0;624.0;162.0;602.0;302.0;335.0;0.0;835.0;353.0;854.0;98.0;360.0;826.0;564.0;609.0;796.0;625.0;881.0;614.0;850.0;221.0;658.0;402.0;502.0;757.0;244.0;104.0;847.0;781.0;906.0;301.0;192.0;531.0;794.0;574.0;445.0;207.0;778.0;853.0;575.0;754.0;552.0;625.0;176.0;640.0;236.0;656.0;488.0;599.0;649.0;826.0;1012.0;491.0;839.0;988.0;401.0;807.0;557.0;830.0;303.0;834.0;738.0;407.0;232.0;454.0;241.0;150.0;117.0;427.0;813.0;327.0;882.0;657.0;317.0;427.0;328.0;691.0;257.0;830.0;363.0;762.0;438.0;743.0;797.0;864.0;813.0;242.0;796.0;430.0;202.0;104.0;237.0;404.0;240.0;154.0;403.0;243.0;810.0;283.0;304.0;416.0;297.0;189.0;242.0;328.0;435.0;145.0;675.0;67.0;301.0;240.0;330.0;470.0;560.0;234.0;444.0;307.0;478.0;654.0;315.0;249.0;489.0;308.0
13;880.0;351.0;434.0;747.0;471.0;564.0;287.0;263.0;901.0;359.0;693.0;617.0;835.0;0.0;697.0;651.0;790.0;553.0;382.0;325.0;567.0;290.0;212.0;334.0;789.0;161.0;615.0;452.0;792.0;341.0;185.0;792.0;743.0;226.0;327.0;135.0;534.0;1014.0;819.0;226.0;634.0;607.0;771.0;197.0;468.0;267.0;182.0;711.0;393.0;731.0;585.0;834.0;486.0;620.0;279.0;703.0;80.0;184.0;492.0;376.0;287.0;643.0;124.0;448.0;588.0;613.0;605.0;270.0;484.0;805.0;639.0;612.0;685.0;762.0;672.0;610.0;662.0;156.0;651.0;676.0;475.0;511.0;408.0;816.0;166.0;635.0;674.0;455.0;546.0;555.0;550.0;675.0;714.0;635.0;447.0;835.0;834.0;791.0;479.0;724.0;695.0;534.0;653.0;591.0;673.0;615.0;544.0;543.0;659.0;827.0;540.0;422.0;689.0;455.0;768.0;602.0;749.0;641.0;824.0;584.0;838.0;441.0;574.0;603.0;321.0;763.0;596.0;675.0;536.0
14;544.0;609.0;829.0;452.0;240.0;140.0;418.0;437.0;289.0;362.0;530.0;508.0;353.0;697.0;0.0;511.0;255.0;484.0;545.0;373.0;276.0;787.0;498.0;617.0;271.0;648.0;313.0;360.0;107.0;459.0;556.0;137.0;266.0;803.0;790.0;718.0;301.0;434.0;208.0;569.0;746.0;615.0;152.0;566.0;547.0;505.0;697.0;200.0;674.0;431.0;302.0;176.0;345.0;147.0;419.0;839.0;656.0;881.0;591.0;559.0;753.0;594.0;622.0;283.0;495.0;467.0;496.0;503.0;221.0;154.0;110.0;369.0;306.0;398.0;76.0;473.0;533.0;682.0;307.0;533.0;226.0;278.0;406.0;147.0;625.0;552.0;412.0;246.0;414.0;467.0;539.0;465.0;485.0;452.0;259.0;521.0;439.0;141.0;230.0;113.0;354.0;521.0;148.0;474.0;497.0;471.0;154.0;259.0;352.0;166.0;419.0;295.0;300.0;374.0;326.0;141.0;507.0;69.0;168.0;225.0;180.0;261.0;174.0;145.0;415.0;73.0;352.0;136.0;252.0
15;243.0;330.0;1008.0;136.0;522.0;427.0;539.0;471.0;796.0;382.0;944.0;892.0;854.0;651.0;511.0;0.0;760.0;839.0;275.0;465.0;247.0;895.0;578.0;348.0;335.0;505.0;735.0;257.0;516.0;674.0;470.0;645.0;756.0;860.0;921.0;572.0;672.0;942.0;431.0;425.0;1067.0;965.0;663.0;454.0;196.0;660.0;774.0;335.0;889.0;884.0;214.0;679.0;235.0;367.0;483.0;1160.0;573.0;779.0;886.0;285.0;494.0;968.0;528.0;350.0;63.0;858.0;46.0;387.0;504.0;661.0;403.0;780.0;766.0;870.0;435.0;49.0;932.0;528.0;207.0;939.0;485.0;629.0;271.0;649.0;491.0;933.0;111.0;489.0;134.0;100.0;114.0;60.0;919.0;58.0;509.0;993.0;926.0;650.0;514.0;619.0;809.0;857.0;616.0;64.0;910.0;862.0;453.0;638.0;790.0;669.0;780.0;540.0;763.0;243.0;814.0;565.0;950.0;524.0;485.0;294.0;683.0;495.0;574.0;376.0;376.0;571.0;757.0;378.0;623.0
16;796.0;803.0;780.0;708.0;336.0;343.0;507.0;562.0;124.0;528.0;351.0;364.0;98.0;790.0;255.0;760.0;0.0;373.0;746.0;499.0;516.0;785.0;578.0;806.0;517.0;789.0;201.0;573.0;306.0;471.0;695.0;149.0;58.0;827.0;775.0;849.0;263.0;226.0;435.0;727.0;612.0;479.0;111.0;713.0;768.0;540.0;728.0;454.0;627.0;227.0;547.0;150.0;568.0;393.0;538.0;695.0;772.0;971.0;503.0;760.0;920.0;442.0;750.0;475.0;738.0;326.0;741.0;668.0;334.0;140.0;358.0;241.0;139.0;175.0;330.0;720.0;368.0;822.0;560.0;362.0;353.0;279.0;609.0;167.0;768.0;400.0;665.0;366.0;652.0;706.0;774.0;717.0;293.0;702.0;363.0;286.0;193.0;142.0;334.0;143.0;171.0;417.0;158.0;717.0;325.0;328.0;330.0;247.0;195.0;154.0;326.0;375.0;131.0;589.0;93.0;219.0;302.0;237.0;375.0;467.0;149.0;375.0;232.0;384.0;581.0;218.0;240.0;391.0;254.0
17;971.0;726.0;412.0;848.0;322.0;451.0;350.0;435.0;495.0;477.0;141.0;65.0;360.0;553.0;484.0;839.0;373.0;0.0;697.0;401.0;610.0;445.0;377.0;720.0;734.0;625.0;183.0;588.0;585.0;223.0;547.0;474.0;315.0;506.0;426.0;659.0;188.0;552.0;691.0;601.0;262.0;134.0;432.0;573.0;756.0;291.0;427.0;646.0;266.0;202.0;645.0;499.0;605.0;541.0;410.0;355.0;572.0;710.0;131.0;705.0;779.0;128.0;571.0;490.0;793.0;65.0;804.0;568.0;343.0;476.0;525.0;133.0;234.0;252.0;526.0;791.0;112.0;649.0;693.0;125.0;360.0;223.0;594.0;501.0;609.0;97.0;783.0;353.0;707.0;753.0;801.0;820.0;165.0;790.0;331.0;289.0;314.0;469.0;332.0;415.0;209.0;44.0;343.0;780.0;120.0;66.0;416.0;230.0;179.0;498.0;66.0;300.0;242.0;604.0;300.0;346.0;198.0;418.0;651.0;579.0;501.0;344.0;317.0;521.0;510.0;504.0;141.0;576.0;241.0
18;515.0;70.0;772.0;389.0;428.0;413.0;351.0;267.0;822.0;230.0;824.0;758.0;826.0;382.0;545.0;275.0;746.0;697.0;0.0;296.0;296.0;646.0;358.0;84.0;503.0;230.0;650.0;186.0;601.0;492.0;211.0;676.0;722.0;600.0;676.0;296.0;570.0;962.0;570.0;156.0;884.0;805.0;677.0;189.0;86.0;453.0;523.0;453.0;674.0;800.0;292.0;718.0;206.0;409.0;289.0;972.0;302.0;504.0;707.0;15.0;239.0;820.0;258.0;272.0;213.0;733.0;231.0;141.0;421.0;693.0;444.0;679.0;702.0;805.0;484.0;241.0;804.0;253.0;345.0;814.0;401.0;528.0;140.0;691.0;217.0;794.0;325.0;393.0;201.0;187.0;169.0;310.0;816.0;273.0;405.0;915.0;872.0;679.0;426.0;626.0;735.0;702.0;588.0;222.0;793.0;737.0;418.0;550.0;707.0;709.0;649.0;417.0;702.0;173.0;771.0;528.0;851.0;522.0;602.0;339.0;723.0;390.0;520.0;404.0;188.0;617.0;657.0;452.0;535.0
19;646.0;332.0;557.0;512.0;163.0;240.0;77.0;65.0;598.0;83.0;528.0;462.0;564.0;325.0;373.0;465.0;499.0;401.0;296.0;0.0;285.0;468.0;141.0;329.0;490.0;291.0;365.0;209.0;467.0;210.0;196.0;475.0;462.0;460.0;485.0;354.0;281.0;725.0;504.0;230.0;606.0;515.0;460.0;214.0;356.0;199.0;357.0;404.0;426.0;511.0;314.0;518.0;236.0;303.0;46.0;698.0;285.0;507.0;425.0;305.0;424.0;526.0;255.0;146.0;410.0;437.0;424.0;178.0;169.0;489.0;317.0;388.0;426.0;523.0;349.0;416.0;507.0;324.0;378.0;518.0;155.0;243.0;199.0;498.0;269.0;498.0;438.0;137.0;332.0;369.0;407.0;461.0;522.0;425.0;137.0;626.0;593.0;475.0;167.0;410.0;452.0;409.0;348.0;401.0;497.0;441.0;220.0;270.0;420.0;511.0;353.0;130.0;427.0;222.0;502.0;291.0;557.0;320.0;503.0;285.0;522.0;126.0;269.0;284.0;109.0;441.0;366.0;358.0;257.0
20;369.0;365.0;840.0;240.0;288.0;180.0;361.0;321.0;564.0;216.0;704.0;657.0;609.0;567.0;276.0;247.0;516.0;610.0;296.0;285.0;0.0;752.0;423.0;377.0;224.0;463.0;491.0;122.0;310.0;476.0;389.0;412.0;510.0;738.0;769.0;539.0;433.0;709.0;276.0;374.0;852.0;740.0;425.0;387.0;278.0;482.0;638.0;159.0;703.0;639.0;36.0;451.0;92.0;129.0;320.0;947.0;502.0;733.0;674.0;310.0;528.0;737.0;459.0;140.0;221.0;621.0;225.0;310.0;268.0;430.0;166.0;538.0;519.0;623.0;204.0;204.0;695.0;496.0;94.0;700.0;250.0;391.0;174.0;421.0;442.0;700.0;173.0;258.0;138.0;192.0;263.0;215.0;676.0;191.0;281.0;746.0;679.0;417.0;278.0;378.0;562.0;633.0;369.0;201.0;670.0;625.0;207.0;397.0;545.0;441.0;547.0;317.0;516.0;128.0;567.0;318.0;706.0;279.0;307.0;51.0;455.0;269.0;328.0;133.0;246.0;343.0;515.0;161.0;382.0
21;1104.0;629.0;149.0;968.0;548.0;681.0;395.0;435.0;908.0;539.0;563.0;494.0;796.0;290.0;787.0;895.0;785.0;445.0;646.0;468.0;752.0;0.0;329.0;613.0;955.0;446.0;584.0;659.0;892.0;329.0;435.0;840.0;728.0;86.0;41.0;423.0;528.0;988.0;957.0;491.0;405.0;433.0;806.0;457.0;731.0;284.0;122.0;867.0;187.0;647.0;779.0;876.0;692.0;760.0;432.0;451.0;363.0;344.0;330.0;644.0;575.0;481.0;398.0;613.0;834.0;509.0;850.0;512.0;569.0;848.0;766.0;555.0;653.0;695.0;789.0;850.0;529.0;445.0;845.0;544.0;570.0;528.0;629.0;867.0;446.0;492.0;893.0;551.0;774.0;796.0;808.0;907.0;605.0;868.0;533.0;727.0;759.0;837.0;559.0;770.0;642.0;407.0;691.0;832.0;557.0;510.0;650.0;557.0;607.0;872.0;468.0;493.0;659.0;668.0;731.0;658.0;634.0;719.0;943.0;752.0;879.0;535.0;624.0;739.0;525.0;837.0;549.0;813.0;557.0
22;777.0;368.0;430.0;641.0;263.0;373.0;79.0;108.0;689.0;209.0;517.0;442.0;625.0;212.0;498.0;578.0;578.0;377.0;358.0;141.0;423.0;329.0;0.0;359.0;631.0;248.0;408.0;332.0;597.0;155.0;173.0;583.0;532.0;319.0;349.0;288.0;325.0;803.0;643.0;232.0;528.0;463.0;560.0;200.0;435.0;97.0;216.0;545.0;317.0;534.0;450.0;625.0;364.0;442.0;103.0;614.0;203.0;395.0;357.0;362.0;401.0;488.0;195.0;285.0;518.0;429.0;534.0;217.0;278.0;595.0;454.0;411.0;477.0;560.0;483.0;530.0;489.0;273.0;515.0;502.0;272.0;300.0;307.0;608.0;232.0;470.0;566.0;252.0;451.0;479.0;502.0;583.0;526.0;545.0;241.0;644.0;632.0;582.0;272.0;514.0;491.0;370.0;442.0;514.0;491.0;432.0;347.0;332.0;455.0;619.0;349.0;212.0;481.0;342.0;559.0;392.0;563.0;437.0;638.0;425.0;629.0;236.0;364.0;423.0;202.0;560.0;393.0;497.0;324.0
23;591.0;19.0;748.0;469.0;477.0;481.0;370.0;285.0;888.0;279.0;853.0;783.0;881.0;334.0;617.0;348.0;806.0;720.0;84.0;329.0;377.0;613.0;359.0;0.0;587.0;174.0;693.0;262.0;678.0;505.0;190.0;746.0;777.0;559.0;647.0;230.0;610.0;1025.0;653.0;129.0;886.0;819.0;743.0;164.0;153.0;455.0;494.0;535.0;665.0;841.0;376.0;788.0;287.0;486.0;311.0;971.0;255.0;435.0;715.0;70.0;155.0;839.0;216.0;337.0;289.0;762.0;306.0;153.0;474.0;762.0;519.0;717.0;750.0;850.0;560.0;319.0;830.0;189.0;429.0;841.0;455.0;570.0;212.0;762.0;168.0;816.0;407.0;444.0;285.0;267.0;236.0;388.0;850.0;352.0;453.0;955.0;919.0;748.0;477.0;692.0;780.0;720.0;648.0;300.0;823.0;766.0;482.0;595.0;749.0;779.0;678.0;457.0;751.0;252.0;823.0;587.0;886.0;588.0;683.0;419.0;792.0;439.0;575.0;479.0;228.0;689.0;695.0;532.0;582.0
24;281.0;573.0;1028.0;225.0;433.0;290.0;560.0;536.0;514.0;432.0;796.0;767.0;614.0;789.0;271.0;335.0;517.0;734.0;503.0;490.0;224.0;955.0;631.0;587.0;0.0;687.0;576.0;345.0;219.0;652.0;613.0;374.0;536.0;949.0;968.0;762.0;546.0;653.0;102.0;597.0;992.0;867.0;407.0;611.0;462.0;675.0;846.0;90.0;881.0;701.0;214.0;396.0;313.0;201.0;531.0;1087.0;726.0;957.0;824.0;517.0;742.0;852.0;683.0;347.0;352.0;726.0;344.0;534.0;410.0;389.0;210.0;631.0;577.0;669.0;210.0;320.0;796.0;719.0;158.0;798.0;400.0;513.0;396.0;368.0;666.0;811.0;224.0;417.0;308.0;346.0;413.0;275.0;754.0;285.0;438.0;792.0;707.0;381.0;421.0;379.0;624.0;766.0;416.0;331.0;762.0;731.0;326.0;504.0;620.0;388.0;668.0;480.0;571.0;349.0;595.0;392.0;777.0;323.0;165.0;207.0;400.0;432.0;418.0;222.0;468.0;300.0;612.0;158.0;493.0
25;741.0;192.0;585.0;612.0;454.0;508.0;293.0;227.0;889.0;286.0;764.0;690.0;850.0;161.0;648.0;505.0;789.0;625.0;230.0;291.0;463.0;446.0;248.0;174.0;687.0;0.0;641.0;341.0;729.0;402.0;95.0;761.0;751.0;386.0;481.0;75.0;556.0;1015.0;733.0;90.0;753.0;704.0;749.0;81.0;315.0;338.0;329.0;618.0;520.0;777.0;474.0;805.0;374.0;543.0;252.0;831.0;83.0;278.0;593.0;222.0;155.0;733.0;56.0;371.0;442.0;677.0;460.0;154.0;459.0;776.0;569.0;652.0;707.0;798.0;607.0;468.0;736.0;34.0;537.0;750.0;444.0;523.0;291.0;782.0;22.0;716.0;542.0;427.0;413.0;413.0;399.0;535.0;773.0;496.0;427.0;888.0;869.0;762.0;458.0;698.0;727.0;616.0;639.0;448.0;739.0;680.0;497.0;553.0;693.0;797.0;596.0;416.0;710.0;339.0;787.0;581.0;809.0;603.0;750.0;492.0;809.0;417.0;560.0;530.0;234.0;719.0;633.0;596.0;542.0
26;832.0;695.0;580.0;720.0;224.0;315.0;348.0;420.0;325.0;420.0;221.0;196.0;221.0;615.0;313.0;735.0;201.0;183.0;650.0;365.0;491.0;584.0;408.0;693.0;576.0;641.0;0.0;503.0;408.0;280.0;551.0;291.0;144.0;629.0;574.0;692.0;85.0;409.0;521.0;593.0;441.0;307.0;249.0;573.0;692.0;353.0;534.0;493.0;426.0;152.0;526.0;317.0;511.0;397.0;393.0;531.0;610.0;791.0;308.0;661.0;785.0;282.0;595.0;398.0;698.0;155.0;706.0;544.0;236.0;293.0;373.0;56.0;72.0;158.0;366.0;689.0;221.0;671.0;563.0;222.0;257.0;123.0;525.0;317.0;622.0;239.0;661.0;260.0;609.0;660.0;720.0;706.0;185.0;681.0;245.0;266.0;229.0;286.0;229.0;233.0;87.0;226.0;166.0;681.0;186.0;159.0;284.0;101.0;57.0;316.0;127.0;236.0;77.0;520.0;154.0;186.0;215.0;253.0;476.0;451.0;318.0;260.0;166.0;380.0;466.0;324.0;43.0;422.0;116.0
27;445.0;253.0;761.0;309.0;281.0;232.0;285.0;225.0;641.0;127.0;700.0;643.0;658.0;452.0;360.0;257.0;573.0;588.0;186.0;209.0;122.0;659.0;332.0;262.0;345.0;341.0;503.0;0.0;416.0;418.0;270.0;493.0;555.0;636.0;681.0;417.0;431.0;782.0;397.0;252.0;810.0;711.0;496.0;266.0;195.0;407.0;541.0;280.0;635.0;655.0;134.0;534.0;34.0;224.0;232.0;904.0;384.0;613.0;630.0;200.0;409.0;716.0;340.0;105.0;205.0;612.0;217.0;190.0;267.0;510.0;258.0;542.0;546.0;651.0;298.0;207.0;685.0;374.0;200.0;693.0;246.0;388.0;52.0;507.0;321.0;683.0;234.0;245.0;124.0;165.0;217.0;253.0;681.0;216.0;263.0;768.0;714.0;496.0;275.0;446.0;584.0;603.0;416.0;194.0;667.0;616.0;243.0;403.0;560.0;525.0;531.0;289.0;545.0;17.0;607.0;357.0;715.0;341.0;422.0;158.0;539.0;248.0;355.0;218.0;136.0;432.0;519.0;270.0;388.0
28;500.0;669.0;936.0;432.0;345.0;227.0;518.0;529.0;295.0;444.0;619.0;604.0;402.0;792.0;107.0;516.0;306.0;585.0;601.0;467.0;310.0;892.0;597.0;678.0;219.0;729.0;408.0;416.0;0.0;566.0;640.0;159.0;334.0;907.0;897.0;802.0;405.0;436.0;129.0;646.0;846.0;714.0;196.0;648.0;588.0;610.0;801.0;181.0;781.0;510.0;327.0;178.0;395.0;192.0;513.0;938.0;745.0;973.0;695.0;616.0;822.0;690.0;709.0;358.0;513.0;562.0;511.0;579.0;325.0;172.0;161.0;464.0;390.0;470.0;123.0;487.0;625.0;764.0;310.0;624.0;327.0;384.0;466.0;150.0;707.0;647.0;408.0;347.0;442.0;493.0;565.0;463.0;569.0;459.0;362.0;589.0;499.0;166.0;334.0;181.0;436.0;623.0;242.0;491.0;586.0;566.0;250.0;364.0;440.0;169.0;521.0;400.0;383.0;427.0;391.0;246.0;588.0;176.0;70.0;262.0;181.0;363.0;280.0;202.0;495.0;90.0;449.0;150.0;357.0
29;844.0;513.0;377.0;712.0;225.0;365.0;141.0;225.0;592.0;294.0;362.0;288.0;502.0;341.0;459.0;674.0;471.0;223.0;492.0;210.0;476.0;329.0;155.0;505.0;652.0;402.0;280.0;418.0;566.0;0.0;326.0;512.0;419.0;359.0;331.0;438.0;208.0;689.0;640.0;382.0;396.0;314.0;480.0;353.0;560.0;75.0;257.0;562.0;229.0;390.0;509.0;549.0;443.0;452.0;204.0;487.0;352.0;512.0;216.0;498.0;556.0;335.0;349.0;337.0;620.0;276.0;634.0;356.0;247.0;521.0;451.0;271.0;352.0;422.0;469.0;625.0;334.0;426.0;568.0;348.0;253.0;201.0;410.0;538.0;387.0;315.0;640.0;236.0;541.0;580.0;617.0;668.0;375.0;632.0;215.0;495.0;493.0;509.0;237.0;442.0;356.0;216.0;363.0;611.0;338.0;279.0;332.0;231.0;320.0;545.0;199.0;173.0;357.0;432.0;435.0;328.0;411.0;391.0;619.0;461.0;552.0;221.0;294.0;430.0;312.0;508.0;257.0;501.0;230.0
30;696.0;203.0;563.0;562.0;359.0;417.0;205.0;133.0;794.0;196.0;684.0;612.0;757.0;185.0;556.0;470.0;695.0;547.0;211.0;196.0;389.0;435.0;173.0;190.0;613.0;95.0;551.0;270.0;640.0;326.0;0.0;667.0;657.0;391.0;466.0;163.0;466.0;921.0;652.0;61.0;698.0;636.0;654.0;27.0;296.0;269.0;313.0;539.0;475.0;689.0;404.0;711.0;304.0;457.0;159.0;781.0;114.0;345.0;529.0;209.0;236.0;660.0;71.0;284.0;407.0;595.0;424.0;85.0;364.0;682.0;481.0;565.0;615.0;708.0;518.0;428.0;658.0;128.0;470.0;671.0;349.0;431.0;224.0;688.0;73.0;641.0;489.0;332.0;361.0;372.0;375.0;491.0;689.0;451.0;333.0;802.0;779.0;668.0;363.0;604.0;637.0;542.0;544.0;409.0;657.0;599.0;404.0;461.0;603.0;703.0;513.0;322.0;617.0;272.0;694.0;486.0;725.0;509.0;664.0;412.0;715.0;322.0;465.0;442.0;148.0;626.0;544.0;511.0;449.0
31;655.0;739.0;859.0;577.0;321.0;264.0;505.0;541.0;152.0;480.0;483.0;481.0;244.0;792.0;137.0;645.0;149.0;474.0;676.0;475.0;412.0;840.0;583.0;746.0;374.0;761.0;291.0;493.0;159.0;512.0;667.0;0.0;186.0;869.0;837.0;829.0;317.0;298.0;287.0;687.0;729.0;595.0;44.0;681.0;682.0;570.0;765.0;321.0;703.0;366.0;438.0;43.0;480.0;284.0;519.0;817.0;760.0;976.0;597.0;691.0;876.0;564.0;730.0;408.0;631.0;440.0;632.0;623.0;309.0;17.0;246.0;344.0;254.0;320.0;211.0;609.0;495.0;795.0;439.0;491.0;320.0;312.0;537.0;27.0;739.0;521.0;543.0;339.0;551.0;604.0;675.0;596.0;429.0;586.0;345.0;435.0;342.0;7.0;313.0;70.0;297.0;516.0;149.0;610.0;453.0;443.0;267.0;284.0;309.0;36.0;416.0;372.0;246.0;507.0;239.0;191.0;443.0;159.0;226.0;361.0;47.0;352.0;222.0;281.0;535.0;76.0;334.0;267.0;283.0
32;810.0;776.0;722.0;714.0;302.0;332.0;463.0;524.0;182.0;498.0;300.0;308.0;104.0;743.0;266.0;756.0;58.0;315.0;722.0;462.0;510.0;728.0;532.0;777.0;536.0;751.0;144.0;555.0;334.0;419.0;657.0;186.0;0.0;772.0;718.0;808.0;211.0;272.0;460.0;692.0;557.0;423.0;142.0;677.0;750.0;489.0;675.0;466.0;569.0;180.0;542.0;197.0;553.0;393.0;498.0;641.0;729.0;923.0;445.0;735.0;886.0;387.0;709.0;453.0;730.0;269.0;734.0;635.0;303.0;180.0;360.0;183.0;81.0;136.0;338.0;714.0;315.0;782.0;563.0;310.0;323.0;232.0;587.0;207.0;730.0;345.0;667.0;334.0;643.0;696.0;762.0;717.0;244.0;699.0;328.0;256.0;173.0;179.0;301.0;157.0;116.0;359.0;141.0;710.0;272.0;272.0;313.0;200.0;137.0;199.0;268.0;335.0;73.0;571.0;60.0;197.0;257.0;233.0;404.0;462.0;197.0;341.0;203.0;381.0;551.0;244.0;182.0;399.0;210.0
33;1079.0;576.0;232.0;943.0;563.0;687.0;393.0;417.0;949.0;522.0;632.0;560.0;847.0;226.0;803.0;860.0;827.0;506.0;600.0;460.0;738.0;86.0;319.0;559.0;949.0;386.0;629.0;636.0;907.0;359.0;391.0;869.0;772.0;0.0;127.0;354.0;565.0;1038.0;961.0;443.0;490.0;509.0;838.0;411.0;686.0;299.0;106.0;864.0;263.0;707.0;762.0;907.0;670.0;761.0;419.0;538.0;304.0;258.0;401.0;596.0;505.0;555.0;344.0;603.0;797.0;571.0;815.0;473.0;582.0;878.0;771.0;607.0;700.0;751.0;797.0;816.0;598.0;381.0;829.0;613.0;580.0;559.0;601.0;895.0;390.0;563.0;868.0;560.0;745.0;761.0;766.0;877.0;670.0;837.0;544.0;793.0;818.0;866.0;573.0;799.0;694.0;472.0;720.0;798.0;622.0;572.0;659.0;590.0;658.0;902.0;521.0;508.0;706.0;643.0;781.0;681.0;701.0;738.0;952.0;744.0;910.0;544.0;648.0;741.0;500.0;859.0;598.0;815.0;588.0
34;1126.0;662.0;108.0;990.0;553.0;690.0;410.0;456.0;899.0;558.0;539.0;471.0;781.0;327.0;790.0;921.0;775.0;426.0;676.0;485.0;769.0;41.0;349.0;647.0;968.0;481.0;574.0;681.0;897.0;331.0;466.0;837.0;718.0;127.0;0.0;462.0;522.0;974.0;966.0;523.0;368.0;404.0;802.0;489.0;760.0;294.0;154.0;879.0;162.0;628.0;798.0;872.0;713.0;771.0;451.0;412.0;399.0;385.0;306.0;675.0;614.0;453.0;432.0;630.0;860.0;489.0;876.0;540.0;575.0;844.0;775.0;541.0;641.0;677.0;796.0;875.0;504.0;482.0;863.0;519.0;578.0;525.0;653.0;864.0;481.0;467.0;915.0;559.0;798.0;822.0;836.0;930.0;583.0;892.0;540.0;703.0;740.0;833.0;565.0;768.0;628.0;386.0;688.0;857.0;534.0;490.0;658.0;553.0;593.0;868.0;454.0;499.0;648.0;690.0;717.0;658.0;611.0;722.0;949.0;767.0;875.0;543.0;624.0;750.0;548.0;838.0;537.0;823.0;555.0
35;811.0;248.0;569.0;683.0;516.0;579.0;346.0;289.0;952.0;358.0;799.0;724.0;906.0;135.0;718.0;572.0;849.0;659.0;296.0;354.0;539.0;423.0;288.0;230.0;762.0;75.0;692.0;417.0;802.0;438.0;163.0;829.0;808.0;354.0;462.0;0.0;608.0;1076.0;808.0;165.0;763.0;727.0;814.0;155.0;378.0;368.0;317.0;694.0;524.0;822.0;549.0;872.0;450.0;617.0;313.0;835.0;86.0;208.0;613.0;287.0;152.0;759.0;100.0;444.0;510.0;714.0;528.0;229.0;523.0;843.0;642.0;699.0;760.0;847.0;680.0;537.0;770.0;44.0;612.0;784.0;509.0;578.0;366.0;850.0;97.0;747.0;614.0;492.0;486.0;482.0;463.0;605.0;813.0;567.0;490.0;931.0;919.0;829.0;521.0;764.0;777.0;645.0;702.0;518.0;776.0;717.0;566.0;609.0;742.0;864.0;636.0;475.0;763.0;414.0;841.0;645.0;849.0;671.0;824.0;567.0;876.0;480.0;622.0;603.0;308.0;789.0;680.0;670.0;599.0
36;787.0;612.0;543.0;668.0;151.0;266.0;263.0;335.0;383.0;339.0;272.0;226.0;301.0;534.0;301.0;672.0;263.0;188.0;570.0;281.0;433.0;528.0;325.0;610.0;546.0;556.0;85.0;431.0;405.0;208.0;466.0;317.0;211.0;565.0;522.0;608.0;0.0;482.0;505.0;508.0;447.0;321.0;281.0;488.0;615.0;278.0;466.0;459.0;386.0;231.0;469.0;351.0;442.0;355.0;309.0;542.0;526.0;712.0;290.0;580.0;700.0;309.0;510.0;327.0;631.0;188.0;640.0;460.0;167.0;323.0;337.0;111.0;152.0;242.0;339.0;624.0;262.0;586.0;512.0;268.0;187.0;44.0;448.0;344.0;537.0;269.0;606.0;186.0;543.0;592.0;648.0;647.0;250.0;619.0;168.0;346.0;314.0;313.0;158.0;250.0;171.0;221.0;171.0;615.0;238.0;193.0;232.0;42.0;139.0;347.0;122.0;153.0;156.0;448.0;234.0;161.0;285.0;233.0;469.0;398.0;353.0;183.0;130.0;335.0;384.0;331.0;88.0;389.0;54.0
37;932.0;1021.0;963.0;868.0;562.0;551.0;733.0;788.0;145.0;750.0;480.0;522.0;192.0;1014.0;434.0;942.0;226.0;552.0;962.0;725.0;709.0;988.0;803.0;1025.0;653.0;1015.0;409.0;782.0;436.0;689.0;921.0;298.0;272.0;1038.0;974.0;1076.0;482.0;0.0;555.0;951.0;751.0;628.0;287.0;939.0;975.0;760.0;943.0;613.0;817.0;359.0;735.0;263.0;773.0;581.0;764.0;819.0;999.0;1194.0;682.0;976.0;1145.0;581.0;976.0;690.0;929.0;492.0;929.0;891.0;559.0;281.0;544.0;433.0;338.0;303.0;508.0;906.0;508.0;1048.0;735.0;496.0;576.0;503.0;823.0;293.0;994.0;546.0;838.0;591.0;848.0;901.0;972.0;892.0;420.0;883.0;588.0;341.0;257.0;293.0;559.0;337.0;346.0;595.0;379.0;907.0;466.0;493.0;544.0;471.0;381.0;273.0;520.0;601.0;332.0;798.0;257.0;439.0;409.0;441.0;490.0;658.0;259.0;600.0;457.0;577.0;804.0;371.0;440.0;563.0;479.0
38;377.0;640.0;1016.0;327.0;415.0;276.0;567.0;558.0;419.0;461.0;738.0;717.0;531.0;819.0;208.0;431.0;435.0;691.0;570.0;504.0;276.0;957.0;643.0;653.0;102.0;733.0;521.0;397.0;129.0;640.0;652.0;287.0;460.0;961.0;966.0;808.0;505.0;555.0;0.0;645.0;952.0;823.0;324.0;654.0;540.0;673.0;855.0;118.0;864.0;634.0;278.0;303.0;368.0;201.0;548.0;1046.0;763.0;995.0;792.0;585.0;805.0;803.0;722.0;371.0;442.0;675.0;435.0;580.0;393.0;300.0;191.0;577.0;511.0;596.0;172.0;411.0;741.0;767.0;238.0;741.0;388.0;477.0;449.0;277.0;712.0;760.0;320.0;407.0;386.0;430.0;500.0;373.0;690.0;378.0;426.0;716.0;627.0;294.0;403.0;305.0;558.0;726.0;356.0;420.0;704.0;679.0;308.0;463.0;559.0;295.0;625.0;467.0;504.0;404.0;518.0;345.0;711.0;272.0;65.0;242.0;307.0;423.0;375.0;220.0;504.0;217.0;560.0;146.0;453.0
39;658.0;142.0;622.0;526.0;391.0;429.0;254.0;174.0;820.0;207.0;737.0;665.0;794.0;226.0;569.0;425.0;727.0;601.0;156.0;230.0;374.0;491.0;232.0;129.0;597.0;90.0;593.0;252.0;646.0;382.0;61.0;687.0;692.0;443.0;523.0;165.0;508.0;951.0;645.0;0.0;758.0;694.0;678.0;35.0;243.0;328.0;370.0;530.0;536.0;736.0;385.0;730.0;285.0;458.0;200.0;842.0;148.0;366.0;588.0;153.0;194.0;717.0;103.0;288.0;362.0;647.0;380.0;67.0;392.0;702.0;485.0;611.0;655.0;751.0;524.0;386.0;712.0;122.0;448.0;724.0;375.0;472.0;201.0;707.0;70.0;696.0;455.0;361.0;326.0;330.0;324.0;451.0;739.0;412.0;364.0;849.0;822.0;688.0;393.0;627.0;680.0;598.0;572.0;366.0;709.0;651.0;421.0;500.0;647.0;722.0;564.0;360.0;657.0;250.0;732.0;513.0;775.0;528.0;664.0;404.0;735.0;352.0;495.0;445.0;153.0;641.0;590.0;509.0;487.0
40;1219.0;897.0;290.0;1092.0;568.0;705.0;537.0;618.0;727.0;688.0;272.0;249.0;574.0;634.0;746.0;1067.0;612.0;262.0;884.0;606.0;852.0;405.0;528.0;886.0;992.0;753.0;441.0;810.0;846.0;396.0;698.0;729.0;557.0;490.0;368.0;763.0;447.0;751.0;952.0;758.0;0.0;134.0;686.0;725.0;955.0;432.0;460.0;904.0;241.0;398.0;887.0;750.0;832.0;796.0;598.0;95.0;682.0;741.0;181.0;888.0;905.0;172.0;697.0;721.0;1014.0;290.0;1027.0;744.0;591.0;729.0;782.0;386.0;479.0;456.0;786.0;1017.0;247.0;768.0;940.0;257.0;605.0;480.0;805.0;755.0;744.0;213.0;1023.0;594.0;933.0;974.0;1013.0;1055.0;332.0;1022.0;572.0;422.0;494.0;723.0;579.0;674.0;442.0;226.0;604.0;1004.0;291.0;287.0;670.0;490.0;422.0;751.0;327.0;534.0;487.0;825.0;527.0;607.0;342.0;680.0;912.0;827.0;751.0;583.0;577.0;775.0;708.0;764.0;398.0;835.0;500.0
41;1103.0;827.0;357.0;979.0;453.0;584.0;454.0;539.0;596.0;594.0;151.0;115.0;445.0;607.0;615.0;965.0;479.0;134.0;805.0;515.0;740.0;433.0;463.0;819.0;867.0;704.0;307.0;711.0;714.0;314.0;636.0;595.0;423.0;509.0;404.0;727.0;321.0;628.0;823.0;694.0;134.0;0.0;552.0;664.0;870.0;368.0;452.0;780.0;246.0;270.0;775.0;616.0;730.0;674.0;516.0;224.0;642.0;742.0;115.0;811.0;859.0;51.0;649.0;616.0;916.0;156.0;928.0;670.0;474.0;595.0;658.0;252.0;345.0;328.0;659.0;916.0;120.0;724.0;825.0;133.0;490.0;357.0;712.0;621.0;691.0;82.0;913.0;482.0;832.0;876.0;920.0;949.0;208.0;917.0;460.0;313.0;373.0;589.0;463.0;541.0;309.0;108.0;472.0;904.0;162.0;152.0;549.0;363.0;288.0;617.0;199.0;426.0;353.0;726.0;395.0;479.0;225.0;551.0;781.0;711.0;617.0;472.0;450.0;654.0;621.0;631.0;266.0;710.0;375.0
42;687.0;738.0;821.0;603.0;300.0;264.0;484.0;525.0;145.0;472.0;439.0;438.0;207.0;771.0;152.0;663.0;111.0;432.0;677.0;460.0;425.0;806.0;560.0;743.0;407.0;749.0;249.0;496.0;196.0;480.0;654.0;44.0;142.0;838.0;802.0;814.0;281.0;287.0;324.0;678.0;686.0;552.0;0.0;669.0;688.0;541.0;735.0;347.0;665.0;322.0;452.0;70.0;486.0;297.0;502.0;774.0;743.0;955.0;556.0;691.0;869.0;521.0;715.0;406.0;645.0;396.0;647.0;615.0;291.0;44.0;261.0;301.0;210.0;277.0;228.0;625.0;451.0;782.0;460.0;447.0;305.0;280.0;537.0;69.0;726.0;478.0;564.0;322.0;563.0;616.0;687.0;617.0;385.0;604.0;326.0;394.0;303.0;38.0;294.0;51.0;253.0;475.0;119.0;624.0;409.0;400.0;261.0;250.0;266.0;67.0;375.0;349.0;202.0;511.0;197.0;170.0;399.0;155.0;265.0;374.0;72.0;334.0;197.0;292.0;526.0;108.0;292.0;288.0;251.0
43;683.0;177.0;587.0;551.0;377.0;427.0;229.0;154.0;810.0;204.0;710.0;638.0;778.0;197.0;566.0;454.0;713.0;573.0;189.0;214.0;387.0;457.0;200.0;164.0;611.0;81.0;573.0;266.0;648.0;353.0;27.0;681.0;677.0;411.0;489.0;155.0;488.0;939.0;654.0;35.0;725.0;664.0;669.0;0.0;275.0;296.0;335.0;540.0;502.0;713.0;400.0;724.0;300.0;462.0;180.0;808.0;121.0;347.0;556.0;187.0;212.0;687.0;76.0;290.0;391.0;621.0;408.0;77.0;381.0;696.0;488.0;588.0;637.0;730.0;525.0;413.0;684.0;116.0;465.0;697.0;365.0;453.0;218.0;701.0;59.0;667.0;479.0;349.0;350.0;357.0;356.0;478.0;714.0;438.0;351.0;826.0;802.0;682.0;380.0;619.0;660.0;569.0;561.0;394.0;683.0;624.0;416.0;482.0;626.0;716.0;538.0;343.0;639.0;266.0;715.0;502.0;750.0;522.0;669.0;413.0;728.0;339.0;482.0;448.0;153.0;638.0;568.0;515.0;470.0
44;438.0;134.0;855.0;320.0;468.0;426.0;419.0;337.0;832.0;280.0;878.0;815.0;853.0;468.0;547.0;196.0;768.0;756.0;86.0;356.0;278.0;731.0;435.0;153.0;462.0;315.0;692.0;195.0;588.0;560.0;296.0;682.0;750.0;686.0;760.0;378.0;615.0;975.0;540.0;243.0;955.0;870.0;688.0;275.0;0.0;527.0;608.0;425.0;752.0;844.0;264.0;723.0;202.0;403.0;357.0;1045.0;388.0;585.0;776.0;92.0;301.0;882.0;344.0;297.0;137.0;788.0;154.0;221.0;457.0;699.0;440.0;726.0;738.0;843.0;479.0;169.0;860.0;336.0;305.0;869.0;436.0;572.0;167.0;694.0;303.0;853.0;262.0;432.0;154.0;121.0;84.0;238.0;865.0;204.0;447.0;957.0;907.0;686.0;463.0;639.0;774.0;765.0;611.0;150.0;846.0;792.0;438.0;591.0;749.0;713.0;705.0;465.0;737.0;179.0;802.0;552.0;899.0;535.0;580.0;327.0;727.0;432.0;549.0;402.0;249.0;617.0;703.0;439.0;576.0
45;846.0;465.0;358.0;711.0;265.0;397.0;122.0;192.0;659.0;280.0;432.0;356.0;575.0;267.0;505.0;660.0;540.0;291.0;453.0;199.0;482.0;284.0;97.0;455.0;675.0;338.0;353.0;407.0;610.0;75.0;269.0;570.0;489.0;299.0;294.0;368.0;278.0;760.0;673.0;328.0;432.0;368.0;541.0;296.0;527.0;0.0;194.0;586.0;229.0;464.0;512.0;610.0;435.0;477.0;177.0;519.0;281.0;438.0;260.0;457.0;492.0;395.0;283.0;341.0;602.0;348.0;617.0;313.0;285.0;580.0;482.0;346.0;425.0;496.0;505.0;611.0;402.0;359.0;575.0;416.0;286.0;264.0;389.0;596.0;324.0;380.0;637.0;267.0;529.0;562.0;591.0;659.0;448.0;622.0;249.0;569.0;568.0;568.0;276.0;500.0;431.0;278.0;423.0;595.0;409.0;350.0;366.0;296.0;394.0;604.0;273.0;210.0;430.0;419.0;508.0;382.0;483.0;439.0;659.0;475.0;613.0;251.0;349.0;457.0;286.0;560.0;331.0;530.0;292.0
46;985.0;509.0;256.0;849.0;457.0;582.0;288.0;318.0;849.0;423.0;560.0;485.0;754.0;182.0;697.0;774.0;728.0;427.0;523.0;357.0;638.0;122.0;216.0;494.0;846.0;329.0;534.0;541.0;801.0;257.0;313.0;765.0;675.0;106.0;154.0;317.0;466.0;943.0;855.0;370.0;460.0;452.0;735.0;335.0;608.0;194.0;0.0;760.0;219.0;622.0;664.0;804.0;573.0;656.0;318.0;524.0;248.0;290.0;338.0;522.0;467.0;494.0;279.0;501.0;712.0;491.0;728.0;389.0;476.0;774.0;665.0;516.0;605.0;664.0;691.0;728.0;526.0;333.0;730.0;542.0;474.0;457.0;508.0;791.0;328.0;495.0;774.0;454.0;653.0;674.0;685.0;786.0;592.0;747.0;438.0;716.0;733.0;762.0;467.0;695.0;603.0;398.0;617.0;710.0;546.0;492.0;553.0;488.0;567.0;798.0;432.0;402.0;611.0;548.0;687.0;576.0;625.0;632.0;846.0;641.0;807.0;438.0;544.0;636.0;405.0;753.0;505.0;710.0;485.0
