Vehicle:
Average speed:;1364
Time limit:;535.151
Fuel comsumption rate:;1
Fuel Capacity:;10278.5
Depot:
ID;X;Y;Service Time
0;0;0;0
Customers:
ID;X;Y;Service Time
1;832;885;9.21622
3;406;257;9.21622
4;620;467;9.21622
6;116;423;9.21622
7;104;445;9.21622
8;714;722;9.21622
9;188;503;9.21622
11;932;448;9.21622
12;749;982;9.21622
13;818;889;9.21622
14;377;493;9.21622
15;337;419;9.21622
16;772;605;9.21622
17;373;448;9.21622
18;519;112;9.21622
19;849;274;9.21622
20;533;839;9.21622
21;610;417;9.21622
22;69;583;9.21622
23;573;195;9.21622
24;988;324;9.21622
25;110;550;9.21622
26;271;676;9.21622
27;694;130;9.21622
29;785;614;9.21622
30;321;305;9.21622
31;974;292;9.21622
32;804;556;9.21622
33;372;893;9.21622
34;867;23;9.21622
35;252;660;9.21622
36;588;34;9.21622
37;939;685;9.21622
38;511;524;9.21622
39;948;479;9.21622
40;912;227;9.21622
41;380;807;9.21622
42;309;141;9.21622
43;558;759;9.21622
44;241;225;9.21622
45;920;87;9.21622
46;269;351;9.21622
47;156;776;9.21622
48;251;512;9.21622
49;608;874;9.21622
50;853;269;9.21622
51;897;572;9.21622
52;316;461;9.21622
54;474;152;9.21622
56;15;838;9.21622
57;778;928;9.21622
58;1;896;9.21622
59;804;492;9.21622
60;630;294;9.21622
61;2;966;9.21622
62;254;539;9.21622
63;167;28;9.21622
64;646;879;9.21622
65;863;49;9.21622
68;249;525;9.21622
69;49;605;9.21622
70;990;375;9.21622
71;539;272;9.21622
72;833;561;9.21622
73;84;571;9.21622
74;378;847;9.21622
76;489;204;9.21622
77;815;905;9.21622
78;307;774;9.21622
79;286;204;9.21622
80;517;61;9.21622
81;918;74;9.21622
83;35;597;9.21622
84;918;632;9.21622
85;395;570;9.21622
87;318;94;9.21622
88;893;805;9.21622
89;82;392;9.21622
90;471;899;9.21622
91;567;895;9.21622
92;349;360;9.21622
93;138;560;9.21622
94;459;962;9.21622
96;398;467;9.21622
97;553;606;9.21622
98;952;89;9.21622
99;92;22;9.21622
100;853;188;9.21622
101;643;80;9.21622
102;801;227;9.21622
103;127;74;9.21622
104;727;975;9.21622
105;552;48;9.21622
106;311;959;9.21622
107;647;876;9.21622
108;742;168;9.21622
110;741;8;9.21622
111;975;954;9.21622
112;820;502;9.21622
113;552;300;9.21622
114;802;744;9.21622
115;515;599;9.21622
116;585;600;9.21622
117;573;793;9.21622
118;159;669;9.21622
119;248;369;9.21622
120;868;476;9.21622
121;275;194;9.21622
122;930;933;9.21622
123;233;587;9.21622
124;198;35;9.21622
125;444;648;9.21622
126;184;822;9.21622
127;107;840;9.21622
129;694;813;9.21622
130;446;264;9.21622
131;586;483;9.21622
132;648;274;9.21622
135;963;135;9.21622
136;846;717;9.21622
137;32;487;9.21622
138;358;728;9.21622
139;608;182;9.21622
140;250;367;9.21622
141;989;392;9.21622
143;473;274;9.21622
144;408;84;9.21622
145;762;800;9.21622
146;917;560;9.21622
147;586;830;9.21622
148;571;616;9.21622
149;606;445;9.21622
150;939;116;9.21622
151;551;528;9.21622
153;605;583;9.21622
154;627;249;9.21622
155;53;819;9.21622
156;427;571;9.21622
157;168;479;9.21622
158;679;371;9.21622
159;354;415;9.21622
160;638;444;9.21622
161;535;918;9.21622
162;243;535;9.21622
163;796;796;9.21622
164;886;32;9.21622
165;272;699;9.21622
166;421;935;9.21622
AFSs:
ID;X;Y;Service Time
2;777;632;75.7778
5;58;70;75.7778
10;856;594;75.7778
28;791;590;75.7778
53;825;529;75.7778
55;510;453;75.7778
66;508;759;75.7778
67;64;165;75.7778
75;713;485;75.7778
82;864;397;75.7778
86;87;97;75.7778
95;795;461;75.7778
109;755;589;75.7778
128;312;573;75.7778
133;967;362;75.7778
134;194;330;75.7778
142;820;307;75.7778
152;191;102;75.7778
Distance matrix:
;0;1;2;3;4;5;6;7;8;9;10;11;12;13;14;15;16;17;18;19;20;21;22;23;24;25;26;27;28;29;30;31;32;33;34;35;36;37;38;39;40;41;42;43;44;45;46;47;48;49;50;51;52;53;54;55;56;57;58;59;60;61;62;63;64;65;66;67;68;69;70;71;72;73;74;75;76;77;78;79;80;81;82;83;84;85;86;87;88;89;90;91;92;93;94;95;96;97;98;99;100;101;102;103;104;105;106;107;108;109;110;111;112;113;114;115;116;117;118;119;120;121;122;123;124;125;126;127;128;129;130;131;132;133;134;135;136;137;138;139;140;141;142;143;144;145;146;147;148;149;150;151;152;153;154;155;156;157;158;159;160;161;162;163;164;165;166
0;0.0;1215.0;1002.0;481.0;776.0;91.0;439.0;457.0;1015.0;537.0;1042.0;1034.0;1235.0;1208.0;621.0;538.0;981.0;583.0;531.0;892.0;994.0;739.0;587.0;605.0;1040.0;561.0;728.0;706.0;987.0;997.0;443.0;1017.0;978.0;967.0;867.0;706.0;589.0;1162.0;732.0;1062.0;940.0;892.0;340.0;942.0;330.0;924.0;442.0;792.0;570.0;1065.0;894.0;1064.0;559.0;980.0;498.0;682.0;838.0;1211.0;896.0;943.0;695.0;966.0;596.0;169.0;1091.0;864.0;913.0;177.0;581.0;607.0;1059.0;604.0;1004.0;577.0;928.0;862.0;530.0;1218.0;833.0;351.0;521.0;921.0;951.0;598.0;1115.0;693.0;130.0;332.0;1202.0;400.0;1015.0;1059.0;501.0;577.0;1066.0;919.0;614.0;820.0;956.0;95.0;873.0;648.0;833.0;147.0;1216.0;554.0;1008.0;1089.0;761.0;958.0;741.0;1364.0;961.0;628.0;1094.0;790.0;838.0;978.0;688.0;445.0;990.0;337.0;1317.0;632.0;201.0;786.0;842.0;847.0;652.0;1069.0;518.0;759.0;704.0;1033.0;383.0;972.0;1109.0;488.0;811.0;635.0;444.0;1064.0;876.0;547.0;417.0;1105.0;1074.0;1016.0;840.0;752.0;946.0;763.0;217.0;840.0;675.0;821.0;713.0;508.0;774.0;545.0;777.0;1063.0;588.0;1126.0;887.0;750.0;1025.0
1;1215.0;0.0;259.0;759.0;469.0;1124.0;852.0;851.0;201.0;749.0;292.0;448.0;128.0;15.0;601.0;680.0;286.0;634.0;834.0;611.0;303.0;518.0;821.0;737.0;582.0;796.0;599.0;768.0;298.0;275.0;773.0;610.0;330.0;460.0;863.0;622.0;885.0;227.0;483.0;422.0;663.0;459.0;909.0;302.0;886.0;803.0;776.0;685.0;690.0;224.0;616.0;320.0;668.0;356.0;816.0;539.0;818.0;69.0;831.0;394.0;625.0;834.0;674.0;1085.0;186.0;837.0;348.0;1053.0;685.0;832.0;534.0;679.0;324.0;811.0;456.0;417.0;763.0;26.0;537.0;873.0;882.0;816.0;489.0;847.0;267.0;539.0;1084.0;943.0;101.0;898.0;361.0;265.0;713.0;766.0;381.0;426.0;603.0;395.0;805.0;1137.0;697.0;827.0;659.0;1075.0;138.0;883.0;526.0;185.0;723.0;306.0;882.0;159.0;383.0;649.0;144.0;427.0;377.0;275.0;707.0;779.0;411.0;888.0;109.0;669.0;1060.0;455.0;651.0;726.0;606.0;156.0;731.0;471.0;638.0;540.0;846.0;761.0;169.0;894.0;499.0;738.0;779.0;517.0;578.0;709.0;906.0;110.0;336.0;252.0;375.0;495.0;776.0;454.0;1012.0;378.0;668.0;782.0;512.0;778.0;536.0;670.0;482.0;299.0;685.0;96.0;855.0;590.0;414.0
2;1002.0;259.0;0.0;528.0;228.0;913.0;693.0;698.0;110.0;603.0;88.0;241.0;351.0;260.0;423.0;489.0;27.0;444.0;580.0;365.0;320.0;272.0;710.0;482.0;373.0;672.0;508.0;509.0;44.0;20.0;561.0;393.0;81.0;482.0;616.0;526.0;627.0;170.0;287.0;229.0;427.0;434.0;678.0;253.0;673.0;563.0;581.0;637.0;540.0;295.0;371.0;134.0;492.0;114.0;568.0;321.0;789.0;296.0;820.0;143.0;369.0;844.0;531.0;858.0;280.0;589.0;297.0;852.0;539.0;729.0;334.0;432.0;90.0;696.0;453.0;160.0;516.0;276.0;491.0;651.0;627.0;576.0;251.0;743.0;141.0;387.0;873.0;707.0;208.0;735.0;406.0;337.0;507.0;643.0;458.0;172.0;413.0;226.0;571.0;917.0;450.0;568.0;406.0;857.0;347.0;626.0;569.0;276.0;465.0;48.0;625.0;378.0;137.0;401.0;115.0;264.0;195.0;260.0;619.0;591.0;181.0;666.0;338.0;546.0;832.0;333.0;623.0;702.0;469.0;199.0;495.0;242.0;381.0;330.0;657.0;531.0;109.0;759.0;430.0;481.0;590.0;320.0;328.0;470.0;661.0;169.0;157.0;275.0;207.0;253.0;541.0;249.0;790.0;179.0;411.0;748.0;355.0;628.0;279.0;475.0;234.0;375.0;543.0;165.0;610.0;509.0;467.0
3;481.0;759.0;528.0;0.0;300.0;395.0;334.0;356.0;558.0;329.0;562.0;560.0;802.0;754.0;238.0;176.0;505.0;194.0;184.0;443.0;596.0;259.0;469.0;178.0;586.0;416.0;440.0;315.0;509.0;521.0;98.0;569.0;498.0;637.0;517.0;431.0;288.0;684.0;287.0;586.0;507.0;551.0;151.0;525.0;168.0;541.0;166.0;576.0;298.0;649.0;447.0;583.0;223.0;500.0;125.0;222.0;700.0;767.0;757.0;462.0;227.0;816.0;320.0;331.0;667.0;502.0;512.0;354.0;311.0;499.0;596.0;134.0;524.0;450.0;591.0;382.0;98.0;766.0;526.0;131.0;225.0;544.0;479.0;503.0;635.0;313.0;357.0;185.0;733.0;351.0;645.0;658.0;118.0;405.0;707.0;439.0;210.0;379.0;571.0;392.0;452.0;296.0;396.0;334.0;786.0;255.0;708.0;664.0;348.0;482.0;417.0;900.0;481.0;152.0;628.0;359.0;387.0;561.0;480.0;194.0;511.0;145.0;855.0;373.0;304.0;393.0;607.0;655.0;330.0;626.0;41.0;289.0;243.0;571.0;224.0;570.0;637.0;439.0;473.0;215.0;191.0;598.0;417.0;69.0;173.0;649.0;594.0;601.0;395.0;274.0;551.0;307.0;265.0;382.0;221.0;664.0;315.0;325.0;296.0;166.0;298.0;673.0;322.0;665.0;530.0;462.0;678.0
4;776.0;469.0;228.0;300.0;0.0;688.0;506.0;516.0;272.0;433.0;268.0;313.0;531.0;466.0;244.0;287.0;205.0;248.0;369.0;299.0;382.0;51.0;563.0;276.0;395.0;517.0;407.0;345.0;211.0;221.0;340.0;395.0;204.0;493.0;508.0;416.0;434.0;386.0;123.0;328.0;378.0;416.0;451.0;299.0;450.0;484.0;370.0;557.0;372.0;407.0;306.0;296.0;304.0;214.0;347.0;111.0;710.0;487.0;753.0;186.0;173.0;794.0;373.0;631.0;413.0;484.0;313.0;633.0;376.0;587.0;381.0;211.0;233.0;546.0;451.0;95.0;294.0;479.0;438.0;425.0;419.0;493.0;254.0;599.0;341.0;247.0;649.0;480.0;434.0;543.0;457.0;431.0;291.0;491.0;521.0;175.0;222.0;154.0;503.0;691.0;363.0;388.0;301.0;630.0;519.0;424.0;581.0;410.0;323.0;182.0;475.0;603.0;203.0;180.0;331.0;169.0;138.0;329.0;503.0;385.0;248.0;440.0;560.0;405.0;604.0;252.0;562.0;634.0;326.0;354.0;267.0;38.0;195.0;363.0;447.0;477.0;337.0;588.0;370.0;285.0;383.0;377.0;256.0;243.0;438.0;362.0;311.0;365.0;157.0;26.0;474.0;92.0;563.0;117.0;218.0;667.0;219.0;452.0;113.0;271.0;29.0;459.0;383.0;373.0;510.0;418.0;509.0
5;91.0;1124.0;913.0;395.0;688.0;0.0;358.0;378.0;925.0;452.0;955.0;952.0;1144.0;1117.0;530.0;447.0;892.0;492.0;463.0;817.0;904.0;652.0;513.0;530.0;964.0;483.0;642.0;639.0;899.0;908.0;353.0;943.0;890.0;881.0;810.0;621.0;531.0;1074.0;641.0;979.0;868.0;804.0;261.0;851.0;240.0;862.0;351.0;713.0;482.0;974.0;820.0;978.0;468.0;894.0;424.0;592.0;769.0;1120.0;828.0;857.0;614.0;898.0;508.0;117.0;1000.0;805.0;823.0;95.0;493.0;535.0;981.0;522.0;917.0;502.0;840.0;775.0;451.0;1127.0;747.0;264.0;459.0;860.0;870.0;528.0;1027.0;603.0;40.0;261.0;1112.0;323.0;926.0;969.0;411.0;496.0;978.0;834.0;523.0;730.0;894.0;59.0;804.0;585.0;759.0;69.0;1125.0;494.0;924.0;998.0;691.0;869.0;686.0;1274.0;876.0;545.0;1004.0;699.0;747.0;888.0;607.0;354.0;906.0;250.0;1227.0;546.0;144.0;695.0;762.0;772.0;563.0;978.0;434.0;670.0;624.0;955.0;293.0;907.0;1020.0;418.0;723.0;561.0;354.0;985.0;798.0;462.0;350.0;1014.0;989.0;925.0;749.0;664.0;882.0;673.0;137.0;750.0;596.0;749.0;622.0;424.0;690.0;455.0;690.0;973.0;500.0;1035.0;829.0;664.0;938.0
6;439.0;852.0;693.0;334.0;506.0;358.0;0.0;25.0;669.0;108.0;760.0;816.0;844.0;843.0;270.0;221.0;681.0;258.0;509.0;748.0;589.0;494.0;167.0;511.0;878.0;127.0;297.0;648.0;695.0;696.0;237.0;868.0;701.0;535.0;851.0;273.0;612.0;864.0;408.0;834.0;820.0;466.0;342.0;555.0;234.0;871.0;169.0;355.0;162.0;667.0;753.0;795.0;204.0;717.0;449.0;395.0;427.0;833.0;487.0;691.0;530.0;555.0;180.0;398.0;699.0;835.0;516.0;263.0;168.0;194.0;875.0;449.0;730.0;151.0;498.0;600.0;433.0;849.0;400.0;277.0;540.0;875.0;748.0;192.0;829.0;315.0;327.0;386.0;866.0;46.0;594.0;653.0;241.0;139.0;639.0;680.0;285.0;474.0;900.0;402.0;774.0;629.0;712.0;349.0;823.0;575.0;570.0;698.0;676.0;660.0;750.0;1010.0;708.0;453.0;757.0;436.0;501.0;588.0;250.0;143.0;754.0;279.0;961.0;201.0;397.0;398.0;405.0;417.0;247.0;697.0;366.0;474.0;552.0;853.0;121.0;895.0;787.0;106.0;389.0;548.0;145.0;874.0;713.0;387.0;447.0;748.0;813.0;622.0;494.0;490.0;878.0;447.0;330.0;515.0;540.0;401.0;344.0;76.0;565.0;238.0;522.0;649.0;169.0;776.0;864.0;317.0;596.0
7;457.0;851.0;698.0;356.0;516.0;378.0;25.0;0.0;670.0;102.0;767.0;828.0;839.0;841.0;277.0;234.0;687.0;269.0;532.0;764.0;582.0;507.0;142.0;531.0;892.0;105.0;285.0;669.0;702.0;702.0;258.0;883.0;709.0;522.0;872.0;261.0;635.0;869.0;415.0;845.0;837.0;455.0;367.0;552.0;259.0;891.0;190.0;335.0;162.0;662.0;769.0;803.0;213.0;726.0;472.0;406.0;403.0;829.0;463.0;702.0;547.0;531.0;177.0;422.0;694.0;856.0;512.0;283.0;166.0;169.0;889.0;468.0;738.0;128.0;486.0;610.0;454.0;847.0;387.0;302.0;564.0;895.0;762.0;167.0;835.0;317.0;348.0;411.0;867.0;57.0;584.0;646.0;259.0;120.0;627.0;691.0;295.0;477.0;920.0;423.0;792.0;651.0;730.0;372.0;818.0;599.0;554.0;693.0;696.0;667.0;772.0;1009.0;718.0;471.0;759.0;439.0;505.0;584.0;231.0;163.0;765.0;304.0;959.0;192.0;421.0;396.0;385.0;395.0;244.0;695.0;387.0;483.0;570.0;867.0;146.0;913.0;790.0;83.0;380.0;568.0;166.0;887.0;729.0;407.0;472.0;748.0;821.0;617.0;497.0;502.0;897.0;455.0;354.0;520.0;559.0;377.0;347.0;72.0;580.0;252.0;534.0;640.0;166.0;776.0;884.0;305.0;584.0
8;1015.0;201.0;110.0;558.0;272.0;925.0;669.0;670.0;0.0;570.0;191.0;350.0;262.0;197.0;407.0;484.0;131.0;437.0;640.0;468.0;216.0;322.0;660.0;546.0;483.0;628.0;445.0;592.0;153.0;129.0;573.0;502.0;189.0;382.0;716.0;466.0;699.0;228.0;284.0;337.0;533.0;345.0;708.0;160.0;686.0;668.0;579.0;561.0;508.0;185.0;474.0;237.0;476.0;223.0;618.0;338.0;709.0;216.0;734.0;247.0;436.0;753.0;495.0;884.0;171.0;689.0;209.0;856.0;505.0;675.0;443.0;483.0;200.0;648.0;358.0;237.0;565.0;209.0;410.0;672.0;690.0;679.0;358.0;690.0;223.0;353.0;885.0;742.0;197.0;713.0;301.0;227.0;514.0;598.0;350.0;273.0;406.0;198.0;676.0;936.0;552.0;646.0;503.0;874.0;253.0;693.0;468.0;168.0;555.0;139.0;715.0;349.0;244.0;452.0;91.0;234.0;178.0;158.0;558.0;585.0;290.0;687.0;302.0;500.0;859.0;280.0;539.0;618.0;429.0;93.0;531.0;271.0;453.0;440.0;651.0;638.0;132.0;721.0;356.0;550.0;584.0;430.0;428.0;509.0;708.0;92.0;260.0;167.0;178.0;297.0;646.0;253.0;811.0;177.0;481.0;668.0;324.0;598.0;353.0;473.0;288.0;265.0;507.0;110.0;711.0;443.0;362.0
9;537.0;749.0;603.0;329.0;433.0;452.0;108.0;102.0;570.0;0.0;674.0;746.0;738.0;739.0;189.0;171.0;593.0;193.0;512.0;700.0;482.0;431.0;143.0;493.0;820.0;91.0;192.0;629.0;609.0;607.0;239.0;814.0;618.0;431.0;832.0;170.0;616.0;773.0;324.0;760.0;775.0;360.0;382.0;450.0;283.0;842.0;172.0;275.0;64.0;560.0;705.0;712.0;135.0;638.0;453.0;326.0;377.0;727.0;435.0;616.0;489.0;499.0;75.0;475.0;593.0;813.0;410.0;360.0;65.0;172.0;812.0;420.0;648.0;124.0;393.0;525.0;424.0;745.0;296.0;315.0;551.0;847.0;684.0;180.0;741.0;218.0;418.0;429.0;767.0;153.0;487.0;545.0;215.0;76.0;533.0;608.0;213.0;379.0;869.0;490.0;736.0;621.0;672.0;433.0;716.0;583.0;472.0;591.0;647.0;573.0;742.0;907.0;632.0;417.0;660.0;341.0;409.0;482.0;169.0;147.0;681.0;321.0;858.0;95.0;468.0;294.0;319.0;347.0;142.0;593.0;352.0;399.0;514.0;792.0;173.0;858.0;692.0;157.0;282.0;529.0;149.0;809.0;662.0;366.0;473.0;646.0;731.0;515.0;399.0;422.0;845.0;364.0;401.0;425.0;507.0;344.0;248.0;31.0;508.0;188.0;454.0;541.0;64.0;675.0;842.0;213.0;491.0
10;1042.0;292.0;88.0;562.0;268.0;955.0;760.0;767.0;191.0;674.0;0.0;165.0;402.0;297.0;490.0;548.0;85.0;505.0;588.0;320.0;405.0;303.0;787.0;489.0;301.0;747.0;591.0;491.0;65.0;74.0;608.0;324.0;64.0;569.0;571.0;608.0;621.0;123.0;352.0;147.0;371.0;521.0;710.0;341.0;717.0;511.0;635.0;723.0;611.0;374.0;325.0;47.0;556.0;72.0;584.0;374.0;876.0;343.0;907.0;114.0;376.0;932.0;605.0;892.0;354.0;545.0;385.0;901.0;611.0;807.0;257.0;452.0;40.0;772.0;541.0;180.0;536.0;314.0;578.0;691.0;632.0;524.0;197.0;821.0;73.0;462.0;916.0;734.0;214.0;800.0;491.0;417.0;558.0;719.0;541.0;146.0;475.0;303.0;514.0;954.0;406.0;556.0;371.0;895.0;402.0;625.0;656.0;351.0;441.0;101.0;597.0;379.0;99.0;423.0;159.0;341.0;271.0;346.0;701.0;648.0;119.0;705.0;347.0;623.0;863.0;416.0;710.0;788.0;544.0;272.0;526.0;292.0;382.0;257.0;713.0;471.0;123.0;831.0;516.0;481.0;647.0;242.0;289.0;499.0;679.0;226.0;70.0;359.0;286.0;291.0;485.0;312.0;827.0;251.0;414.0;834.0;430.0;698.0;285.0;533.0;265.0;456.0;616.0;211.0;563.0;593.0;553.0
11;1034.0;448.0;241.0;560.0;313.0;952.0;816.0;828.0;350.0;746.0;165.0;0.0;564.0;455.0;557.0;596.0;224.0;559.0;532.0;193.0;559.0;323.0;873.0;439.0;136.0;828.0;699.0;397.0;200.0;222.0;628.0;162.0;167.0;715.0;430.0;712.0;538.0;237.0;428.0;35.0;222.0;658.0;695.0;486.0;726.0;361.0;670.0;842.0;684.0;535.0;196.0;129.0;616.0;134.0;545.0;422.0;996.0;504.0;1033.0;135.0;339.0;1065.0;684.0;873.0;517.0;405.0;526.0;913.0;687.0;897.0;93.0;431.0;150.0;857.0;683.0;222.0;506.0;472.0;705.0;691.0;567.0;374.0;85.0;909.0;185.0;551.0;915.0;709.0;359.0;852.0;645.0;577.0;590.0;802.0;699.0;138.0;534.0;411.0;360.0;942.0;272.0;468.0;257.0;888.0;565.0;552.0;804.0;514.0;338.0;226.0;480.0;508.0;124.0;408.0;323.0;443.0;379.0;498.0;804.0;689.0;70.0;704.0;485.0;713.0;842.0;527.0;836.0;913.0;632.0;436.0;520.0;348.0;333.0;93.0;747.0;315.0;282.0;901.0;639.0;419.0;687.0;80.0;180.0;491.0;638.0;391.0;113.0;515.0;398.0;326.0;332.0;389.0;818.0;354.0;364.0;954.0;520.0;765.0;264.0;579.0;294.0;615.0;694.0;374.0;419.0;706.0;706.0
12;1235.0;128.0;351.0;802.0;531.0;1144.0;844.0;839.0;262.0;738.0;402.0;564.0;0.0;116.0;614.0;698.0;378.0;653.0;900.0;715.0;259.0;582.0;788.0;806.0;700.0;771.0;568.0;854.0;394.0;370.0;801.0;726.0;430.0;387.0;966.0;592.0;962.0;353.0;516.0;541.0;772.0;408.0;949.0;294.0;912.0;911.0;793.0;628.0;685.0;178.0;721.0;436.0;677.0;459.0;874.0;580.0;748.0;61.0;753.0;493.0;698.0;747.0;664.0;1118.0;146.0;940.0;328.0;1066.0;677.0;795.0;653.0;740.0;429.0;782.0;395.0;498.0;820.0;101.0;488.0;905.0;950.0;924.0;596.0;811.0;389.0;543.0;1105.0;987.0;228.0;890.0;290.0;202.0;740.0;743.0;291.0;523.0;623.0;424.0;916.0;1163.0;801.0;908.0;757.0;1101.0;23.0;955.0;439.0;147.0;814.0;393.0;974.0;228.0;485.0;710.0;244.0;449.0;416.0;258.0;668.0;792.0;520.0;920.0;188.0;650.0;1096.0;452.0;587.0;658.0;599.0;178.0;779.0;525.0;715.0;657.0;856.0;874.0;282.0;871.0;466.0;812.0;792.0;637.0;679.0;760.0;961.0;182.0;454.0;223.0;407.0;556.0;887.0;495.0;1042.0;424.0;743.0;715.0;522.0;768.0;615.0;691.0;549.0;223.0;675.0;192.0;960.0;555.0;331.0
13;1208.0;15.0;260.0;754.0;466.0;1117.0;843.0;841.0;197.0;739.0;297.0;455.0;116.0;0.0;593.0;673.0;288.0;627.0;833.0;616.0;289.0;516.0;809.0;736.0;590.0;785.0;587.0;769.0;300.0;277.0;767.0;617.0;333.0;446.0;867.0;611.0;885.0;237.0;477.0;430.0;669.0;446.0;905.0;291.0;880.0;808.0;769.0;672.0;681.0;211.0;621.0;327.0;660.0;360.0;813.0;534.0;805.0;56.0;817.0;397.0;624.0;820.0;664.0;1079.0;172.0;841.0;336.0;1045.0;675.0;820.0;542.0;677.0;328.0;800.0;442.0;417.0;760.0;16.0;524.0;867.0;881.0;821.0;494.0;836.0;276.0;530.0;1078.0;939.0;113.0;888.0;347.0;251.0;707.0;755.0;366.0;429.0;595.0;388.0;811.0;1131.0;702.0;828.0;662.0;1069.0;125.0;882.0;512.0;171.0;725.0;307.0;884.0;170.0;387.0;646.0;146.0;419.0;371.0;263.0;695.0;772.0;416.0;882.0;120.0;658.0;1055.0;445.0;638.0;713.0;597.0;145.0;727.0;468.0;638.0;548.0;838.0;768.0;174.0;883.0;487.0;738.0;771.0;526.0;582.0;705.0;903.0;105.0;344.0;239.0;368.0;492.0;782.0;449.0;1006.0;373.0;668.0;768.0;504.0;769.0;536.0;663.0;480.0;284.0;675.0;96.0;860.0;578.0;400.0
14;621.0;601.0;423.0;238.0;244.0;530.0;270.0;277.0;407.0;189.0;490.0;557.0;614.0;593.0;0.0;84.0;411.0;45.0;407.0;520.0;380.0;245.0;321.0;357.0;634.0;273.0;211.0;482.0;425.0;426.0;196.0;630.0;432.0;400.0;679.0;209.0;505.0;594.0;138.0;571.0;597.0;314.0;359.0;322.0;301.0;678.0;178.0;359.0;127.0;446.0;526.0;526.0;69.0;449.0;355.0;139.0;500.0;592.0;551.0;427.0;322.0;604.0;131.0;510.0;470.0;658.0;297.0;453.0;132.0;347.0;624.0;274.0;461.0;303.0;354.0;336.0;310.0;601.0;290.0;303.0;454.0;684.0;496.0;357.0;559.0;79.0;491.0;403.0;603.0;312.0;417.0;445.0;136.0;248.0;476.0;419.0;33.0;209.0;703.0;551.0;565.0;491.0;501.0;488.0;596.0;478.0;471.0;469.0;489.0;390.0;606.0;755.0;443.0;261.0;494.0;174.0;234.0;358.0;280.0;179.0;491.0;316.0;707.0;172.0;492.0;169.0;381.0;440.0;103.0;450.0;239.0;209.0;348.0;604.0;245.0;687.0;520.0;345.0;236.0;387.0;179.0;620.0;480.0;239.0;410.0;492.0;544.0;397.0;230.0;234.0;677.0;177.0;433.0;245.0;349.0;460.0;93.0;209.0;326.0;81.0;266.0;453.0;140.0;517.0;687.0;231.0;444.0
15;538.0;680.0;489.0;176.0;287.0;447.0;221.0;234.0;484.0;171.0;548.0;596.0;698.0;673.0;84.0;0.0;473.0;46.0;357.0;532.0;463.0;273.0;314.0;325.0;658.0;262.0;265.0;459.0;485.0;489.0;115.0;650.0;487.0;475.0;662.0;256.0;460.0;658.0;203.0;614.0;606.0;390.0;279.0;406.0;216.0;671.0;96.0;400.0;127.0;530.0;537.0;581.0;47.0;500.0;300.0;176.0;528.0;673.0;583.0;473.0;319.0;641.0;146.0;426.0;554.0;643.0;381.0;373.0;138.0;343.0;654.0;250.0;516.0;295.0;430.0;382.0;263.0;682.0;356.0;221.0;401.0;676.0;527.0;351.0;619.0;162.0;408.0;326.0;677.0;256.0;498.0;529.0;60.0;244.0;557.0;460.0;78.0;286.0;698.0;467.0;565.0;457.0;502.0;404.0;679.0;429.0;541.0;552.0;476.0;451.0;576.0;833.0;490.0;246.0;567.0;253.0;307.0;442.0;307.0;102.0;534.0;233.0;785.0;198.0;408.0;253.0;431.0;480.0;156.0;532.0;189.0;257.0;343.0;633.0;168.0;687.0;590.0;312.0;310.0;360.0;101.0;653.0;496.0;199.0;342.0;571.0;597.0;481.0;306.0;270.0;674.0;240.0;349.0;314.0;336.0;491.0;177.0;179.0;345.0;17.0;302.0;537.0;149.0;594.0;672.0;287.0;523.0
16;981.0;286.0;27.0;505.0;205.0;892.0;681.0;687.0;131.0;593.0;85.0;224.0;378.0;288.0;411.0;473.0;0.0;429.0;554.0;340.0;334.0;248.0;703.0;456.0;354.0;664.0;506.0;481.0;24.0;16.0;542.0;373.0;59.0;493.0;590.0;523.0;600.0;185.0;273.0;216.0;403.0;441.0;655.0;264.0;653.0;539.0;563.0;639.0;529.0;315.0;346.0;129.0;478.0;93.0;542.0;303.0;792.0;323.0;824.0;117.0;342.0;850.0;522.0;836.0;302.0;563.0;306.0;834.0;529.0;723.0;317.0;406.0;75.0;689.0;462.0;134.0;491.0;303.0;495.0;630.0;601.0;551.0;227.0;737.0;148.0;379.0;853.0;684.0;234.0;722.0;421.0;355.0;489.0;636.0;475.0;146.0;399.0;219.0;546.0;896.0;425.0;541.0;379.0;835.0;373.0;599.0;581.0;298.0;438.0;23.0;598.0;404.0;114.0;376.0;142.0;257.0;187.0;274.0;616.0;575.0;161.0;645.0;364.0;539.0;809.0;331.0;627.0;705.0;461.0;222.0;472.0;222.0;353.0;312.0;640.0;507.0;134.0;749.0;432.0;454.0;574.0;304.0;302.0;446.0;636.0;195.0;152.0;292.0;201.0;231.0;517.0;234.0;768.0;168.0;384.0;750.0;347.0;617.0;252.0;459.0;209.0;393.0;534.0;193.0;584.0;509.0;482.0
17;583.0;634.0;444.0;194.0;248.0;492.0;258.0;269.0;437.0;193.0;505.0;559.0;653.0;627.0;45.0;46.0;429.0;0.0;366.0;507.0;422.0;239.0;333.0;323.0;627.0;282.0;250.0;452.0;441.0;444.0;152.0;621.0;444.0;445.0;652.0;244.0;466.0;614.0;158.0;576.0;583.0;359.0;314.0;362.0;259.0;655.0;142.0;393.0;138.0;487.0;512.0;538.0;58.0;459.0;313.0;137.0;529.0;628.0;582.0;433.0;300.0;637.0;150.0;468.0;510.0;632.0;339.0;419.0;146.0;360.0;621.0;242.0;474.0;314.0;399.0;342.0;270.0;636.0;333.0;259.0;413.0;661.0;494.0;369.0;575.0;124.0;453.0;358.0;631.0;296.0;462.0;487.0;91.0;260.0;521.0;422.0;31.0;240.0;681.0;510.0;546.0;456.0;482.0;448.0;635.0;438.0;515.0;508.0;463.0;407.0;574.0;786.0;450.0;232.0;521.0;207.0;261.0;399.0;308.0;148.0;496.0;272.0;739.0;197.0;449.0;212.0;419.0;474.0;139.0;486.0;198.0;216.0;325.0;600.0;214.0;668.0;544.0;343.0;280.0;355.0;147.0;619.0;469.0;201.0;366.0;525.0;555.0;437.0;260.0;233.0;656.0;195.0;391.0;268.0;323.0;490.0;134.0;207.0;316.0;38.0;265.0;497.0;156.0;548.0;660.0;271.0;489.0
18;531.0;834.0;580.0;184.0;369.0;463.0;509.0;532.0;640.0;512.0;588.0;532.0;900.0;833.0;407.0;357.0;554.0;366.0;0.0;368.0;727.0;318.0;651.0;99.0;515.0;599.0;616.0;176.0;550.0;568.0;277.0;489.0;528.0;795.0;359.0;610.0;104.0;710.0;412.0;565.0;409.0;709.0;212.0;648.0;300.0;402.0;346.0;757.0;481.0;767.0;369.0;595.0;404.0;517.0;60.0;341.0;884.0;856.0;940.0;475.0;213.0;998.0;503.0;362.0;777.0;350.0;647.0;458.0;493.0;681.0;539.0;161.0;548.0;632.0;748.0;420.0;97.0;846.0;695.0;251.0;51.0;401.0;447.0;685.0;655.0;474.0;432.0;202.0;787.0;519.0;788.0;784.0;301.0;588.0;852.0;445.0;375.0;495.0;434.0;436.0;343.0;128.0;305.0;394.0;888.0;72.0;872.0;775.0;230.0;532.0;245.0;958.0;493.0;191.0;692.0;487.0;492.0;683.0;663.0;373.0;504.0;257.0;918.0;554.0;330.0;541.0;785.0;836.0;505.0;723.0;169.0;377.0;207.0;513.0;391.0;445.0;688.0;615.0;637.0;113.0;371.0;547.0;359.0;168.0;114.0;730.0;599.0;721.0;507.0;344.0;420.0;417.0;328.0;479.0;174.0;847.0;468.0;508.0;304.0;345.0;353.0;806.0;505.0;738.0;376.0;637.0;829.0
19;892.0;611.0;365.0;443.0;299.0;817.0;748.0;764.0;468.0;700.0;320.0;193.0;715.0;616.0;520.0;532.0;340.0;507.0;368.0;0.0;647.0;279.0;839.0;287.0;148.0;789.0;704.0;212.0;321.0;346.0;529.0;126.0;286.0;781.0;252.0;711.0;355.0;421.0;420.0;228.0;79.0;710.0;556.0;566.0;610.0;200.0;585.0;856.0;644.0;647.0;6.0;302.0;565.0;256.0;394.0;383.0;1007.0;658.0;1052.0;223.0;220.0;1094.0;651.0;725.0;638.0;225.0;593.0;793.0;650.0;866.0;173.0;310.0;287.0;821.0;742.0;251.0;367.0;632.0;737.0;567.0;394.0;212.0;124.0;876.0;365.0;542.0;782.0;561.0;533.0;776.0;730.0;682.0;507.0;766.0;791.0;195.0;491.0;445.0;212.0;798.0;86.0;283.0;67.0;749.0;712.0;373.0;871.0;635.0;151.0;329.0;287.0;692.0;230.0;298.0;472.0;466.0;419.0;588.0;795.0;608.0;203.0;580.0;664.0;691.0;693.0;551.0;862.0;933.0;615.0;561.0;403.0;336.0;201.0;147.0;657.0;180.0;443.0;844.0;669.0;258.0;606.0;183.0;44.0;376.0;480.0;533.0;294.0;615.0;441.0;297.0;182.0;392.0;680.0;394.0;223.0;965.0;516.0;711.0;196.0;515.0;271.0;716.0;660.0;525.0;245.0;717.0;787.0
20;994.0;303.0;320.0;596.0;382.0;904.0;589.0;582.0;216.0;482.0;405.0;559.0;259.0;289.0;380.0;463.0;334.0;422.0;727.0;647.0;0.0;429.0;530.0;645.0;687.0;512.0;309.0;727.0;359.0;338.0;575.0;703.0;392.0;170.0;882.0;333.0;807.0;434.0;316.0;549.0;720.0;156.0;733.0;84.0;680.0;846.0;555.0;382.0;432.0;83.0;654.0;451.0;436.0;426.0;690.0;387.0;518.0;261.0;535.0;440.0;554.0;546.0;410.0;890.0;120.0;856.0;84.0;821.0;423.0;538.0;651.0;567.0;409.0;523.0;155.0;397.0;637.0;290.0;235.0;681.0;778.0;856.0;552.0;554.0;437.0;302.0;866.0;775.0;362.0;635.0;86.0;66.0;513.0;484.0;144.0;460.0;396.0;234.0;859.0;928.0;725.0;767.0;668.0;866.0;237.0;791.0;252.0;120.0;703.0;334.0;857.0;457.0;443.0;539.0;285.0;241.0;245.0;61.0;411.0;550.0;494.0;695.0;408.0;392.0;871.0;211.0;349.0;426.0;346.0;163.0;582.0;360.0;577.0;645.0;612.0;825.0;336.0;612.0;207.0;661.0;550.0;639.0;604.0;568.0;765.0;232.0;475.0;54.0;226.0;401.0;829.0;312.0;812.0;266.0;597.0;480.0;288.0;513.0;490.0;460.0;409.0;79.0;420.0;266.0;881.0;296.0;148.0
21;739.0;518.0;272.0;259.0;51.0;652.0;494.0;507.0;322.0;431.0;303.0;323.0;582.0;516.0;245.0;273.0;248.0;239.0;318.0;279.0;429.0;0.0;566.0;225.0;389.0;517.0;427.0;299.0;250.0;264.0;310.0;385.0;239.0;532.0;470.0;433.0;384.0;424.0;146.0;344.0;357.0;453.0;408.0;346.0;416.0;453.0;347.0;579.0;371.0;457.0;285.0;326.0;297.0;242.0;298.0;106.0;729.0;538.0;775.0;208.0;125.0;819.0;376.0;590.0;463.0;447.0;357.0;601.0;377.0;592.0;382.0;161.0;265.0;548.0;489.0;123.0;245.0;529.0;468.0;388.0;368.0;461.0;255.0;603.0;376.0;264.0;613.0;435.0;480.0;529.0;502.0;480.0;267.0;493.0;566.0;190.0;218.0;197.0;474.0;651.0;334.0;339.0;269.0;592.0;570.0;374.0;619.0;460.0;282.0;225.0;429.0;649.0;227.0;131.0;379.0;205.0;185.0;378.0;517.0;365.0;265.0;402.0;607.0;414.0;562.0;284.0;588.0;657.0;336.0;405.0;224.0;70.0;148.0;361.0;425.0;452.0;382.0;582.0;400.0;235.0;363.0;380.0;237.0;198.0;389.0;412.0;339.0;414.0;203.0;28.0;446.0;126.0;524.0;166.0;169.0;687.0;239.0;446.0;83.0;256.0;39.0;507.0;386.0;422.0;474.0;440.0;551.0
22;587.0;821.0;710.0;469.0;563.0;513.0;167.0;142.0;660.0;143.0;787.0;873.0;788.0;809.0;321.0;314.0;703.0;333.0;651.0;839.0;530.0;566.0;0.0;636.0;955.0;53.0;222.0;772.0;722.0;717.0;375.0;951.0;735.0;433.0;975.0;199.0;755.0;876.0;446.0;885.0;915.0;383.0;503.0;520.0;397.0;985.0;306.0;212.0;195.0;613.0;845.0;828.0;275.0;758.0;591.0;460.0;261.0;788.0;320.0;741.0;631.0;389.0;190.0;564.0;648.0;957.0;473.0;418.0;189.0;30.0;944.0;564.0;764.0;19.0;406.0;651.0;566.0;813.0;305.0;437.0;688.0;990.0;816.0;37.0;850.0;326.0;486.0;549.0;853.0;191.0;511.0;588.0;358.0;73.0;544.0;736.0;349.0;485.0;1012.0;561.0;878.0;763.0;814.0;512.0;766.0;721.0;447.0;648.0;791.0;686.0;884.0;979.0;755.0;560.0;750.0;446.0;516.0;546.0;124.0;279.0;806.0;440.0;929.0;164.0;563.0;381.0;265.0;260.0;243.0;666.0;494.0;527.0;656.0;925.0;282.0;1000.0;788.0;103.0;323.0;672.0;282.0;940.0;800.0;509.0;603.0;726.0;848.0;573.0;503.0;554.0;987.0;485.0;496.0;536.0;650.0;237.0;358.0;144.0;646.0;331.0;586.0;574.0;180.0;758.0;985.0;234.0;498.0
23;605.0;737.0;482.0;178.0;276.0;530.0;511.0;531.0;546.0;493.0;489.0;439.0;806.0;736.0;357.0;325.0;456.0;323.0;99.0;287.0;645.0;225.0;636.0;0.0;435.0;583.0;568.0;137.0;451.0;470.0;275.0;413.0;429.0;726.0;341.0;565.0;162.0;612.0;335.0;470.0;341.0;642.0;269.0;564.0;333.0;363.0;342.0;715.0;452.0;680.0;290.0;497.0;370.0;418.0;108.0;266.0;851.0;761.0;905.0;376.0;114.0;959.0;469.0;439.0;688.0;325.0;568.0;510.0;462.0;665.0;454.0;84.0;449.0;617.0;681.0;322.0;84.0;750.0;637.0;287.0;145.0;366.0;354.0;672.0;557.0;415.0;496.0;274.0;689.0;529.0;711.0;700.0;278.0;568.0;775.0;346.0;323.0;411.0;394.0;511.0;280.0;135.0;230.0;462.0;795.0;148.0;808.0;685.0;171.0;434.0;251.0;859.0;394.0;107.0;595.0;408.0;405.0;598.0;629.0;369.0;407.0;298.0;820.0;519.0;408.0;471.0;738.0;796.0;459.0;630.0;145.0;288.0;109.0;428.0;402.0;395.0;589.0;615.0;575.0;37.0;366.0;460.0;271.0;127.0;199.0;634.0;502.0;635.0;421.0;252.0;374.0;334.0;393.0;389.0;76.0;812.0;403.0;495.0;205.0;310.0;257.0;724.0;474.0;641.0;353.0;587.0;755.0
24;1040.0;582.0;373.0;586.0;395.0;964.0;878.0;892.0;483.0;820.0;301.0;136.0;700.0;590.0;634.0;658.0;354.0;627.0;515.0;148.0;687.0;389.0;955.0;435.0;0.0;907.0;799.0;352.0;331.0;354.0;667.0;35.0;296.0;839.0;324.0;809.0;494.0;364.0;517.0;160.0;123.0;777.0;703.0;612.0;754.0;247.0;720.0;947.0;761.0;669.0;146.0;264.0;686.0;262.0;542.0;495.0;1100.0;639.0;1141.0;249.0;359.0;1177.0;765.0;873.0;652.0;302.0;648.0;938.0;766.0;980.0;51.0;452.0;283.0;937.0;804.0;319.0;513.0;606.0;816.0;712.0;539.0;260.0;144.0;991.0;316.0;642.0;929.0;708.0;490.0;909.0;773.0;709.0;640.0;882.0;829.0;237.0;607.0;518.0;238.0;946.0;192.0;423.0;211.0;897.0;701.0;516.0;928.0;649.0;291.0;353.0;401.0;630.0;245.0;437.0;459.0;547.0;488.0;626.0;898.0;741.0;194.0;725.0;612.0;799.0;841.0;633.0;946.0;1021.0;720.0;571.0;545.0;432.0;344.0;43.0;794.0;191.0;418.0;970.0;748.0;406.0;739.0;68.0;169.0;517.0;628.0;527.0;246.0;646.0;509.0;401.0;214.0;482.0;827.0;462.0;369.0;1058.0;613.0;835.0;313.0;640.0;370.0;747.0;774.0;510.0;309.0;808.0;834.0
25;561.0;796.0;672.0;416.0;517.0;483.0;127.0;105.0;628.0;91.0;747.0;828.0;771.0;785.0;273.0;262.0;664.0;282.0;599.0;789.0;512.0;517.0;53.0;583.0;907.0;0.0;204.0;719.0;682.0;678.0;323.0;902.0;694.0;432.0;922.0;180.0;703.0;840.0;402.0;841.0;865.0;373.0;455.0;494.0;350.0;933.0;255.0;231.0;146.0;594.0;794.0;787.0;224.0;715.0;539.0;412.0;303.0;768.0;363.0;696.0;580.0;430.0;144.0;525.0;629.0;904.0;450.0;388.0;141.0;82.0;897.0;511.0;723.0;33.0;400.0;606.0;513.0;789.0;298.0;388.0;636.0;938.0;769.0;89.0;812.0;286.0;454.0;501.0;823.0;160.0;502.0;573.0;305.0;30.0;540.0;691.0;300.0;447.0;960.0;528.0;826.0;711.0;763.0;476.0;749.0;669.0;456.0;628.0;738.0;646.0;832.0;955.0;712.0;508.0;719.0;408.0;478.0;523.0;129.0;228.0;762.0;392.0;905.0;128.0;522.0;348.0;282.0;290.0;203.0;640.0;441.0;481.0;605.0;877.0;235.0;949.0;755.0;100.0;305.0;619.0;230.0;893.0;750.0;456.0;553.0;698.0;807.0;552.0;466.0;507.0;936.0;442.0;455.0;496.0;598.0;275.0;318.0;92.0;596.0;279.0;539.0;562.0;134.0;729.0;933.0;220.0;495.0
26;728.0;599.0;508.0;440.0;407.0;642.0;297.0;285.0;445.0;192.0;591.0;699.0;568.0;587.0;211.0;265.0;506.0;250.0;616.0;704.0;309.0;427.0;222.0;568.0;799.0;204.0;0.0;691.0;527.0;518.0;374.0;801.0;546.0;239.0;884.0;25.0;716.0;668.0;284.0;705.0;783.0;170.0;536.0;299.0;452.0;876.0;325.0;152.0;165.0;391.0;710.0;635.0;220.0;573.0;562.0;327.0;303.0;566.0;348.0;564.0;524.0;396.0;138.0;656.0;426.0;862.0;251.0;551.0;153.0;233.0;779.0;485.0;574.0;214.0;202.0;482.0;520.0;590.0;104.0;472.0;662.0;884.0;655.0;249.0;648.0;163.0;608.0;584.0;635.0;341.0;300.0;368.0;325.0;176.0;342.0;566.0;245.0;291.0;899.0;678.0;760.0;703.0;695.0;619.0;545.0;688.0;286.0;426.0;693.0;492.0;817.0;757.0;576.0;469.0;535.0;256.0;323.0;324.0;112.0;308.0;630.0;482.0;707.0;97.0;645.0;175.0;170.0;232.0;111.0;445.0;448.0;369.0;551.0;764.0;354.0;878.0;576.0;305.0;101.0;598.0;310.0;772.0;661.0;450.0;608.0;506.0;656.0;351.0;306.0;407.0;872.0;317.0;580.0;347.0;556.0;261.0;188.0;222.0;509.0;274.0;434.0;358.0;144.0;539.0;890.0;23.0;299.0
27;706.0;768.0;509.0;315.0;345.0;639.0;648.0;669.0;592.0;629.0;491.0;397.0;854.0;769.0;482.0;459.0;481.0;452.0;176.0;212.0;727.0;299.0;772.0;137.0;352.0;719.0;691.0;0.0;470.0;492.0;412.0;323.0;440.0;828.0;203.0;690.0;143.0;607.0;434.0;432.0;239.0;746.0;385.0;644.0;463.0;230.0;479.0;841.0;585.0;749.0;211.0;486.0;502.0;420.0;221.0;372.0;981.0;802.0;1033.0;378.0;176.0;1085.0;601.0;537.0;751.0;187.0;656.0;631.0;595.0;801.0;384.0;210.0;453.0;753.0;784.0;356.0;218.0;784.0;751.0;415.0;190.0;231.0;317.0;808.0;550.0;532.0;608.0;378.0;704.0;666.0;801.0;775.0;415.0;703.0;865.0;346.0;449.0;496.0;261.0;612.0;169.0;71.0;144.0;570.0;846.0;164.0;913.0;747.0;61.0;463.0;131.0;871.0;393.0;222.0;623.0;502.0;482.0;674.0;759.0;506.0;387.0;424.0;837.0;649.0;505.0;575.0;860.0;921.0;585.0;683.0;282.0;369.0;151.0;358.0;539.0;269.0;606.0;752.0;686.0;100.0;503.0;395.0;217.0;264.0;290.0;673.0;484.0;708.0;501.0;327.0;245.0;423.0;504.0;462.0;137.0;941.0;516.0;631.0;241.0;444.0;319.0;804.0;606.0;674.0;216.0;708.0;850.0
28;987.0;298.0;44.0;509.0;211.0;899.0;695.0;702.0;153.0;609.0;65.0;200.0;394.0;300.0;425.0;485.0;24.0;441.0;550.0;321.0;359.0;250.0;722.0;451.0;331.0;682.0;527.0;470.0;0.0;25.0;550.0;350.0;36.0;517.0;572.0;544.0;592.0;176.0;288.0;192.0;383.0;465.0;659.0;288.0;660.0;519.0;574.0;662.0;546.0;338.0;327.0;108.0;492.0;70.0;541.0;313.0;815.0;338.0;847.0;99.0;337.0;874.0;539.0;840.0;323.0;546.0;330.0;842.0;546.0;742.0;293.0;406.0;51.0;707.0;486.0;131.0;490.0;316.0;518.0;636.0;596.0;531.0;206.0;756.0;134.0;397.0;859.0;685.0;238.0;736.0;445.0;378.0;498.0;654.0;499.0;129.0;412.0;239.0;526.0;901.0;407.0;531.0;363.0;841.0;390.0;592.0;605.0;320.0;425.0;36.0;584.0;408.0;93.0;376.0;154.0;276.0;206.0;298.0;637.0;586.0;138.0;650.0;370.0;558.0;812.0;352.0;650.0;728.0;479.0;243.0;475.0;231.0;347.0;288.0;651.0;486.0;138.0;766.0;454.0;447.0;585.0;280.0;284.0;448.0;635.0;212.0;130.0;316.0;222.0;235.0;497.0;248.0;773.0;186.0;378.0;773.0;364.0;633.0;246.0;471.0;211.0;416.0;551.0;206.0;566.0;530.0;506.0
29;997.0;275.0;20.0;521.0;221.0;908.0;696.0;702.0;129.0;607.0;74.0;222.0;370.0;277.0;426.0;489.0;16.0;444.0;568.0;346.0;338.0;264.0;717.0;470.0;354.0;678.0;518.0;492.0;25.0;0.0;557.0;373.0;61.0;498.0;597.0;535.0;613.0;170.0;288.0;212.0;407.0;449.0;671.0;269.0;669.0;544.0;579.0;650.0;544.0;315.0;352.0;120.0;493.0;94.0;557.0;319.0;802.0;314.0;833.0;123.0;356.0;858.0;536.0;852.0;299.0;570.0;313.0;849.0;543.0;736.0;315.0;421.0;72.0;702.0;469.0;148.0;506.0;293.0;504.0;646.0;615.0;556.0;231.0;750.0;134.0;392.0;869.0;699.0;219.0;737.0;424.0;356.0;505.0;649.0;477.0;153.0;414.0;232.0;551.0;911.0;431.0;553.0;387.0;851.0;366.0;612.0;586.0;296.0;448.0;39.0;608.0;389.0;117.0;391.0;131.0;270.0;200.0;277.0;628.0;590.0;161.0;661.0;350.0;553.0;825.0;343.0;636.0;715.0;475.0;219.0;487.0;238.0;367.0;311.0;656.0;511.0;120.0;764.0;442.0;467.0;589.0;301.0;309.0;461.0;650.0;187.0;143.0;294.0;214.0;246.0;521.0;249.0;784.0;183.0;398.0;760.0;361.0;632.0;265.0;475.0;225.0;394.0;548.0;182.0;591.0;520.0;485.0
30;443.0;773.0;561.0;98.0;340.0;353.0;237.0;258.0;573.0;239.0;608.0;628.0;801.0;767.0;196.0;115.0;542.0;152.0;277.0;529.0;575.0;310.0;375.0;275.0;667.0;323.0;374.0;412.0;550.0;557.0;0.0;653.0;544.0;590.0;615.0;362.0;380.0;725.0;290.0;651.0;596.0;505.0;164.0;512.0;113.0;637.0;69.0;499.0;219.0;637.0;533.0;635.0;156.0;552.0;216.0;240.0;615.0;773.0;672.0;518.0;309.0;734.0;243.0;317.0;660.0;599.0;491.0;293.0;231.0;405.0;673.0;220.0;572.0;356.0;545.0;431.0;196.0;777.0;469.0;107.0;313.0;640.0;551.0;409.0;681.0;275.0;313.0;211.0;760.0;254.0;613.0;639.0;62.0;314.0;671.0;499.0;179.0;380.0;667.0;364.0;545.0;393.0;486.0;302.0;783.0;346.0;654.0;658.0;443.0;519.0;514.0;921.0;536.0;231.0;651.0;352.0;396.0;549.0;398.0;97.0;573.0;120.0;875.0;295.0;297.0;364.0;535.0;576.0;268.0;630.0;132.0;319.0;328.0;649.0;129.0;664.0;667.0;342.0;425.0;312.0;94.0;674.0;499.0;155.0;238.0;663.0;648.0;588.0;399.0;318.0;646.0;320.0;241.0;397.0;311.0;580.0;286.0;232.0;364.0;115.0;346.0;649.0;243.0;683.0;627.0;397.0;638.0
31;1017.0;610.0;393.0;569.0;395.0;943.0;868.0;883.0;502.0;814.0;324.0;162.0;726.0;617.0;630.0;650.0;373.0;621.0;489.0;126.0;703.0;385.0;951.0;413.0;35.0;902.0;801.0;323.0;350.0;373.0;653.0;0.0;314.0;851.0;289.0;810.0;464.0;395.0;518.0;189.0;90.0;786.0;682.0;625.0;736.0;212.0;707.0;950.0;756.0;688.0;123.0;290.0;679.0;280.0;519.0;491.0;1104.0;666.0;1145.0;262.0;344.0;1183.0;761.0;849.0;672.0;267.0;660.0;919.0;762.0;977.0;85.0;435.0;304.0;933.0;814.0;325.0;493.0;633.0;823.0;694.0;512.0;225.0;152.0;987.0;345.0;642.0;908.0;685.0;519.0;898.0;788.0;728.0;629.0;878.0;845.0;246.0;602.0;525.0;204.0;922.0;160.0;393.0;185.0;875.0;726.0;487.0;940.0;669.0;263.0;369.0;367.0;662.0;260.0;422.0;484.0;552.0;496.0;642.0;898.0;730.0;212.0;706.0;643.0;798.0;817.0;638.0;951.0;1026.0;719.0;591.0;529.0;432.0;326.0;70.0;781.0;157.0;444.0;962.0;755.0;382.0;728.0;101.0;155.0;501.0;603.0;550.0;274.0;663.0;517.0;399.0;179.0;484.0;806.0;470.0;350.0;1061.0;614.0;827.0;305.0;632.0;369.0;765.0;770.0;535.0;274.0;811.0;848.0
32;978.0;330.0;81.0;498.0;204.0;890.0;701.0;709.0;189.0;618.0;64.0;167.0;430.0;333.0;432.0;487.0;59.0;444.0;528.0;286.0;392.0;239.0;735.0;429.0;296.0;694.0;546.0;440.0;36.0;61.0;544.0;314.0;0.0;548.0;537.0;562.0;565.0;187.0;295.0;163.0;346.0;493.0;646.0;319.0;653.0;483.0;573.0;684.0;555.0;374.0;291.0;94.0;497.0;34.0;522.0;312.0;838.0;373.0;872.0;64.0;315.0;901.0;550.0;827.0;360.0;510.0;359.0;837.0;556.0;757.0;260.0;388.0;29.0;720.0;516.0;115.0;472.0;349.0;543.0;626.0;572.0;495.0;170.0;770.0;137.0;409.0;851.0;671.0;264.0;740.0;478.0;414.0;495.0;666.0;533.0;95.0;416.0;256.0;490.0;890.0;371.0;502.0;329.0;831.0;426.0;567.0;637.0;356.0;393.0;59.0;552.0;433.0;56.0;359.0;188.0;292.0;223.0;331.0;655.0;587.0;102.0;641.0;397.0;572.0;799.0;372.0;675.0;753.0;492.0;280.0;462.0;230.0;322.0;253.0;651.0;450.0;166.0;775.0;478.0;422.0;585.0;247.0;250.0;435.0;616.0;248.0;113.0;350.0;241.0;227.0;460.0;255.0;763.0;201.0;354.0;796.0;377.0;641.0;223.0;472.0;200.0;451.0;561.0;240.0;530.0;551.0;539.0
33;967.0;460.0;482.0;637.0;493.0;881.0;535.0;522.0;382.0;431.0;569.0;715.0;387.0;446.0;400.0;475.0;493.0;445.0;795.0;781.0;170.0;532.0;433.0;726.0;839.0;432.0;239.0;828.0;517.0;498.0;590.0;851.0;548.0;0.0;1001.0;262.0;886.0;604.0;394.0;709.0;857.0;86.0;755.0;229.0;681.0;975.0;552.0;246.0;400.0;237.0;788.0;615.0;436.0;581.0;748.0;461.0;361.0;408.0;371.0;589.0;652.0;377.0;373.0;889.0;274.0;976.0;191.0;790.0;388.0;433.0;806.0;643.0;568.0;432.0;46.0;532.0;699.0;443.0;136.0;694.0;845.0;984.0;699.0;449.0;605.0;324.0;845.0;801.0;528.0;579.0;99.0;195.0;533.0;407.0;111.0;605.0;427.0;339.0;991.0;915.0;853.0;857.0;792.0;855.0;364.0;864.0;90.0;276.0;814.0;489.0;959.0;606.0;595.0;620.0;455.0;327.0;362.0;225.0;309.0;538.0;648.0;706.0;559.0;336.0;875.0;255.0;201.0;270.0;326.0;332.0;633.0;462.0;678.0;797.0;590.0;961.0;506.0;530.0;166.0;749.0;540.0;795.0;738.0;627.0;810.0;401.0;639.0;223.0;341.0;505.0;962.0;407.0;811.0;388.0;693.0;327.0;327.0;462.0;606.0;478.0;522.0;165.0;381.0;435.0;1003.0;218.0;65.0
34;867.0;863.0;616.0;517.0;508.0;810.0;851.0;872.0;716.0;832.0;571.0;430.0;966.0;867.0;679.0;662.0;590.0;652.0;359.0;252.0;882.0;470.0;975.0;341.0;324.0;922.0;884.0;203.0;572.0;597.0;615.0;289.0;537.0;1001.0;0.0;885.0;279.0;666.0;615.0;463.0;209.0;923.0;570.0;798.0;658.0;83.0;682.0;1036.0;786.0;890.0;246.0;550.0;704.0;508.0;414.0;559.0;1179.0;909.0;1230.0;473.0;360.0;1280.0;801.0;700.0;884.0;26.0;819.0;815.0;796.0;1004.0;373.0;412.0;539.0;956.0;958.0;487.0;419.0;884.0;937.0;609.0;352.0;72.0;374.0;1011.0;611.0;722.0;784.0;554.0;782.0;867.0;961.0;922.0;618.0;905.0;1024.0;444.0;646.0;662.0;108.0;775.0;166.0;231.0;214.0;742.0;962.0;316.0;1089.0;881.0;191.0;577.0;127.0;937.0;481.0;419.0;724.0;675.0;642.0;824.0;958.0;709.0;453.0;616.0;912.0;849.0;669.0;755.0;1051.0;1116.0;781.0;809.0;485.0;539.0;333.0;353.0;740.0;148.0;694.0;955.0;870.0;304.0;706.0;389.0;288.0;467.0;463.0;784.0;539.0;855.0;663.0;496.0;118.0;596.0;681.0;618.0;330.0;1139.0;703.0;835.0;396.0;646.0;479.0;955.0;807.0;776.0;21.0;901.0;1015.0
35;706.0;622.0;526.0;431.0;416.0;621.0;273.0;261.0;466.0;170.0;608.0;712.0;592.0;611.0;209.0;256.0;523.0;244.0;610.0;711.0;333.0;433.0;199.0;565.0;809.0;180.0;25.0;690.0;544.0;535.0;362.0;810.0;562.0;262.0;885.0;0.0;710.0;687.0;293.0;719.0;789.0;195.0;522.0;322.0;435.0;880.0;309.0;151.0;148.0;415.0;717.0;651.0;209.0;588.0;554.0;331.0;296.0;590.0;345.0;577.0;526.0;395.0;121.0;638.0;451.0;864.0;274.0;529.0;135.0;210.0;791.0;483.0;589.0;190.0;225.0;493.0;514.0;614.0;127.0;457.0;655.0;887.0;666.0;226.0;667.0;169.0;587.0;570.0;657.0;317.0;324.0;393.0;315.0;152.0;366.0;578.0;242.0;306.0;903.0;658.0;764.0;699.0;699.0;599.0;570.0;682.0;305.0;450.0;694.0;508.0;815.0;780.0;590.0;469.0;556.0;270.0;338.0;347.0;93.0;291.0;643.0;467.0;731.0;75.0;627.0;192.0;176.0;231.0;106.0;468.0;441.0;378.0;553.0;775.0;335.0;884.0;597.0;280.0;126.0;596.0;293.0;784.0;669.0;445.0;597.0;529.0;672.0;375.0;322.0;414.0;876.0;327.0;561.0;361.0;556.0;255.0;196.0;200.0;516.0;265.0;442.0;383.0;125.0;561.0;892.0;44.0;323.0
