Vehicle:
Average speed:;1318
Time limit:;400.757
Fuel comsumption rate:;1
Fuel Capacity:;13181
Depot:
ID;X;Y;Service Time
0;0;0;0
Customers:
ID;X;Y;Service Time
1;615;190;17.3421
2;890;200;17.3421
3;983;684;17.3421
6;969;841;17.3421
7;607;256;17.3421
8;936;274;17.3421
11;789;172;17.3421
12;632;209;17.3421
13;849;163;17.3421
14;829;283;17.3421
15;618;147;17.3421
16;925;627;17.3421
18;903;460;17.3421
19;666;368;17.3421
20;906;622;17.3421
21;833;185;17.3421
23;989;691;17.3421
25;429;500;17.3421
28;674;183;17.3421
29;720;99;17.3421
30;951;705;17.3421
32;953;661;17.3421
33;425;212;17.3421
34;775;159;17.3421
35;900;649;17.3421
36;943;290;17.3421
37;724;315;17.3421
38;927;705;17.3421
39;865;817;17.3421
40;872;161;17.3421
41;966;478;17.3421
44;603;140;17.3421
45;598;122;17.3421
49;775;230;17.3421
50;908;849;17.3421
51;625;138;17.3421
54;849;183;17.3421
56;619;495;17.3421
57;844;67;17.3421
58;861;276;17.3421
61;869;766;17.3421
63;852;110;17.3421
64;976;143;17.3421
66;688;211;17.3421
67;857;199;17.3421
68;758;636;17.3421
69;990;213;17.3421
70;973;806;17.3421
71;748;240;17.3421
72;737;95;17.3421
73;933;664;17.3421
74;770;172;17.3421
75;616;250;17.3421
76;641;146;17.3421
77;867;199;17.3421
79;711;277;17.3421
80;893;778;17.3421
81;992;868;17.3421
83;869;204;17.3421
85;849;185;17.3421
86;918;400;17.3421
87;645;144;17.3421
88;923;339;17.3421
89;931;686;17.3421
90;582;212;17.3421
92;572;192;17.3421
93;676;183;17.3421
94;989;59;17.3421
95;798;642;17.3421
97;686;188;17.3421
100;603;126;17.3421
101;657;185;17.3421
102;574;195;17.3421
103;661;174;17.3421
104;614;195;17.3421
105;961;162;17.3421
AFSs:
ID;X;Y;Service Time
4;959;743;45.4483
5;569;146;45.4483
9;650;221;45.4483
10;943;547;45.4483
17;925;192;45.4483
22;411;136;45.4483
24;601;221;45.4483
26;522;218;45.4483
27;760;346;45.4483
31;898;154;45.4483
42;974;694;45.4483
43;669;159;45.4483
46;715;230;45.4483
47;777;693;45.4483
48;890;231;45.4483
52;490;185;45.4483
53;643;163;45.4483
55;998;675;45.4483
59;888;679;45.4483
60;641;141;45.4483
62;495;244;45.4483
65;921;783;45.4483
78;544;327;45.4483
82;685;11;45.4483
84;646;260;45.4483
91;1000;309;45.4483
96;582;39;45.4483
98;995;720;45.4483
99;802;185;45.4483
Distance matrix:
;0;1;2;3;4;5;6;7;8;9;10;11;12;13;14;15;16;17;18;19;20;21;22;23;24;25;26;27;28;29;30;31;32;33;34;35;36;37;38;39;40;41;42;43;44;45;46;47;48;49;50;51;52;53;54;55;56;57;58;59;60;61;62;63;64;65;66;67;68;69;70;71;72;73;74;75;76;77;78;79;80;81;82;83;84;85;86;87;88;89;90;91;92;93;94;95;96;97;98;99;100;101;102;103;104;105
0;0.0;644.0;912.0;1198.0;1213.0;587.0;1283.0;659.0;975.0;687.0;1090.0;808.0;666.0;865.0;876.0;635.0;1117.0;945.0;1013.0;761.0;1099.0;853.0;433.0;1206.0;640.0;659.0;566.0;835.0;698.0;727.0;1184.0;911.0;1160.0;475.0;791.0;1110.0;987.0;790.0;1165.0;1190.0;887.0;1078.0;1196.0;688.0;619.0;610.0;751.0;1041.0;919.0;808.0;1243.0;640.0;524.0;663.0;868.0;1205.0;793.0;847.0;904.0;1118.0;656.0;1158.0;552.0;859.0;986.0;1209.0;720.0;880.0;989.0;1013.0;1263.0;786.0;743.0;1145.0;789.0;665.0;657.0;890.0;635.0;763.0;1184.0;1318.0;685.0;893.0;696.0;869.0;1001.0;661.0;983.0;1156.0;619.0;1047.0;603.0;700.0;991.0;1024.0;583.0;711.0;1228.0;823.0;616.0;683.0;606.0;684.0;644.0;975.0
1;644.0;0.0;275.0;616.0;651.0;64.0;741.0;66.0;332.0;47.0;485.0;175.0;25.0;236.0;233.0;43.0;536.0;310.0;395.0;185.0;521.0;218.0;211.0;625.0;34.0;362.0;97.0;213.0;59.0;139.0;615.0;285.0;580.0;191.0;163.0;540.0;343.0;166.0;602.0;675.0;259.0;454.0;619.0;62.0;51.0;70.0;108.0;528.0;278.0;165.0;721.0;53.0;125.0;39.0;234.0;618.0;305.0;260.0;261.0;560.0;55.0;630.0;132.0;250.0;364.0;667.0;76.0;242.0;468.0;376.0;712.0;142.0;155.0;571.0;156.0;60.0;51.0;252.0;154.0;130.0;650.0;776.0;192.0;254.0;77.0;234.0;369.0;55.0;342.0;588.0;40.0;403.0;43.0;61.0;396.0;488.0;155.0;71.0;652.0;187.0;65.0;42.0;41.0;49.0;5.0;347.0
2;912.0;275.0;0.0;493.0;547.0;326.0;646.0;288.0;87.0;241.0;351.0;105.0;258.0;55.0;103.0;277.0;428.0;36.0;260.0;280.0;422.0;59.0;483.0;501.0;290.0;550.0;368.0;195.0;217.0;198.0;509.0;47.0;465.0;465.0;122.0;449.0;104.0;202.0;506.0;618.0;43.0;288.0;501.0;225.0;293.0;302.0;178.0;506.0;31.0;119.0;649.0;272.0;400.0;250.0;44.0;487.0;401.0;141.0;81.0;479.0;256.0;566.0;397.0;98.0;103.0;584.0;202.0;33.0;456.0;101.0;612.0;148.0;186.0;466.0;123.0;279.0;255.0;23.0;369.0;195.0;578.0;676.0;279.0;21.0;251.0;44.0;202.0;251.0;143.0;488.0;308.0;155.0;318.0;215.0;172.0;451.0;348.0;204.0;530.0;89.0;296.0;233.0;316.0;230.0;276.0;81.0
3;1198.0;616.0;493.0;0.0;64.0;679.0;158.0;570.0;413.0;570.0;143.0;548.0;591.0;538.0;430.0;649.0;81.0;495.0;238.0;448.0;99.0;521.0;792.0;9.0;600.0;584.0;655.0;405.0;589.0;641.0;38.0;537.0;38.0;731.0;565.0;90.0;396.0;451.0;60.0;178.0;535.0;207.0;13.0;612.0;664.0;681.0;527.0;206.0;462.0;499.0;181.0;653.0;701.0;622.0;519.0;17.0;410.0;632.0;426.0;95.0;642.0;140.0;657.0;589.0;541.0;117.0;557.0;501.0;230.0;471.0;122.0;502.0;638.0;54.0;555.0;568.0;638.0;499.0;566.0;490.0;130.0;184.0;736.0;493.0;542.0;517.0;291.0;637.0;350.0;52.0;619.0;375.0;641.0;588.0;625.0;190.0;759.0;578.0;38.0;531.0;675.0;596.0;637.0;603.0;613.0;522.0
4;1213.0;651.0;547.0;64.0;0.0;713.0;99.0;601.0;470.0;607.0;197.0;596.0;626.0;590.0;478.0;687.0;121.0;552.0;288.0;476.0;132.0;572.0;818.0;60.0;633.0;583.0;683.0;444.0;628.0;687.0;39.0;592.0;82.0;753.0;612.0;111.0;453.0;488.0;50.0;120.0;588.0;265.0;51.0;652.0;700.0;718.0;568.0;189.0;517.0;545.0;118.0;691.0;729.0;660.0;571.0;78.0;421.0;686.0;477.0;96.0;681.0;93.0;681.0;642.0;600.0;55.0;597.0;553.0;228.0;531.0;65.0;545.0;685.0;83.0;601.0;601.0;676.0;552.0;588.0;528.0;75.0;129.0;782.0;546.0;576.0;569.0;345.0;676.0;406.0;64.0;651.0;436.0;673.0;627.0;685.0;190.0;799.0;619.0;43.0;580.0;712.0;634.0;670.0;642.0;648.0;581.0
5;587.0;64.0;326.0;679.0;713.0;0.0;802.0;116.0;389.0;110.0;548.0;222.0;89.0;281.0;294.0;49.0;598.0;359.0;458.0;242.0;583.0;267.0;158.0;688.0;82.0;381.0;86.0;277.0;111.0;158.0;677.0;329.0;642.0;158.0;206.0;602.0;401.0;229.0;664.0;733.0;303.0;518.0;681.0;101.0;35.0;38.0;168.0;585.0;332.0;222.0;780.0;57.0;88.0;76.0;282.0;681.0;353.0;286.0;320.0;621.0;72.0;689.0;123.0;285.0;407.0;728.0;136.0;293.0;525.0;426.0;774.0;202.0;176.0;633.0;203.0;114.0;72.0;303.0;183.0;193.0;710.0;837.0;178.0;306.0;138.0;283.0;432.0;76.0;403.0;650.0;67.0;461.0;46.0;113.0;429.0;546.0;108.0;124.0;715.0;236.0;39.0;96.0;49.0;96.0;67.0;392.0
6;1283.0;741.0;646.0;158.0;99.0;802.0;0.0;688.0;568.0;697.0;295.0;693.0;716.0;689.0;575.0;778.0;218.0;650.0;387.0;562.0;228.0;670.0;899.0;151.0;721.0;639.0;767.0;537.0;721.0;783.0;137.0;691.0;181.0;832.0;709.0;204.0;552.0;580.0;142.0;107.0;687.0;363.0;147.0;745.0;791.0;809.0;662.0;242.0;615.0;641.0;62.0;783.0;812.0;752.0;669.0;169.0;492.0;784.0;575.0;181.0;773.0;125.0;762.0;740.0;698.0;75.0;690.0;652.0;294.0;628.0;35.0;640.0;781.0;181.0;698.0;688.0;769.0;650.0;667.0;620.0;99.0;35.0;877.0;645.0;665.0;667.0;444.0;769.0;504.0;160.0;739.0;533.0;761.0;720.0;782.0;262.0;890.0;712.0;124.0;677.0;803.0;726.0;757.0;735.0;737.0;679.0
7;659.0;66.0;288.0;570.0;601.0;116.0;688.0;0.0;329.0;55.0;444.0;200.0;53.0;259.0;224.0;110.0;489.0;324.0;359.0;127.0;473.0;237.0;230.0;579.0;36.0;302.0;93.0;178.0;99.0;193.0;566.0;308.0;533.0;187.0;194.0;490.0;338.0;131.0;551.0;617.0;282.0;422.0;571.0;115.0;116.0;134.0;111.0;469.0;284.0;170.0;665.0;119.0;137.0;100.0;253.0;573.0;239.0;303.0;255.0;508.0;120.0;573.0;113.0;285.0;386.0;613.0;93.0;256.0;409.0;385.0;661.0;142.0;207.0;522.0;183.0;11.0;115.0;266.0;95.0;106.0;595.0;723.0;257.0;267.0;39.0;252.0;343.0;118.0;327.0;538.0;51.0;397.0;73.0;100.0;430.0;431.0;218.0;104.0;605.0;208.0;130.0;87.0;69.0;98.0;61.0;366.0
8;975.0;332.0;87.0;413.0;470.0;389.0;568.0;329.0;0.0;291.0;273.0;179.0;311.0;141.0;107.0;342.0;353.0;83.0;189.0;286.0;349.0;136.0;543.0;420.0;339.0;555.0;418.0;190.0;277.0;278.0;431.0;126.0;387.0;515.0;198.0;377.0;17.0;216.0;431.0;548.0;130.0;206.0;422.0;291.0;359.0;371.0;225.0;448.0;63.0;167.0;576.0;339.0;455.0;313.0;126.0;406.0;386.0;227.0;75.0;408.0;324.0;497.0;442.0;184.0;137.0;509.0;256.0;109.0;403.0;81.0;533.0;191.0;268.0;390.0;195.0;321.0;322.0;102.0;396.0;225.0;506.0;597.0;364.0;97.0;290.0;124.0;127.0;319.0;66.0;412.0;359.0;73.0;373.0;275.0;221.0;393.0;425.0;264.0;450.0;161.0;364.0;293.0;371.0;293.0;332.0;115.0
9;687.0;47.0;241.0;570.0;607.0;110.0;697.0;55.0;291.0;0.0;438.0;147.0;22.0;207.0;189.0;81.0;490.0;277.0;348.0;148.0;476.0;187.0;254.0;580.0;49.0;356.0;128.0;167.0;45.0;141.0;570.0;257.0;534.0;225.0;140.0;496.0;301.0;120.0;558.0;634.0;230.0;407.0;573.0;65.0;94.0;112.0;66.0;489.0;240.0;125.0;679.0;87.0;164.0;58.0;203.0;572.0;276.0;248.0;218.0;516.0;81.0;587.0;157.0;230.0;335.0;624.0;39.0;208.0;429.0;340.0;668.0;100.0;153.0;526.0;130.0;45.0;76.0;218.0;150.0;83.0;608.0;732.0;213.0;220.0;39.0;202.0;322.0;77.0;297.0;543.0;69.0;361.0;83.0;46.0;376.0;446.0;194.0;49.0;607.0;156.0;106.0;37.0;80.0;48.0;44.0;317.0
10;1090.0;485.0;351.0;143.0;197.0;548.0;295.0;444.0;273.0;438.0;0.0;405.0;459.0;395.0;288.0;515.0;82.0;355.0;96.0;330.0;84.0;378.0;672.0;151.0;472.0;516.0;534.0;272.0;453.0;500.0;158.0;396.0;114.0;617.0;423.0;111.0;257.0;319.0;159.0;281.0;392.0;73.0;150.0;475.0;530.0;547.0;390.0;221.0;320.0;359.0;304.0;518.0;580.0;487.0;376.0;139.0;328.0;490.0;283.0;143.0;506.0;231.0;541.0;446.0;405.0;237.0;422.0;358.0;205.0;337.0;261.0;364.0;497.0;117.0;413.0;442.0;502.0;356.0;456.0;356.0;236.0;325.0;595.0;351.0;413.0;374.0;149.0;501.0;209.0;140.0;492.0;245.0;513.0;451.0;490.0;173.0;623.0;442.0;181.0;388.0;541.0;461.0;510.0;468.0;482.0;385.0
11;808.0;175.0;105.0;548.0;596.0;222.0;693.0;200.0;179.0;147.0;405.0;0.0;161.0;61.0;118.0;173.0;475.0;137.0;310.0;231.0;465.0;46.0;380.0;556.0;194.0;487.0;271.0;176.0;116.0;100.0;557.0;110.0;516.0;366.0;19.0;490.0;194.0;157.0;551.0;649.0;84.0;354.0;554.0;121.0;189.0;197.0;94.0;521.0;117.0;60.0;687.0;167.0;299.0;146.0;61.0;545.0;365.0;119.0;126.0;517.0;151.0;599.0;303.0;88.0;189.0;625.0;108.0;73.0;465.0;205.0;660.0;79.0;93.0;513.0;19.0;190.0;150.0;83.0;290.0;131.0;615.0;725.0;192.0;86.0;168.0;61.0;262.0;147.0;214.0;533.0;211.0;252.0;218.0;114.0;230.0;470.0;246.0;104.0;585.0;18.0;192.0;133.0;216.0;128.0;177.0;172.0
12;666.0;25.0;258.0;591.0;626.0;89.0;716.0;53.0;311.0;22.0;459.0;161.0;0.0;222.0;210.0;64.0;510.0;293.0;369.0;163.0;496.0;202.0;233.0;600.0;33.0;355.0;110.0;187.0;49.0;141.0;590.0;272.0;554.0;207.0;151.0;515.0;321.0;140.0;577.0;651.0;245.0;429.0;593.0;62.0;75.0;93.0;86.0;505.0;259.0;145.0;697.0;71.0;144.0;47.0;219.0;593.0;286.0;255.0;239.0;535.0;69.0;605.0;141.0;241.0;350.0;643.0;56.0;225.0;445.0;358.0;688.0;120.0;155.0;546.0;143.0;44.0;64.0;235.0;147.0;104.0;626.0;751.0;205.0;237.0;53.0;218.0;344.0;66.0;319.0;563.0;50.0;381.0;62.0;51.0;387.0;464.0;177.0;58.0;627.0;172.0;88.0;35.0;60.0;45.0;23.0;332.0
13;865.0;236.0;55.0;538.0;590.0;281.0;689.0;259.0;141.0;207.0;395.0;61.0;222.0;0.0;122.0;232.0;470.0;81.0;302.0;275.0;463.0;27.0;439.0;546.0;255.0;538.0;332.0;203.0;176.0;144.0;552.0;50.0;509.0;427.0;74.0;489.0;158.0;197.0;548.0;654.0;23.0;336.0;546.0;180.0;247.0;254.0;150.0;535.0;79.0;100.0;689.0;225.0;360.0;206.0;20.0;533.0;404.0;96.0;114.0;517.0;209.0;603.0;363.0;53.0;129.0;624.0;168.0;37.0;482.0;150.0;655.0;127.0;131.0;508.0;80.0;249.0;209.0;40.0;346.0;179.0;617.0;719.0;224.0;46.0;225.0;22.0;247.0;205.0;191.0;529.0;271.0;210.0;279.0;174.0;174.0;482.0;294.0;165.0;576.0;52.0;249.0;193.0;277.0;188.0;237.0;112.0
14;876.0;233.0;103.0;430.0;478.0;294.0;575.0;224.0;107.0;189.0;288.0;118.0;210.0;122.0;0.0;251.0;357.0;132.0;192.0;184.0;348.0;98.0;443.0;438.0;236.0;455.0;314.0;93.0;184.0;214.0;439.0;146.0;398.0;410.0;135.0;373.0;114.0;110.0;433.0;535.0;129.0;238.0;436.0;202.0;267.0;282.0;126.0;413.0;80.0;76.0;571.0;250.0;353.0;221.0;102.0;427.0;298.0;217.0;33.0;400.0;236.0;485.0;336.0;175.0;203.0;508.0;158.0;89.0;360.0;176.0;542.0;92.0;209.0;395.0;126.0;216.0;233.0;92.0;288.0;118.0;499.0;607.0;308.0;89.0;184.0;100.0;147.0;231.0;109.0;416.0;257.0;173.0;273.0;183.0;275.0;360.0;347.0;172.0;467.0;102.0;275.0;198.0;270.0;200.0;232.0;179.0
15;635.0;43.0;277.0;649.0;687.0;49.0;778.0;110.0;342.0;81.0;515.0;173.0;64.0;232.0;251.0;0.0;570.0;310.0;423.0;226.0;555.0;218.0;207.0;658.0;76.0;400.0;119.0;244.0;67.0;113.0;650.0;280.0;614.0;204.0;157.0;576.0;355.0;199.0;638.0;714.0;254.0;480.0;653.0;52.0;17.0;32.0;128.0;569.0;285.0;178.0;760.0;11.0;134.0;30.0;234.0;651.0;348.0;240.0;275.0;597.0;24.0;668.0;157.0;237.0;358.0;704.0;95.0;245.0;509.0;378.0;749.0;160.0;130.0;605.0;154.0;103.0;23.0;254.0;195.0;160.0;688.0;812.0;152.0;257.0;116.0;234.0;392.0;27.0;360.0;623.0;74.0;415.0;64.0;68.0;381.0;527.0;114.0;79.0;686.0;188.0;26.0;54.0;65.0;51.0;48.0;343.0
16;1117.0;536.0;428.0;81.0;121.0;598.0;218.0;489.0;353.0;490.0;82.0;475.0;510.0;470.0;357.0;570.0;0.0;435.0;168.0;366.0;20.0;451.0;711.0;91.0;519.0;512.0;574.0;326.0;510.0;566.0;82.0;474.0;44.0;650.0;491.0;33.0;337.0;371.0;78.0;199.0;469.0;155.0;83.0;533.0;584.0;602.0;449.0;162.0;398.0;424.0;223.0;574.0;620.0;543.0;450.0;87.0;333.0;566.0;357.0;64.0;563.0;150.0;576.0;522.0;487.0;156.0;479.0;433.0;167.0;419.0;185.0;426.0;564.0;38.0;481.0;487.0;559.0;432.0;485.0;410.0;154.0;250.0;661.0;427.0;461.0;448.0;227.0;558.0;288.0;59.0;538.0;327.0;560.0;509.0;572.0;128.0;681.0;500.0;116.0;459.0;596.0;517.0;557.0;524.0;532.0;466.0
17;945.0;310.0;36.0;495.0;552.0;359.0;650.0;324.0;83.0;277.0;355.0;137.0;293.0;81.0;132.0;310.0;435.0;0.0;269.0;313.0;430.0;92.0;517.0;503.0;325.0;584.0;404.0;226.0;251.0;225.0;514.0;47.0;470.0;500.0;154.0;458.0;100.0;236.0;513.0;628.0;61.0;289.0;504.0;258.0;326.0;334.0;213.0;522.0;52.0;155.0;657.0;305.0;435.0;283.0;77.0;488.0;431.0;149.0;106.0;488.0;289.0;577.0;433.0;110.0;71.0;591.0;238.0;68.0;474.0;68.0;616.0;183.0;212.0;472.0;156.0;314.0;288.0;58.0;404.0;230.0;587.0;679.0;301.0;57.0;287.0;76.0;208.0;284.0;147.0;494.0;344.0;139.0;353.0;249.0;148.0;468.0;376.0;239.0;533.0;123.0;329.0;268.0;351.0;265.0;311.0;47.0
18;1013.0;395.0;260.0;238.0;288.0;458.0;387.0;359.0;189.0;348.0;96.0;310.0;369.0;302.0;192.0;423.0;168.0;269.0;0.0;254.0;162.0;284.0;589.0;246.0;385.0;476.0;451.0;183.0;359.0;405.0;250.0;306.0;207.0;539.0;327.0;189.0;175.0;230.0;246.0;359.0;301.0;66.0;245.0;381.0;439.0;455.0;297.0;265.0;229.0;263.0;389.0;425.0;496.0;395.0;282.0;235.0;286.0;397.0;189.0;220.0;413.0;308.0;462.0;354.0;325.0;324.0;329.0;265.0;228.0;262.0;353.0;269.0;401.0;206.0;317.0;356.0;409.0;263.0;383.0;265.0;318.0;418.0;499.0;258.0;326.0;280.0;62.0;408.0;123.0;228.0;406.0;179.0;426.0;358.0;410.0;210.0;529.0;348.0;276.0;293.0;449.0;369.0;422.0;375.0;392.0;304.0
19;761.0;185.0;280.0;448.0;476.0;242.0;562.0;127.0;286.0;148.0;330.0;231.0;163.0;275.0;184.0;226.0;366.0;313.0;254.0;0.0;349.0;248.0;345.0;457.0;161.0;271.0;208.0;97.0;185.0;274.0;441.0;316.0;410.0;287.0;236.0;366.0;288.0;79.0;426.0;491.0;292.0;320.0;448.0;209.0;237.0;255.0;146.0;343.0;263.0;176.0;538.0;234.0;254.0;206.0;260.0;452.0;135.0;350.0;216.0;382.0;228.0;447.0;211.0;318.0;383.0;487.0;159.0;255.0;283.0;359.0;535.0;152.0;282.0;399.0;222.0;128.0;223.0;263.0;129.0;102.0;469.0;597.0;358.0;261.0;110.0;259.0;254.0;225.0;259.0;414.0;177.0;339.0;200.0;185.0;447.0;304.0;340.0;181.0;482.0;228.0;250.0;183.0;196.0;194.0;181.0;360.0
20;1099.0;521.0;422.0;99.0;132.0;583.0;228.0;473.0;349.0;476.0;84.0;465.0;496.0;463.0;348.0;555.0;20.0;430.0;162.0;349.0;0.0;443.0;694.0;108.0;504.0;492.0;557.0;312.0;497.0;555.0;94.0;468.0;61.0;632.0;481.0;28.0;334.0;357.0;86.0;199.0;462.0;156.0;99.0;520.0;569.0;587.0;436.0;147.0;391.0;413.0;227.0;560.0;603.0;529.0;443.0;106.0;314.0;558.0;349.0;60.0;549.0;149.0;558.0;515.0;484.0;162.0;465.0;426.0;149.0;418.0;196.0;413.0;553.0;50.0;470.0;472.0;545.0;425.0;467.0;396.0;157.0;261.0;650.0;420.0;446.0;441.0;222.0;545.0;284.0;69.0;523.0;327.0;544.0;496.0;569.0;110.0;667.0;487.0;132.0;449.0;581.0;503.0;541.0;511.0;517.0;463.0
21;853.0;218.0;59.0;521.0;572.0;267.0;670.0;237.0;136.0;187.0;378.0;46.0;202.0;27.0;98.0;218.0;451.0;92.0;284.0;248.0;443.0;0.0;425.0;530.0;235.0;512.0;313.0;177.0;159.0;142.0;533.0;72.0;491.0;409.0;64.0;469.0;152.0;170.0;528.0;633.0;46.0;322.0;528.0;166.0;234.0;243.0;126.0;511.0;73.0;73.0;668.0;213.0;343.0;191.0;16.0;517.0;377.0;119.0;95.0;497.0;197.0;582.0;343.0;77.0;149.0;604.0;147.0;28.0;457.0;159.0;637.0;101.0;132.0;489.0;64.0;227.0;196.0;37.0;322.0;153.0;596.0;701.0;228.0;41.0;201.0;16.0;231.0;192.0;178.0;510.0;252.0;208.0;261.0;157.0;201.0;458.0;290.0;147.0;559.0;31.0;237.0;176.0;259.0;172.0;219.0;130.0
22;433.0;211.0;483.0;792.0;818.0;158.0;899.0;230.0;543.0;254.0;672.0;380.0;233.0;439.0;443.0;207.0;711.0;517.0;589.0;345.0;694.0;425.0;0.0;801.0;208.0;364.0;138.0;407.0;267.0;311.0;784.0;487.0;755.0;77.0;365.0;709.0;554.0;361.0;768.0;818.0;462.0;652.0;793.0;259.0;192.0;188.0;318.0;666.0;488.0;376.0;869.0;214.0;93.0;234.0;441.0;797.0;415.0;438.0;471.0;723.0;230.0;779.0;137.0;442.0;565.0;824.0;287.0;450.0;609.0;584.0;874.0;353.0;329.0;742.0;361.0;235.0;230.0;460.0;233.0;331.0;803.0;935.0;301.0;463.0;266.0;441.0;572.0;234.0;551.0;757.0;187.0;614.0;170.0;269.0;583.0;637.0;197.0;280.0;826.0;394.0;192.0;251.0;173.0;253.0;211.0;551.0
23;1206.0;625.0;501.0;9.0;60.0;688.0;151.0;579.0;420.0;580.0;151.0;556.0;600.0;546.0;438.0;658.0;91.0;503.0;246.0;457.0;108.0;530.0;801.0;0.0;609.0;592.0;665.0;414.0;598.0;650.0;40.0;545.0;47.0;740.0;573.0;98.0;404.0;460.0;64.0;177.0;543.0;214.0;15.0;621.0;673.0;690.0;536.0;212.0;471.0;508.0;178.0;662.0;711.0;631.0;527.0;18.0;419.0;641.0;434.0;102.0;651.0;142.0;666.0;597.0;548.0;114.0;567.0;509.0;237.0;478.0;116.0;511.0;647.0;62.0;563.0;578.0;647.0;507.0;575.0;499.0;130.0;177.0;745.0;502.0;551.0;525.0;300.0;646.0;358.0;58.0;629.0;382.0;650.0;597.0;632.0;197.0;769.0;587.0;30.0;539.0;684.0;605.0;647.0;612.0;622.0;530.0
24;640.0;34.0;290.0;600.0;633.0;82.0;721.0;36.0;339.0;49.0;472.0;194.0;33.0;255.0;236.0;76.0;519.0;325.0;385.0;161.0;504.0;235.0;208.0;609.0;0.0;328.0;79.0;202.0;82.0;170.0;597.0;304.0;563.0;176.0;185.0;522.0;349.0;155.0;584.0;652.0;278.0;446.0;602.0;92.0;81.0;99.0;114.0;504.0;289.0;174.0;699.0;86.0;117.0;72.0;251.0;603.0;275.0;288.0;266.0;540.0;89.0;607.0;108.0;274.0;383.0;647.0;88.0;257.0;444.0;389.0;693.0;148.0;185.0;554.0;176.0;33.0;85.0;267.0;120.0;123.0;629.0;756.0;226.0;269.0;60.0;251.0;364.0;89.0;343.0;570.0;21.0;409.0;41.0;84.0;420.0;465.0;183.0;91.0;636.0;204.0;95.0;67.0;37.0;76.0;29.0;365.0
25;659.0;362.0;550.0;584.0;583.0;381.0;639.0;302.0;555.0;356.0;516.0;487.0;355.0;538.0;455.0;400.0;512.0;584.0;476.0;271.0;492.0;512.0;364.0;592.0;328.0;0.0;297.0;365.0;401.0;495.0;561.0;583.0;548.0;288.0;486.0;494.0;555.0;348.0;539.0;539.0;558.0;537.0;578.0;417.0;400.0;414.0;393.0;398.0;534.0;439.0;593.0;412.0;321.0;399.0;526.0;595.0;190.0;600.0;487.0;493.0;417.0;514.0;264.0;575.0;653.0;568.0;388.0;523.0;356.0;630.0;624.0;412.0;509.0;530.0;473.0;312.0;413.0;531.0;208.0;360.0;541.0;673.0;552.0;530.0;324.0;525.0;499.0;416.0;520.0;535.0;326.0;602.0;340.0;402.0;713.0;395.0;486.0;404.0;607.0;488.0;412.0;389.0;338.0;400.0;357.0;630.0
26;566.0;97.0;368.0;655.0;683.0;86.0;767.0;93.0;418.0;128.0;534.0;271.0;110.0;332.0;314.0;119.0;574.0;404.0;451.0;208.0;557.0;313.0;138.0;665.0;79.0;297.0;0.0;270.0;156.0;231.0;649.0;381.0;618.0;97.0;260.0;573.0;427.0;224.0;633.0;690.0;355.0;515.0;656.0;158.0;112.0;122.0;193.0;539.0;368.0;253.0;740.0;130.0;46.0;133.0;329.0;660.0;293.0;356.0;344.0;589.0;142.0;649.0;37.0;347.0;460.0;692.0;166.0;336.0;480.0;468.0;741.0;227.0;248.0;606.0;252.0;99.0;139.0;346.0;111.0;198.0;672.0;802.0;263.0;347.0;131.0;329.0;436.0;144.0;419.0;622.0;60.0;487.0;56.0;158.0;493.0;506.0;189.0;167.0;690.0;282.0;123.0;139.0;57.0;146.0;95.0;443.0
27;835.0;213.0;195.0;405.0;444.0;277.0;537.0;178.0;190.0;167.0;272.0;176.0;187.0;203.0;93.0;244.0;326.0;226.0;183.0;97.0;312.0;177.0;407.0;414.0;202.0;365.0;270.0;0.0;184.0;250.0;407.0;236.0;369.0;361.0;188.0;334.0;191.0;48.0;396.0;483.0;216.0;245.0;409.0;208.0;259.0;276.0;124.0;347.0;174.0;117.0;524.0;248.0;314.0;217.0;186.0;406.0;205.0;291.0;123.0;357.0;237.0;434.0;284.0;253.0;296.0;466.0;153.0;176.0;290.0;266.0;507.0;107.0;252.0;362.0;174.0;173.0;233.0;182.0;217.0;85.0;452.0;571.0;343.0;179.0;143.0;184.0;167.0;232.0;163.0;381.0;223.0;243.0;243.0;183.0;367.0;298.0;355.0;174.0;442.0;166.0;270.0;191.0;240.0;198.0;210.0;273.0
28;698.0;59.0;217.0;589.0;628.0;111.0;721.0;99.0;277.0;45.0;453.0;116.0;49.0;176.0;184.0;67.0;510.0;251.0;359.0;185.0;497.0;159.0;267.0;598.0;82.0;401.0;156.0;184.0;0.0;96.0;591.0;226.0;553.0;251.0;104.0;518.0;289.0;141.0;580.0;662.0;199.0;415.0;593.0;25.0;83.0;97.0;62.0;520.0;221.0;111.0;706.0;67.0;184.0;37.0;175.0;589.0;317.0;206.0;209.0;540.0;53.0;615.0;189.0;192.0;305.0;649.0;31.0;184.0;461.0;317.0;691.0;93.0;108.0;546.0;97.0;89.0;50.0;194.0;194.0;101.0;634.0;755.0;172.0;196.0;82.0;175.0;327.0;49.0;294.0;565.0;96.0;350.0;102.0;2.0;339.0;475.0;171.0;13.0;626.0;128.0;91.0;17.0;101.0;16.0;61.0;288.0
29;727.0;139.0;198.0;641.0;687.0;158.0;783.0;193.0;278.0;141.0;500.0;100.0;141.0;144.0;214.0;113.0;566.0;225.0;405.0;274.0;555.0;142.0;311.0;650.0;170.0;495.0;231.0;250.0;96.0;0.0;649.0;186.0;608.0;316.0;81.0;579.0;294.0;216.0;640.0;732.0;164.0;452.0;647.0;79.0;124.0;124.0;131.0;597.0;215.0;142.0;773.0;103.0;246.0;100.0;154.0;640.0;409.0;128.0;226.0;604.0;89.0;683.0;268.0;132.0;260.0;713.0;116.0;170.0;538.0;293.0;751.0;144.0;17.0;604.0;88.0;183.0;92.0;178.0;288.0;178.0;701.0;816.0;95.0;182.0;177.0;155.0;360.0;87.0;314.0;624.0;178.0;350.0;175.0;95.0;272.0;549.0;150.0;95.0;679.0;119.0;120.0;107.0;175.0;95.0;143.0;249.0
30;1184.0;615.0;509.0;38.0;39.0;677.0;137.0;566.0;431.0;570.0;158.0;557.0;590.0;552.0;439.0;650.0;82.0;514.0;250.0;441.0;94.0;533.0;784.0;40.0;597.0;561.0;649.0;407.0;591.0;649.0;0.0;554.0;44.0;721.0;574.0;76.0;415.0;451.0;24.0;141.0;550.0;227.0;25.0;615.0;664.0;682.0;530.0;174.0;478.0;507.0;150.0;654.0;695.0;623.0;532.0;56.0;393.0;647.0;438.0;68.0;644.0;102.0;648.0;603.0;563.0;84.0;560.0;515.0;205.0;494.0;103.0;507.0;646.0;45.0;563.0;565.0;639.0;513.0;555.0;491.0;93.0;168.0;743.0;508.0;539.0;530.0;307.0;639.0;367.0;28.0;616.0;399.0;638.0;590.0;647.0;165.0;761.0;581.0;46.0;541.0;676.0;597.0;634.0;605.0;611.0;543.0
31;911.0;285.0;47.0;537.0;592.0;329.0;691.0;308.0;126.0;257.0;396.0;110.0;272.0;50.0;146.0;280.0;474.0;47.0;306.0;316.0;468.0;72.0;487.0;545.0;304.0;583.0;381.0;236.0;226.0;186.0;554.0;0.0;510.0;477.0;123.0;495.0;143.0;237.0;552.0;664.0;27.0;331.0;545.0;229.0;295.0;302.0;198.0;552.0;77.0;145.0;695.0;273.0;409.0;255.0;57.0;531.0;441.0;102.0;127.0;525.0;257.0;613.0;413.0;64.0;79.0;629.0;218.0;61.0;502.0;109.0;656.0;173.0;171.0;511.0;129.0;298.0;257.0;55.0;394.0;224.0;624.0;720.0;257.0;58.0;273.0;58.0;247.0;253.0;187.0;533.0;321.0;186.0;328.0;224.0;132.0;498.0;336.0;215.0;574.0;101.0;296.0;243.0;327.0;238.0;287.0;64.0
32;1160.0;580.0;465.0;38.0;82.0;642.0;181.0;533.0;387.0;534.0;114.0;516.0;554.0;509.0;398.0;614.0;44.0;470.0;207.0;410.0;61.0;491.0;755.0;47.0;563.0;548.0;618.0;369.0;553.0;608.0;44.0;510.0;0.0;693.0;533.0;54.0;371.0;415.0;51.0;179.0;507.0;183.0;39.0;577.0;628.0;645.0;492.0;179.0;435.0;466.0;193.0;617.0;664.0;587.0;489.0;47.0;373.0;604.0;396.0;67.0;606.0;134.0;619.0;560.0;519.0;126.0;522.0;472.0;197.0;450.0;146.0;468.0;606.0;20.0;522.0;531.0;602.0;470.0;528.0;454.0;131.0;211.0;703.0;465.0;505.0;487.0;263.0;602.0;323.0;33.0;582.0;355.0;604.0;552.0;603.0;156.0;724.0;543.0;72.0;499.0;639.0;561.0;601.0;568.0;576.0;499.0
33;475.0;191.0;465.0;731.0;753.0;158.0;832.0;187.0;515.0;225.0;617.0;366.0;207.0;427.0;410.0;204.0;650.0;500.0;539.0;287.0;632.0;409.0;77.0;740.0;176.0;288.0;97.0;361.0;251.0;316.0;721.0;477.0;693.0;0.0;354.0;645.0;524.0;316.0;704.0;748.0;450.0;603.0;731.0;250.0;192.0;195.0;291.0;596.0;465.0;350.0;799.0;213.0;70.0;223.0;425.0;737.0;343.0;443.0;441.0;658.0;227.0;710.0;77.0;439.0;555.0;756.0;263.0;432.0;539.0;565.0;808.0;324.0;333.0;680.0;347.0;195.0;226.0;442.0;165.0;293.0;734.0;867.0;329.0;444.0;226.0;425.0;528.0;230.0;514.0;693.0;157.0;583.0;148.0;253.0;584.0;569.0;234.0;262.0;764.0;378.0;198.0;234.0;150.0;239.0;190.0;538.0
34;791.0;163.0;122.0;565.0;612.0;206.0;709.0;194.0;198.0;140.0;423.0;19.0;151.0;74.0;135.0;157.0;491.0;154.0;327.0;236.0;481.0;64.0;365.0;573.0;185.0;486.0;260.0;188.0;104.0;81.0;574.0;123.0;533.0;354.0;0.0;506.0;213.0;164.0;567.0;664.0;97.0;372.0;571.0;106.0;173.0;181.0;93.0;534.0;136.0;71.0;703.0;151.0;286.0;132.0;78.0;562.0;370.0;115.0;145.0;532.0;135.0;614.0;293.0;91.0;202.0;641.0;101.0;91.0;477.0;222.0;677.0;85.0;74.0;529.0;14.0;183.0;135.0;100.0;286.0;134.0;630.0;741.0;173.0;104.0;164.0;78.0;280.0;131.0;233.0;550.0;200.0;270.0;206.0;102.0;236.0;484.0;227.0;94.0;603.0;37.0;175.0;121.0;204.0;115.0;165.0;186.0
35;1110.0;540.0;449.0;90.0;111.0;602.0;204.0;490.0;377.0;496.0;111.0;490.0;515.0;489.0;373.0;576.0;33.0;458.0;189.0;366.0;28.0;469.0;709.0;98.0;522.0;494.0;573.0;334.0;518.0;579.0;76.0;495.0;54.0;645.0;506.0;0.0;362.0;378.0;62.0;172.0;489.0;183.0;87.0;542.0;589.0;607.0;458.0;131.0;418.0;437.0;200.0;580.0;619.0;550.0;469.0;101.0;320.0;585.0;375.0;32.0;570.0;121.0;573.0;541.0;512.0;136.0;487.0;452.0;143.0;445.0;173.0;436.0;577.0;36.0;494.0;490.0;566.0;451.0;480.0;417.0;129.0;238.0;673.0;446.0;465.0;467.0;250.0;566.0;311.0;48.0;540.0;354.0;563.0;517.0;597.0;102.0;688.0;508.0;119.0;474.0;601.0;524.0;559.0;532.0;537.0;491.0
36;987.0;343.0;104.0;396.0;453.0;401.0;552.0;338.0;17.0;301.0;257.0;194.0;321.0;158.0;114.0;355.0;337.0;100.0;175.0;288.0;334.0;152.0;554.0;404.0;349.0;555.0;427.0;191.0;289.0;294.0;415.0;143.0;371.0;524.0;213.0;362.0;0.0;220.0;415.0;533.0;147.0;189.0;405.0;304.0;372.0;384.0;236.0;436.0;79.0;178.0;560.0;352.0;465.0;326.0;142.0;389.0;383.0;244.0;83.0;393.0;337.0;482.0;450.0;202.0;151.0;493.0;267.0;125.0;392.0;90.0;517.0;201.0;284.0;374.0;209.0;329.0;335.0;119.0;401.0;232.0;491.0;580.0;380.0;113.0;299.0;141.0;113.0;332.0;53.0;396.0;369.0;60.0;384.0;288.0;236.0;381.0;440.0;277.0;433.0;176.0;377.0;305.0;381.0;305.0;342.0;129.0
37;790.0;166.0;202.0;451.0;488.0;229.0;580.0;131.0;216.0;120.0;319.0;157.0;140.0;197.0;110.0;199.0;371.0;236.0;230.0;79.0;357.0;170.0;361.0;460.0;155.0;348.0;224.0;48.0;141.0;216.0;451.0;237.0;415.0;316.0;164.0;378.0;220.0;0.0;440.0;521.0;214.0;292.0;454.0;165.0;213.0;230.0;85.0;382.0;186.0;99.0;565.0;203.0;268.0;172.0;182.0;452.0;208.0;276.0;142.0;399.0;193.0;474.0;240.0;242.0;305.0;508.0;110.0;176.0;323.0;285.0;551.0;79.0;220.0;407.0;150.0;126.0;188.0;184.0;180.0;40.0;493.0;615.0;306.0;183.0;95.0;180.0;212.0;188.0;200.0;425.0;175.0;276.0;196.0;140.0;368.0;335.0;310.0;133.0;487.0;152.0;224.0;146.0;192.0;154.0;163.0;282.0
38;1165.0;602.0;506.0;60.0;50.0;664.0;142.0;551.0;431.0;558.0;159.0;551.0;577.0;548.0;433.0;638.0;78.0;513.0;246.0;426.0;86.0;528.0;768.0;64.0;584.0;539.0;633.0;396.0;580.0;640.0;24.0;552.0;51.0;704.0;567.0;62.0;415.0;440.0;0.0;128.0;547.0;230.0;48.0;604.0;651.0;669.0;520.0;150.0;475.0;499.0;145.0;642.0;679.0;612.0;528.0;77.0;373.0;643.0;434.0;47.0;632.0;84.0;632.0;600.0;564.0;78.0;549.0;511.0;183.0;496.0;111.0;498.0;639.0;41.0;556.0;551.0;628.0;510.0;538.0;479.0;81.0;175.0;735.0;504.0;526.0;526.0;305.0;628.0;366.0;19.0;602.0;403.0;624.0;579.0;649.0;144.0;750.0;570.0;70.0;535.0;663.0;586.0;620.0;594.0;598.0;544.0
39;1190.0;675.0;618.0;178.0;120.0;733.0;107.0;617.0;548.0;634.0;281.0;649.0;651.0;654.0;535.0;714.0;199.0;628.0;359.0;491.0;199.0;633.0;818.0;177.0;652.0;539.0;690.0;483.0;662.0;732.0;141.0;664.0;179.0;748.0;664.0;172.0;533.0;521.0;128.0;0.0;656.0;354.0;164.0;687.0;726.0;745.0;606.0;152.0;587.0;594.0;54.0;720.0;735.0;691.0;634.0;195.0;405.0;750.0;541.0;140.0;712.0;51.0;682.0;707.0;683.0;66.0;631.0;618.0;210.0;617.0;109.0;589.0;733.0;167.0;652.0;619.0;707.0;618.0;586.0;562.0;48.0;137.0;826.0;613.0;599.0;632.0;420.0;708.0;482.0;147.0;668.0;526.0;690.0;662.0;768.0;187.0;828.0;654.0;162.0;635.0;739.0;665.0;687.0;675.0;671.0;662.0
40;887.0;259.0;43.0;535.0;588.0;303.0;687.0;282.0;130.0;230.0;392.0;84.0;245.0;23.0;129.0;254.0;469.0;61.0;301.0;292.0;462.0;46.0;462.0;543.0;278.0;558.0;355.0;216.0;199.0;164.0;550.0;27.0;507.0;450.0;97.0;489.0;147.0;214.0;547.0;656.0;0.0;331.0;543.0;203.0;270.0;277.0;171.0;540.0;72.0;119.0;689.0;248.0;383.0;229.0;32.0;529.0;419.0;98.0;116.0;518.0;232.0;605.0;386.0;55.0;106.0;624.0;191.0;41.0;488.0;129.0;653.0;147.0;150.0;507.0;103.0;271.0;231.0;38.0;368.0;198.0;617.0;717.0;240.0;43.0;247.0;33.0;243.0;228.0;185.0;528.0;294.0;196.0;302.0;197.0;155.0;487.0;315.0;188.0;572.0;74.0;271.0;216.0;300.0;211.0;260.0;89.0
41;1078.0;454.0;288.0;207.0;265.0;518.0;363.0;422.0;206.0;407.0;73.0;354.0;429.0;336.0;238.0;480.0;155.0;289.0;66.0;320.0;156.0;322.0;652.0;214.0;446.0;537.0;515.0;245.0;415.0;452.0;227.0;331.0;183.0;603.0;372.0;183.0;189.0;292.0;230.0;354.0;331.0;0.0;216.0;436.0;496.0;512.0;353.0;286.0;258.0;313.0;376.0;482.0;559.0;451.0;317.0;200.0;347.0;429.0;228.0;216.0;468.0;304.0;526.0;385.0;335.0;308.0;385.0;300.0;261.0;266.0;328.0;323.0;446.0;189.0;363.0;418.0;465.0;296.0;448.0;325.0;309.0;391.0;545.0;291.0;387.0;315.0;92.0;463.0;145.0;211.0;467.0;172.0;487.0;414.0;420.0;235.0;583.0;403.0;244.0;336.0;506.0;426.0;483.0;431.0;452.0;316.0
42;1196.0;619.0;501.0;13.0;51.0;681.0;147.0;571.0;422.0;573.0;150.0;554.0;593.0;546.0;436.0;653.0;83.0;504.0;245.0;448.0;99.0;528.0;793.0;15.0;602.0;578.0;656.0;409.0;593.0;647.0;25.0;545.0;39.0;731.0;571.0;87.0;405.0;454.0;48.0;164.0;543.0;216.0;0.0;616.0;667.0;685.0;531.0;197.0;471.0;505.0;168.0;656.0;702.0;626.0;526.0;31.0;407.0;640.0;433.0;87.0;646.0;127.0;657.0;597.0;551.0;104.0;561.0;509.0;224.0;481.0;112.0;507.0;644.0;51.0;560.0;570.0;641.0;506.0;565.0;493.0;117.0;175.0;742.0;501.0;544.0;524.0;299.0;641.0;359.0;44.0;621.0;386.0;643.0;592.0;635.0;184.0;763.0;582.0;33.0;537.0;678.0;600.0;640.0;607.0;615.0;532.0
43;688.0;62.0;225.0;612.0;652.0;101.0;745.0;115.0;291.0;65.0;475.0;121.0;62.0;180.0;202.0;52.0;533.0;258.0;381.0;209.0;520.0;166.0;259.0;621.0;92.0;417.0;158.0;208.0;25.0;79.0;615.0;229.0;577.0;250.0;106.0;542.0;304.0;165.0;604.0;687.0;203.0;436.0;616.0;0.0;69.0;80.0;85.0;545.0;232.0;128.0;730.0;49.0;181.0;26.0;182.0;612.0;340.0;198.0;225.0;564.0;33.0;639.0;194.0;189.0;307.0;673.0;55.0;192.0;485.0;326.0;715.0;113.0;93.0;570.0;102.0;105.0;31.0;202.0;209.0;125.0;658.0;779.0;149.0;205.0;104.0;182.0;347.0;28.0;311.0;589.0;102.0;363.0;102.0;25.0;335.0;500.0;148.0;34.0;649.0;136.0;74.0;29.0;102.0;17.0;66.0;292.0
44;619.0;51.0;293.0;664.0;700.0;35.0;791.0;116.0;359.0;94.0;530.0;189.0;75.0;247.0;267.0;17.0;584.0;326.0;439.0;237.0;569.0;234.0;192.0;673.0;81.0;400.0;112.0;259.0;83.0;124.0;664.0;295.0;628.0;192.0;173.0;589.0;372.0;213.0;651.0;726.0;270.0;496.0;667.0;69.0;0.0;19.0;144.0;580.0;301.0;194.0;772.0;22.0;122.0;46.0;250.0;665.0;355.0;252.0;292.0;610.0;38.0;680.0;150.0;251.0;373.0;717.0;111.0;261.0;520.0;394.0;762.0;176.0;141.0;619.0;170.0;111.0;38.0;271.0;196.0;174.0;701.0;825.0;153.0;274.0;127.0;250.0;408.0;42.0;377.0;637.0;75.0;431.0;61.0;85.0;394.0;539.0;103.0;96.0;700.0;204.0;14.0;70.0;62.0;67.0;56.0;359.0
45;610.0;70.0;302.0;681.0;718.0;38.0;809.0;134.0;371.0;112.0;547.0;197.0;93.0;254.0;282.0;32.0;602.0;334.0;455.0;255.0;587.0;243.0;188.0;690.0;99.0;414.0;122.0;276.0;97.0;124.0;682.0;302.0;645.0;195.0;181.0;607.0;384.0;230.0;669.0;745.0;277.0;512.0;685.0;80.0;19.0;0.0;159.0;598.0;312.0;207.0;790.0;31.0;125.0;61.0;258.0;683.0;374.0;252.0;305.0;628.0;47.0;699.0;160.0;254.0;379.0;736.0;127.0;270.0;538.0;402.0;780.0;191.0;142.0;637.0;179.0;129.0;49.0;280.0;212.0;192.0;719.0;844.0;141.0;283.0;146.0;259.0;424.0;52.0;391.0;655.0;91.0;443.0;75.0;99.0;396.0;557.0;85.0;110.0;718.0;214.0;6.0;86.0;77.0;82.0;75.0;365.0
46;751.0;108.0;178.0;527.0;568.0;168.0;662.0;111.0;225.0;66.0;390.0;94.0;86.0;150.0;126.0;128.0;449.0;213.0;297.0;146.0;436.0;126.0;318.0;536.0;114.0;393.0;193.0;124.0;62.0;131.0;530.0;198.0;492.0;291.0;93.0;458.0;236.0;85.0;520.0;606.0;171.0;353.0;531.0;85.0;144.0;159.0;0.0;467.0;175.0;60.0;648.0;129.0;229.0;98.0;142.0;527.0;282.0;208.0;153.0;481.0;116.0;558.0;220.0;182.0;275.0;590.0;33.0;145.0;408.0;276.0;631.0;34.0;137.0;486.0;80.0;101.0;112.0;155.0;197.0;47.0;576.0;696.0;221.0;156.0;75.0;141.0;265.0;111.0;235.0;505.0;134.0;296.0;148.0;61.0;323.0;420.0;233.0;51.0;564.0;98.0;153.0;73.0;145.0;78.0;107.0;255.0
47;1041.0;528.0;506.0;206.0;189.0;585.0;242.0;469.0;448.0;489.0;221.0;521.0;505.0;535.0;413.0;569.0;162.0;522.0;265.0;343.0;147.0;511.0;666.0;212.0;504.0;398.0;539.0;347.0;520.0;597.0;174.0;552.0;179.0;596.0;534.0;131.0;436.0;382.0;150.0;152.0;540.0;286.0;197.0;545.0;580.0;598.0;467.0;0.0;476.0;463.0;204.0;575.0;583.0;547.0;515.0;222.0;253.0;630.0;425.0;112.0;569.0;117.0;530.0;588.0;585.0;170.0;490.0;500.0;60.0;525.0;226.0;454.0;599.0;159.0;521.0;471.0;564.0;502.0;434.0;421.0;144.0;277.0;688.0;498.0;452.0;513.0;325.0;565.0;383.0;154.0;519.0;444.0;541.0;520.0;669.0;55.0;682.0;513.0;220.0;509.0;593.0;522.0;538.0;532.0;524.0;562.0
48;919.0;278.0;31.0;462.0;517.0;332.0;615.0;284.0;63.0;240.0;320.0;117.0;259.0;79.0;80.0;285.0;398.0;52.0;229.0;263.0;391.0;73.0;488.0;471.0;289.0;534.0;368.0;174.0;221.0;215.0;478.0;77.0;435.0;465.0;136.0;418.0;79.0;186.0;475.0;587.0;72.0;258.0;471.0;232.0;301.0;312.0;175.0;476.0;0.0;115.0;618.0;281.0;403.0;256.0;63.0;457.0;378.0;170.0;54.0;448.0;265.0;535.0;395.0;127.0;123.0;553.0;203.0;46.0;426.0;102.0;581.0;142.0;205.0;435.0;134.0;275.0;263.0;39.0;359.0;185.0;547.0;645.0;301.0;34.0;246.0;62.0;171.0;260.0;113.0;457.0;309.0;135.0;320.0;219.0;198.0;421.0;363.0;208.0;500.0;99.0;306.0;237.0;318.0;236.0;278.0;99.0
49;808.0;165.0;119.0;499.0;545.0;222.0;641.0;170.0;167.0;125.0;359.0;60.0;145.0;100.0;76.0;178.0;424.0;155.0;263.0;176.0;413.0;73.0;376.0;508.0;174.0;439.0;253.0;117.0;111.0;142.0;507.0;145.0;466.0;350.0;71.0;437.0;178.0;99.0;499.0;594.0;119.0;313.0;505.0;128.0;194.0;207.0;60.0;463.0;115.0;0.0;633.0;176.0;289.0;148.0;88.0;498.0;308.0;177.0;98.0;463.0;161.0;544.0;280.0;143.0;219.0;572.0;89.0;88.0;406.0;216.0;609.0;29.0;140.0;462.0;58.0;160.0;158.0;97.0;251.0;79.0;561.0;674.0;237.0;98.0;132.0;87.0;222.0;156.0;184.0;482.0;194.0;238.0;207.0;110.0;274.0;413.0;272.0;98.0;537.0;52.0;201.0;126.0;204.0;127.0;165.0;198.0
50;1243.0;721.0;649.0;181.0;118.0;780.0;62.0;665.0;576.0;679.0;304.0;687.0;697.0;689.0;571.0;760.0;223.0;657.0;389.0;538.0;227.0;668.0;869.0;178.0;699.0;593.0;740.0;524.0;706.0;773.0;150.0;695.0;193.0;799.0;703.0;200.0;560.0;565.0;145.0;54.0;689.0;376.0;168.0;730.0;772.0;790.0;648.0;204.0;618.0;633.0;0.0;765.0;785.0;735.0;669.0;196.0;457.0;785.0;575.0;171.0;757.0;92.0;733.0;741.0;709.0;67.0;675.0;652.0;261.0;641.0;78.0;630.0;773.0;187.0;691.0;666.0;752.0;651.0;636.0;605.0;73.0;86.0;867.0;646.0;645.0;667.0;449.0;752.0;510.0;165.0;716.0;548.0;738.0;705.0;794.0;234.0;873.0;697.0;156.0;672.0;785.0;710.0;734.0;719.0;717.0;689.0
51;640.0;53.0;272.0;653.0;691.0;57.0;783.0;119.0;339.0;87.0;518.0;167.0;71.0;225.0;250.0;11.0;574.0;305.0;425.0;234.0;560.0;213.0;214.0;662.0;86.0;412.0;130.0;248.0;67.0;103.0;654.0;273.0;617.0;213.0;151.0;580.0;352.0;203.0;642.0;720.0;248.0;482.0;656.0;49.0;22.0;31.0;129.0;575.0;281.0;176.0;765.0;0.0;143.0;31.0;228.0;654.0;357.0;230.0;273.0;602.0;16.0;674.0;168.0;229.0;351.0;710.0;96.0;240.0;515.0;373.0;753.0;160.0;120.0;610.0;149.0;112.0;18.0;250.0;206.0;163.0;694.0;817.0;140.0;253.0;124.0;229.0;393.0;21.0;359.0;628.0;86.0;412.0;76.0;68.0;372.0;533.0;108.0;79.0;690.0;183.0;25.0;57.0;76.0;51.0;58.0;337.0
52;524.0;125.0;400.0;701.0;729.0;88.0;812.0;137.0;455.0;164.0;580.0;299.0;144.0;360.0;353.0;134.0;620.0;435.0;496.0;254.0;603.0;343.0;93.0;711.0;117.0;321.0;46.0;314.0;184.0;246.0;695.0;409.0;664.0;70.0;286.0;619.0;465.0;268.0;679.0;735.0;383.0;559.0;702.0;181.0;122.0;125.0;229.0;583.0;403.0;289.0;785.0;143.0;0.0;155.0;359.0;706.0;336.0;373.0;382.0;634.0;157.0;694.0;59.0;370.0;488.0;737.0;200.0;367.0;525.0;501.0;787.0;264.0;263.0;652.0;280.0;142.0;156.0;377.0;152.0;239.0;717.0;848.0;261.0;379.0;173.0;359.0;479.0;160.0;460.0;667.0;96.0;525.0;82.0;186.0;515.0;551.0;173.0;196.0;736.0;312.0;127.0;167.0;85.0;171.0;124.0;472.0
53;663.0;39.0;250.0;622.0;660.0;76.0;752.0;100.0;313.0;58.0;487.0;146.0;47.0;206.0;221.0;30.0;543.0;283.0;395.0;206.0;529.0;191.0;234.0;631.0;72.0;399.0;133.0;217.0;37.0;100.0;623.0;255.0;587.0;223.0;132.0;550.0;326.0;172.0;612.0;691.0;229.0;451.0;626.0;26.0;46.0;61.0;98.0;547.0;256.0;148.0;735.0;31.0;155.0;0.0;207.0;623.0;333.0;223.0;246.0;571.0;22.0;644.0;169.0;216.0;334.0;679.0;66.0;217.0;487.0;351.0;723.0;130.0;116.0;579.0;127.0;91.0;17.0;227.0;192.0;133.0;664.0;787.0;158.0;230.0;97.0;207.0;363.0;19.0;331.0;597.0;78.0;386.0;77.0;39.0;361.0;503.0;138.0;50.0;659.0;161.0;54.0;26.0;76.0;21.0;43.0;318.0
54;868.0;234.0;44.0;519.0;571.0;282.0;669.0;253.0;126.0;203.0;376.0;61.0;219.0;20.0;102.0;234.0;450.0;77.0;282.0;260.0;443.0;16.0;441.0;527.0;251.0;526.0;329.0;186.0;175.0;154.0;532.0;57.0;489.0;425.0;78.0;469.0;142.0;182.0;528.0;634.0;32.0;317.0;526.0;182.0;250.0;258.0;142.0;515.0;63.0;88.0;669.0;228.0;359.0;207.0;0.0;514.0;388.0;116.0;94.0;498.0;212.0;583.0;359.0;73.0;133.0;604.0;163.0;18.0;462.0;144.0;635.0;116.0;142.0;488.0;80.0;242.0;211.0;24.0;337.0;167.0;597.0;700.0;238.0;29.0;217.0;2.0;228.0;208.0;173.0;510.0;269.0;197.0;277.0;173.0;187.0;462.0;303.0;163.0;556.0;47.0;253.0;192.0;275.0;188.0;235.0;114.0
55;1205.0;618.0;487.0;17.0;78.0;681.0;169.0;573.0;406.0;572.0;139.0;545.0;593.0;533.0;427.0;651.0;87.0;488.0;235.0;452.0;106.0;517.0;797.0;18.0;603.0;595.0;660.0;406.0;589.0;640.0;56.0;531.0;47.0;737.0;562.0;101.0;389.0;452.0;77.0;195.0;529.0;200.0;31.0;612.0;665.0;683.0;527.0;222.0;457.0;498.0;196.0;654.0;706.0;623.0;514.0;0.0;420.0;627.0;422.0;110.0;642.0;158.0;662.0;584.0;532.0;133.0;558.0;496.0;243.0;462.0;133.0;502.0;636.0;66.0;552.0;571.0;638.0;494.0;572.0;491.0;147.0;193.0;734.0;488.0;544.0;512.0;286.0;638.0;344.0;68.0;622.0;366.0;644.0;588.0;616.0;203.0;760.0;578.0;45.0;528.0;676.0;597.0;640.0;604.0;615.0;514.0
56;793.0;305.0;401.0;410.0;421.0;353.0;492.0;239.0;386.0;276.0;328.0;365.0;286.0;404.0;298.0;348.0;333.0;431.0;286.0;135.0;314.0;377.0;415.0;419.0;275.0;190.0;293.0;205.0;317.0;409.0;393.0;441.0;373.0;343.0;370.0;320.0;383.0;208.0;373.0;405.0;419.0;347.0;407.0;340.0;355.0;374.0;282.0;253.0;378.0;308.0;457.0;357.0;336.0;333.0;388.0;420.0;0.0;484.0;326.0;326.0;355.0;369.0;280.0;450.0;501.0;417.0;292.0;380.0;198.0;466.0;471.0;286.0;417.0;357.0;357.0;245.0;350.0;386.0;184.0;237.0;394.0;528.0;488.0;384.0;237.0;386.0;314.0;352.0;342.0;366.0;285.0;424.0;307.0;317.0;572.0;232.0;457.0;314.0;438.0;360.0;369.0;312.0;303.0;324.0;300.0;477.0
57;847.0;260.0;141.0;632.0;686.0;286.0;784.0;303.0;227.0;248.0;490.0;119.0;255.0;96.0;217.0;240.0;566.0;149.0;397.0;350.0;558.0;119.0;438.0;641.0;288.0;600.0;356.0;291.0;206.0;128.0;647.0;102.0;604.0;443.0;115.0;585.0;244.0;276.0;643.0;750.0;98.0;429.0;640.0;198.0;252.0;252.0;208.0;630.0;170.0;177.0;785.0;230.0;373.0;223.0;116.0;627.0;484.0;0.0;210.0;614.0;216.0;699.0;391.0;44.0;152.0;720.0;212.0;133.0;575.0;206.0;750.0;198.0;111.0;604.0;128.0;292.0;218.0;134.0;397.0;249.0;713.0;815.0;169.0;139.0;277.0;118.0;341.0;213.0;283.0;625.0;299.0;288.0;299.0;204.0;145.0;577.0;263.0;199.0;670.0;125.0;248.0;221.0;299.0;212.0;263.0;151.0
58;904.0;261.0;81.0;426.0;477.0;320.0;575.0;255.0;75.0;218.0;283.0;126.0;239.0;114.0;33.0;275.0;357.0;106.0;189.0;216.0;349.0;95.0;471.0;434.0;266.0;487.0;344.0;123.0;209.0;226.0;438.0;127.0;396.0;441.0;145.0;375.0;83.0;142.0;434.0;541.0;116.0;228.0;433.0;225.0;292.0;305.0;153.0;425.0;54.0;98.0;575.0;273.0;382.0;246.0;94.0;422.0;326.0;210.0;0.0;404.0;258.0;490.0;367.0;166.0;176.0;511.0;185.0;77.0;374.0;144.0;542.0;119.0;219.0;395.0;138.0;246.0;256.0;77.0;321.0;150.0;503.0;606.0;318.0;72.0;216.0;92.0;136.0;253.0;88.0;416.0;286.0;143.0;301.0;207.0;252.0;371.0;366.0;196.0;464.0;108.0;298.0;223.0;298.0;225.0;260.0;152.0
59;1118.0;560.0;479.0;95.0;96.0;621.0;181.0;508.0;408.0;516.0;143.0;517.0;535.0;517.0;400.0;597.0;64.0;488.0;220.0;382.0;60.0;497.0;723.0;102.0;540.0;493.0;589.0;357.0;540.0;604.0;68.0;525.0;67.0;658.0;532.0;32.0;393.0;399.0;47.0;140.0;518.0;216.0;87.0;564.0;610.0;628.0;481.0;112.0;448.0;463.0;171.0;602.0;634.0;571.0;498.0;110.0;326.0;614.0;404.0;0.0;592.0;89.0;586.0;570.0;543.0;109.0;509.0;481.0;137.0;477.0;153.0;461.0;603.0;47.0;521.0;508.0;587.0;480.0;492.0;439.0;99.0;216.0;698.0;475.0;484.0;496.0;281.0;588.0;342.0;44.0;558.0;387.0;581.0;539.0;628.0;97.0;709.0;531.0;115.0;501.0;622.0;545.0;577.0;554.0;556.0;522.0
