Vehicle:
Average speed:;1336
Time limit:;256.293
Fuel comsumption rate:;1
Fuel Capacity:;23906
Depot:
ID;X;Y;Service Time
0;0;0;0
Customers:
ID;X;Y;Service Time
1;628;103;8.14634
2;291;573;8.14634
3;129;447;8.14634
4;973;643;8.14634
5;830;868;8.14634
6;398;563;8.14634
8;201;995;8.14634
9;167;174;8.14634
10;13;605;8.14634
11;446;262;8.14634
12;229;774;8.14634
13;740;231;8.14634
14;21;546;8.14634
15;224;615;8.14634
16;605;837;8.14634
17;473;759;8.14634
18;758;880;8.14634
19;93;900;8.14634
20;580;935;8.14634
21;622;494;8.14634
22;513;236;8.14634
23;659;797;8.14634
24;606;204;8.14634
25;267;688;8.14634
26;28;888;8.14634
27;606;754;8.14634
28;841;676;8.14634
30;1;247;8.14634
31;195;486;8.14634
32;644;771;8.14634
33;524;45;8.14634
34;581;366;8.14634
35;769;471;8.14634
36;78;800;8.14634
37;940;790;8.14634
38;867;441;8.14634
39;243;453;8.14634
40;410;464;8.14634
41;465;161;8.14634
42;417;304;8.14634
43;616;944;8.14634
44;609;356;8.14634
46;738;932;8.14634
47;462;718;8.14634
48;847;459;8.14634
49;563;619;8.14634
50;792;940;8.14634
51;434;318;8.14634
52;1000;647;8.14634
53;566;413;8.14634
54;492;83;8.14634
55;764;550;8.14634
56;145;182;8.14634
57;540;249;8.14634
58;208;760;8.14634
59;759;988;8.14634
60;66;221;8.14634
61;520;521;8.14634
62;260;508;8.14634
63;307;468;8.14634
64;747;308;8.14634
65;370;136;8.14634
66;421;505;8.14634
67;373;597;8.14634
68;876;881;8.14634
69;281;18;8.14634
70;419;69;8.14634
71;502;242;8.14634
72;343;764;8.14634
73;275;610;8.14634
74;434;161;8.14634
75;314;40;8.14634
76;744;675;8.14634
77;698;364;8.14634
78;600;881;8.14634
79;9;893;8.14634
80;875;724;8.14634
81;728;253;8.14634
82;502;969;8.14634
83;867;464;8.14634
84;237;907;8.14634
85;868;263;8.14634
87;740;688;8.14634
88;534;615;8.14634
89;450;898;8.14634
90;126;415;8.14634
91;565;260;8.14634
92;172;126;8.14634
93;137;674;8.14634
94;789;958;8.14634
96;762;111;8.14634
97;416;626;8.14634
98;63;237;8.14634
99;194;75;8.14634
100;616;133;8.14634
101;104;804;8.14634
102;304;699;8.14634
103;758;40;8.14634
104;249;141;8.14634
105;848;770;8.14634
106;316;426;8.14634
107;791;803;8.14634
108;884;980;8.14634
109;618;107;8.14634
110;858;644;8.14634
111;116;388;8.14634
112;939;880;8.14634
113;217;912;8.14634
114;138;217;8.14634
115;639;588;8.14634
116;542;965;8.14634
117;775;294;8.14634
118;325;154;8.14634
119;839;459;8.14634
120;21;751;8.14634
121;248;883;8.14634
123;274;824;8.14634
124;408;641;8.14634
125;923;320;8.14634
126;838;846;8.14634
127;83;772;8.14634
129;913;766;8.14634
130;758;816;8.14634
131;481;156;8.14634
132;548;809;8.14634
133;660;393;8.14634
134;773;579;8.14634
135;261;97;8.14634
136;380;849;8.14634
137;433;893;8.14634
139;295;480;8.14634
140;277;519;8.14634
141;833;970;8.14634
142;760;470;8.14634
143;33;455;8.14634
144;289;176;8.14634
145;283;845;8.14634
146;953;937;8.14634
147;2;939;8.14634
148;164;71;8.14634
149;539;756;8.14634
150;679;880;8.14634
151;309;113;8.14634
152;857;842;8.14634
153;184;455;8.14634
154;181;70;8.14634
155;136;928;8.14634
157;127;710;8.14634
158;657;422;8.14634
159;248;593;8.14634
160;525;519;8.14634
161;109;805;8.14634
163;484;90;8.14634
164;923;157;8.14634
165;195;38;8.14634
166;74;961;8.14634
167;261;663;8.14634
168;984;135;8.14634
169;281;227;8.14634
171;78;322;8.14634
172;177;543;8.14634
173;590;199;8.14634
174;559;609;8.14634
175;9;343;8.14634
AFSs:
ID;X;Y;Service Time
7;731;423;121.455
29;823;611;121.455
45;822;489;121.455
86;680;306;121.455
95;853;147;121.455
122;34;101;121.455
128;938;432;121.455
138;312;347;121.455
156;23;17;121.455
162;754;487;121.455
170;673;176;121.455
Distance matrix:
;0;1;2;3;4;5;6;7;8;9;10;11;12;13;14;15;16;17;18;19;20;21;22;23;24;25;26;27;28;29;30;31;32;33;34;35;36;37;38;39;40;41;42;43;44;45;46;47;48;49;50;51;52;53;54;55;56;57;58;59;60;61;62;63;64;65;66;67;68;69;70;71;72;73;74;75;76;77;78;79;80;81;82;83;84;85;86;87;88;89;90;91;92;93;94;95;96;97;98;99;100;101;102;103;104;105;106;107;108;109;110;111;112;113;114;115;116;117;118;119;120;121;122;123;124;125;126;127;128;129;130;131;132;133;134;135;136;137;138;139;140;141;142;143;144;145;146;147;148;149;150;151;152;153;154;155;156;157;158;159;160;161;162;163;164;165;166;167;168;169;170;171;172;173;174;175
0;0.0;636.0;643.0;465.0;1166.0;1201.0;689.0;845.0;1015.0;241.0;605.0;517.0;807.0;775.0;546.0;655.0;1033.0;894.0;1161.0;905.0;1100.0;794.0;565.0;1034.0;639.0;738.0;888.0;967.0;1079.0;1025.0;247.0;524.0;1005.0;526.0;687.0;902.0;804.0;1228.0;973.0;514.0;619.0;492.0;516.0;1127.0;705.0;956.0;1189.0;854.0;963.0;837.0;1229.0;538.0;1191.0;701.0;499.0;941.0;233.0;595.0;788.0;1246.0;231.0;736.0;571.0;560.0;808.0;394.0;657.0;704.0;1242.0;282.0;425.0;557.0;837.0;669.0;463.0;317.0;1005.0;787.0;1066.0;893.0;1136.0;771.0;1091.0;983.0;937.0;907.0;746.0;1010.0;814.0;1004.0;434.0;622.0;213.0;688.0;1241.0;866.0;770.0;752.0;245.0;208.0;630.0;811.0;762.0;759.0;286.0;1145.0;530.0;1127.0;1320.0;627.0;1073.0;405.0;1287.0;937.0;257.0;868.0;1107.0;829.0;360.0;956.0;751.0;917.0;107.0;868.0;760.0;977.0;1191.0;776.0;1033.0;1192.0;1114.0;506.0;977.0;768.0;966.0;278.0;930.0;992.0;467.0;563.0;588.0;1279.0;894.0;456.0;338.0;891.0;1336.0;939.0;179.0;928.0;1112.0;329.0;1201.0;491.0;194.0;938.0;29.0;721.0;781.0;643.0;738.0;812.0;898.0;492.0;936.0;199.0;964.0;713.0;993.0;361.0;696.0;331.0;571.0;623.0;827.0;343.0
1;636.0;0.0;578.0;606.0;641.0;791.0;514.0;336.0;989.0;466.0;794.0;242.0;781.0;170.0;751.0;652.0;734.0;674.0;788.0;960.0;833.0;391.0;176.0;695.0;103.0;687.0;988.0;651.0;611.0;544.0;643.0;578.0;668.0;119.0;267.0;394.0;888.0;755.0;414.0;520.0;422.0;173.0;291.0;841.0;254.0;432.0;836.0;637.0;418.0;520.0;853.0;290.0;659.0;316.0;137.0;467.0;489.0;170.0;780.0;895.0;574.0;432.0;547.0;486.0;237.0;260.0;452.0;556.0;817.0;357.0;212.0;188.0;720.0;618.0;202.0;320.0;584.0;270.0;779.0;1004.0;668.0;180.0;875.0;433.0;894.0;288.0;210.0;596.0;521.0;815.0;591.0;169.0;457.0;753.0;870.0;229.0;134.0;564.0;581.0;435.0;32.0;875.0;678.0;144.0;381.0;702.0;449.0;719.0;914.0;11.0;588.0;586.0;837.0;907.0;503.0;485.0;866.0;241.0;307.0;414.0;888.0;868.0;594.0;803.0;581.0;366.0;772.0;863.0;452.0;722.0;725.0;156.0;711.0;292.0;498.0;367.0;786.0;814.0;399.0;503.0;544.0;891.0;390.0;691.0;347.0;818.0;895.0;1044.0;465.0;659.0;779.0;319.0;774.0;567.0;448.0;961.0;611.0;787.0;320.0;620.0;429.0;873.0;404.0;145.0;300.0;438.0;1021.0;670.0;357.0;368.0;86.0;592.0;630.0;103.0;511.0;664.0
2;643.0;578.0;0.0;205.0;686.0;614.0;107.0;465.0;431.0;418.0;280.0;347.0;210.0;564.0;271.0;79.0;410.0;260.0;559.0;382.0;463.0;340.0;404.0;431.0;485.0;117.0;410.0;363.0;560.0;533.0;436.0;130.0;405.0;577.0;356.0;489.0;311.0;684.0;591.0;129.0;161.0;447.0;297.0;493.0;385.0;538.0;573.0;224.0;568.0;276.0;621.0;292.0;713.0;318.0;530.0;474.0;417.0;409.0;205.0;625.0;418.0;235.0;72.0;106.0;527.0;444.0;147.0;85.0;661.0;555.0;520.0;393.0;198.0;40.0;436.0;533.0;464.0;458.0;436.0;427.0;603.0;542.0;449.0;586.0;338.0;655.0;472.0;463.0;247.0;362.0;228.0;416.0;463.0;184.0;629.0;705.0;660.0;136.0;406.0;507.0;547.0;297.0;127.0;709.0;434.0;591.0;149.0;550.0;719.0;569.0;571.0;255.0;717.0;347.0;387.0;348.0;465.0;559.0;420.0;560.0;323.0;313.0;537.0;252.0;135.0;681.0;611.0;288.0;662.0;651.0;526.0;458.0;349.0;411.0;482.0;477.0;290.0;350.0;227.0;93.0;56.0;672.0;480.0;284.0;397.0;272.0;755.0;466.0;518.0;308.0;495.0;460.0;627.0;159.0;515.0;387.0;617.0;214.0;396.0;47.0;240.0;295.0;471.0;520.0;757.0;544.0;445.0;95.0;820.0;346.0;551.0;329.0;118.0;479.0;270.0;364.0
3;465.0;606.0;205.0;0.0;866.0;818.0;293.0;602.0;553.0;276.0;196.0;367.0;342.0;648.0;147.0;193.0;615.0;464.0;764.0;454.0;664.0;495.0;438.0;635.0;535.0;278.0;452.0;567.0;748.0;713.0;237.0;77.0;608.0;564.0;459.0;640.0;357.0;881.0;738.0;114.0;282.0;441.0;322.0;696.0;489.0;694.0;779.0;429.0;718.0;467.0;826.0;331.0;894.0;438.0;514.0;643.0;265.0;456.0;323.0;830.0;235.0;398.0;145.0;179.0;633.0;393.0;298.0;286.0;864.0;455.0;476.0;426.0;382.0;219.0;418.0;447.0;656.0;575.0;640.0;462.0;796.0;630.0;642.0;738.0;473.0;762.0;569.0;657.0;438.0;554.0;32.0;474.0;324.0;227.0;835.0;784.0;717.0;338.0;220.0;378.0;579.0;358.0;307.0;749.0;329.0;788.0;188.0;752.0;924.0;596.0;755.0;60.0;918.0;473.0;230.0;529.0;662.0;664.0;353.0;710.0;323.0;452.0;359.0;404.0;340.0;804.0;814.0;328.0;809.0;846.0;729.0;457.0;554.0;534.0;657.0;374.0;474.0;540.0;209.0;169.0;165.0;877.0;631.0;96.0;315.0;427.0;959.0;508.0;378.0;513.0;700.0;379.0;828.0;56.0;381.0;481.0;443.0;263.0;529.0;188.0;402.0;359.0;626.0;503.0;845.0;414.0;517.0;253.0;910.0;267.0;608.0;135.0;107.0;523.0;460.0;159.0
4;1166.0;641.0;686.0;866.0;0.0;267.0;581.0;327.0;848.0;933.0;961.0;650.0;755.0;473.0;957.0;750.0;416.0;513.0;320.0;917.0;490.0;381.0;614.0;350.0;572.0;707.0;976.0;383.0;136.0;153.0;1050.0;794.0;353.0;748.0;480.0;267.0;909.0;151.0;228.0;754.0;591.0;700.0;651.0;467.0;464.0;216.0;372.0;516.0;223.0;411.0;348.0;629.0;27.0;467.0;738.0;229.0;948.0;585.0;774.0;406.0;1000.0;469.0;726.0;689.0;404.0;788.0;569.0;602.0;257.0;932.0;798.0;619.0;642.0;699.0;723.0;893.0;231.0;392.0;442.0;996.0;127.0;461.0;573.0;208.0;782.0;394.0;447.0;237.0;440.0;582.0;877.0;560.0;953.0;837.0;365.0;510.0;572.0;557.0;996.0;964.0;623.0;884.0;671.0;640.0;881.0;178.0;692.0;242.0;349.0;643.0;115.0;894.0;239.0;802.0;937.0;338.0;538.0;401.0;812.0;228.0;958.0;764.0;1084.0;722.0;565.0;327.0;244.0;899.0;214.0;137.0;276.0;692.0;456.0;401.0;210.0;897.0;628.0;595.0;724.0;697.0;707.0;356.0;274.0;959.0;828.0;719.0;295.0;1015.0;991.0;448.0;378.0;850.0;230.0;811.0;978.0;884.0;1138.0;849.0;386.0;727.0;465.0;879.0;269.0;738.0;489.0;986.0;954.0;712.0;508.0;807.0;555.0;951.0;802.0;586.0;415.0;1010.0
5;1201.0;791.0;614.0;818.0;267.0;0.0;529.0;456.0;642.0;960.0;858.0;717.0;608.0;643.0;871.0;657.0;227.0;373.0;73.0;738.0;259.0;428.0;707.0;185.0;701.0;591.0;802.0;251.0;192.0;257.0;1036.0;741.0;210.0;878.0;560.0;402.0;755.0;135.0;429.0;719.0;583.0;796.0;699.0;227.0;558.0;379.0;112.0;397.0;409.0;365.0;81.0;678.0;279.0;526.0;855.0;325.0;969.0;684.0;631.0;139.0;1001.0;465.0;674.0;658.0;566.0;865.0;547.0;531.0;48.0;1012.0;899.0;707.0;498.0;612.0;810.0;976.0;211.0;521.0;230.0;821.0;151.0;623.0;343.0;406.0;594.0;606.0;582.0;201.0;389.0;381.0;837.0;663.0;992.0;720.0;99.0;721.0;760.0;480.0;993.0;1017.0;766.0;729.0;552.0;831.0;931.0;100.0;678.0;76.0;124.0;790.0;226.0;860.0;110.0;615.0;950.0;339.0;304.0;577.0;875.0;409.0;817.0;582.0;1105.0;558.0;479.0;556.0;23.0;753.0;449.0;132.0;89.0;793.0;288.0;505.0;295.0;958.0;450.0;398.0;735.0;661.0;654.0;102.0;404.0;898.0;878.0;547.0;141.0;831.0;1039.0;312.0;151.0;917.0;37.0;767.0;1029.0;697.0;1173.0;721.0;478.0;644.0;463.0;724.0;389.0;851.0;717.0;1045.0;762.0;605.0;749.0;844.0;710.0;929.0;729.0;711.0;375.0;975.0
6;689.0;514.0;107.0;293.0;581.0;529.0;0.0;361.0;475.0;452.0;387.0;305.0;270.0;477.0;377.0;182.0;343.0;210.0;480.0;455.0;414.0;234.0;347.0;351.0;415.0;181.0;492.0;282.0;457.0;428.0;507.0;217.0;322.0;533.0;269.0;382.0;398.0;588.0;485.0;190.0;100.0;408.0;260.0;439.0;296.0;430.0;502.0;168.0;461.0;174.0;545.0;248.0;608.0;225.0;489.0;366.0;457.0;345.0;274.0;558.0;477.0;129.0;149.0;132.0;432.0;428.0;62.0;42.0;574.0;557.0;494.0;337.0;208.0;132.0;404.0;530.0;364.0;360.0;377.0;510.0;503.0;453.0;419.0;479.0;380.0;558.0;382.0;364.0;146.0;339.0;310.0;346.0;492.0;284.0;556.0;617.0;580.0;66.0;467.0;529.0;482.0;380.0;165.0;635.0;448.0;495.0;160.0;460.0;640.0;506.0;467.0;332.0;627.0;393.0;433.0;242.0;427.0;463.0;415.0;453.0;421.0;353.0;588.0;289.0;79.0;579.0;523.0;378.0;556.0;554.0;440.0;415.0;288.0;312.0;375.0;486.0;287.0;332.0;232.0;132.0;129.0;596.0;374.0;381.0;402.0;305.0;669.0;546.0;545.0;239.0;424.0;459.0;537.0;240.0;539.0;449.0;662.0;308.0;295.0;153.0;134.0;377.0;364.0;481.0;664.0;563.0;513.0;170.0;726.0;356.0;475.0;401.0;222.0;412.0;167.0;447.0
7;845.0;336.0;465.0;602.0;327.0;456.0;361.0;0.0;780.0;617.0;741.0;327.0;613.0;192.0;721.0;542.0;433.0;424.0;458.0;797.0;534.0;130.0;287.0;381.0;252.0;534.0;843.0;354.0;276.0;209.0;751.0;540.0;359.0;431.0;160.0;61.0;754.0;422.0;137.0;489.0;324.0;373.0;336.0;534.0;139.0;112.0;509.0;399.0;121.0;258.0;521.0;315.0;350.0;165.0;416.0;131.0;634.0;258.0;622.0;566.0;695.0;233.0;479.0;426.0;116.0;461.0;321.0;398.0;480.0;605.0;472.0;292.0;517.0;493.0;396.0;566.0;252.0;68.0;476.0;862.0;334.0;170.0;592.0;142.0;692.0;211.0;128.0;265.0;275.0;552.0;605.0;233.0;633.0;645.0;538.0;302.0;314.0;375.0;693.0;640.0;312.0;734.0;508.0;384.0;558.0;366.0;415.0;385.0;578.0;336.0;255.0;616.0;502.0;709.0;628.0;189.0;574.0;136.0;487.0;114.0;782.0;667.0;768.0;608.0;390.0;218.0;436.0;736.0;207.0;388.0;394.0;366.0;427.0;77.0;162.0;572.0;552.0;557.0;426.0;440.0;464.0;556.0;55.0;699.0;506.0;615.0;560.0;893.0;667.0;384.0;460.0;524.0;438.0;548.0;654.0;780.0;816.0;669.0;74.0;512.0;227.0;730.0;68.0;415.0;328.0;660.0;849.0;528.0;383.0;491.0;254.0;661.0;567.0;265.0;253.0;726.0
8;1015.0;989.0;431.0;553.0;848.0;642.0;475.0;780.0;0.0;822.0;433.0;773.0;223.0;935.0;484.0;381.0;434.0;360.0;569.0;144.0;384.0;654.0;821.0;499.0;889.0;314.0;203.0;471.0;715.0;731.0;774.0;509.0;496.0;1003.0;735.0;773.0;231.0;767.0;866.0;544.0;571.0;875.0;724.0;418.0;758.0;801.0;541.0;381.0;839.0;522.0;594.0;716.0;871.0;687.0;957.0;718.0;815.0;819.0;235.0;558.0;786.0;571.0;491.0;538.0;878.0;875.0;537.0;434.0;685.0;980.0;951.0;811.0;271.0;392.0;866.0;962.0;630.0;803.0;415.0;217.0;726.0;910.0;302.0;852.0;95.0;990.0;839.0;620.0;505.0;267.0;585.0;820.0;869.0;327.0;589.0;1070.0;1047.0;427.0;770.0;920.0;957.0;214.0;313.0;1106.0;855.0;685.0;581.0;620.0;683.0;981.0;745.0;613.0;747.0;85.0;781.0;598.0;342.0;906.0;850.0;833.0;303.0;121.0;909.0;186.0;410.0;988.0;654.0;252.0;927.0;748.0;585.0;884.0;394.0;757.0;707.0;900.0;231.0;253.0;657.0;524.0;482.0;632.0;767.0;566.0;824.0;171.0;754.0;207.0;925.0;414.0;492.0;889.0;674.0;540.0;925.0;93.0;994.0;294.0;732.0;405.0;576.0;211.0;751.0;948.0;1106.0;957.0;131.0;337.0;1163.0;772.0;945.0;684.0;453.0;886.0;526.0;680.0
9;241.0;466.0;418.0;276.0;933.0;960.0;452.0;617.0;822.0;0.0;458.0;293.0;603.0;576.0;400.0;445.0;795.0;660.0;921.0;730.0;866.0;556.0;352.0;794.0;440.0;524.0;727.0;727.0;840.0;788.0;181.0;313.0;764.0;380.0;456.0;671.0;632.0;988.0;749.0;289.0;378.0;298.0;282.0;891.0;478.0;727.0;949.0;619.0;737.0;596.0;989.0;303.0;958.0;465.0;337.0;706.0;23.0;380.0;587.0;1007.0;111.0;495.0;347.0;326.0;595.0;207.0;417.0;470.0;1001.0;193.0;273.0;342.0;616.0;449.0;267.0;199.0;764.0;564.0;829.0;736.0;897.0;567.0;863.0;758.0;736.0;707.0;530.0;770.0;574.0;777.0;244.0;407.0;48.0;501.0;1001.0;687.0;598.0;516.0;122.0;103.0;451.0;633.0;543.0;606.0;88.0;905.0;293.0;886.0;1079.0;456.0;836.0;220.0;1046.0;740.0;52.0;628.0;875.0;620.0;159.0;730.0;595.0;714.0;152.0;659.0;526.0;770.0;950.0;604.0;813.0;952.0;873.0;315.0;741.0;539.0;729.0;122.0;708.0;767.0;226.0;332.0;362.0;1038.0;663.0;311.0;122.0;681.0;1095.0;783.0;103.0;691.0;872.0;155.0;960.0;282.0;105.0;755.0;213.0;537.0;549.0;427.0;497.0;634.0;665.0;328.0;756.0;139.0;792.0;498.0;818.0;126.0;506.0;173.0;369.0;424.0;586.0;231.0
10;605.0;794.0;280.0;196.0;961.0;858.0;387.0;741.0;433.0;458.0;0.0;552.0;274.0;818.0;60.0;211.0;636.0;485.0;794.0;306.0;656.0;619.0;621.0;674.0;716.0;267.0;283.0;611.0;831.0;810.0;358.0;217.0;652.0;758.0;616.0;768.0;206.0;945.0;870.0;276.0;421.0;634.0;504.0;692.0;646.0;817.0;795.0;463.0;847.0;550.0;848.0;510.0;988.0;585.0;708.0;753.0;443.0;636.0;249.0;839.0;388.0;514.0;265.0;324.0;792.0;589.0;420.0;360.0;906.0;645.0;672.0;609.0;366.0;262.0;612.0;640.0;734.0;726.0;649.0;288.0;870.0;797.0;610.0;866.0;376.0;921.0;731.0;732.0;521.0;526.0;221.0;651.0;505.0;142.0;853.0;957.0;897.0;404.0;371.0;560.0;766.0;219.0;306.0;935.0;521.0;851.0;352.0;803.0;948.0;784.0;846.0;240.0;966.0;369.0;408.0;626.0;640.0;823.0;548.0;839.0;146.0;364.0;504.0;341.0;397.0;954.0;859.0;181.0;941.0;914.0;774.0;649.0;573.0;681.0;760.0;565.0;441.0;509.0;395.0;308.0;278.0;898.0;759.0;151.0;510.0;361.0;997.0;334.0;555.0;547.0;721.0;574.0;877.0;227.0;561.0;346.0;588.0;155.0;669.0;235.0;519.0;222.0;750.0;698.0;1014.0;595.0;361.0;255.0;1079.0;463.0;787.0;290.0;175.0;706.0;546.0;262.0
11;517.0;242.0;347.0;367.0;650.0;717.0;305.0;327.0;773.0;293.0;552.0;0.0;556.0;296.0;511.0;417.0;597.0;498.0;692.0;729.0;686.0;291.0;72.0;576.0;170.0;462.0;753.0;517.0;572.0;514.0;445.0;336.0;546.0;231.0;170.0;385.0;652.0;723.0;457.0;279.0;205.0;103.0;51.0;703.0;188.0;439.0;731.0;456.0;447.0;376.0;761.0;57.0;675.0;193.0;185.0;429.0;311.0;95.0;552.0;791.0;382.0;269.0;308.0;249.0;304.0;147.0;244.0;343.0;754.0;295.0;195.0;59.0;512.0;388.0;102.0;258.0;509.0;272.0;638.0;768.0;630.0;282.0;709.0;467.0;678.0;422.0;238.0;518.0;364.0;636.0;355.0;119.0;306.0;515.0;776.0;423.0;350.0;365.0;384.0;314.0;213.0;641.0;459.0;383.0;231.0;648.0;209.0;642.0;841.0;232.0;562.0;353.0;791.0;689.0;311.0;379.0;710.0;331.0;162.0;440.0;648.0;652.0;442.0;588.0;381.0;481.0;703.0;626.0;521.0;687.0;636.0;112.0;556.0;251.0;455.0;248.0;591.0;631.0;159.0;265.0;308.0;807.0;377.0;456.0;179.0;605.0;844.0;810.0;341.0;503.0;660.0;202.0;711.0;325.0;327.0;735.0;489.0;550.0;265.0;386.0;269.0;639.0;381.0;176.0;488.0;336.0;792.0;442.0;553.0;169.0;243.0;373.0;389.0;157.0;365.0;444.0
12;807.0;781.0;210.0;342.0;755.0;608.0;270.0;613.0;223.0;603.0;274.0;556.0;0.0;746.0;309.0;159.0;381.0;244.0;540.0;185.0;386.0;483.0;608.0;431.0;683.0;94.0;231.0;378.0;620.0;616.0;574.0;290.0;415.0;786.0;539.0;619.0;153.0;711.0;720.0;321.0;359.0;657.0;506.0;423.0;565.0;658.0;533.0;240.0;694.0;368.0;587.0;500.0;781.0;494.0;739.0;580.0;598.0;610.0;25.0;572.0;577.0;386.0;268.0;316.0;697.0;653.0;330.0;228.0;656.0;758.0;730.0;598.0;114.0;170.0;646.0;739.0;524.0;623.0;386.0;250.0;648.0;721.0;335.0;709.0;133.0;818.0;650.0;518.0;344.0;253.0;373.0;614.0;651.0;136.0;589.0;885.0;851.0;238.0;562.0;700.0;749.0;129.0;106.0;905.0;633.0;619.0;359.0;563.0;687.0;772.0;642.0;402.0;718.0;139.0;564.0;450.0;367.0;727.0;627.0;687.0;209.0;111.0;701.0;67.0;223.0;829.0;613.0;146.0;787.0;684.0;531.0;667.0;321.0;575.0;578.0;678.0;169.0;236.0;435.0;301.0;259.0;635.0;612.0;374.0;601.0;89.0;742.0;281.0;706.0;311.0;462.0;666.0;632.0;322.0;706.0;180.0;785.0;120.0;554.0;182.0;391.0;124.0;598.0;730.0;929.0;737.0;243.0;116.0;989.0;549.0;745.0;477.0;237.0;679.0;369.0;484.0
13;775.0;170.0;564.0;648.0;473.0;643.0;477.0;192.0;935.0;576.0;818.0;296.0;746.0;0.0;785.0;643.0;621.0;592.0;649.0;931.0;722.0;288.0;227.0;572.0;137.0;658.0;969.0;540.0;456.0;389.0;739.0;602.0;548.0;285.0;209.0;242.0;873.0;594.0;245.0;544.0;404.0;284.0;331.0;724.0;181.0;271.0;701.0;561.0;252.0;426.0;711.0;318.0;491.0;252.0;289.0;320.0;597.0;201.0;750.0;757.0;674.0;364.0;554.0;494.0;77.0;382.0;421.0;518.0;664.0;506.0;360.0;238.0;665.0;600.0;314.0;467.0;444.0;139.0;665.0;986.0;511.0;25.0;775.0;265.0;843.0;132.0;96.0;457.0;436.0;727.0;641.0;177.0;578.0;748.0;729.0;141.0;122.0;511.0;677.0;568.0;158.0;856.0;640.0;192.0;499.0;550.0;467.0;574.0;763.0;174.0;430.0;643.0;679.0;859.0;602.0;371.0;760.0;72.0;422.0;249.0;887.0;817.0;718.0;754.0;528.0;203.0;623.0;851.0;282.0;562.0;585.0;270.0;609.0;181.0;350.0;497.0;715.0;730.0;443.0;510.0;545.0;745.0;240.0;742.0;454.0;765.0;737.0;1023.0;598.0;562.0;652.0;447.0;622.0;599.0;582.0;922.0;748.0;778.0;208.0;611.0;359.0;853.0;256.0;292.0;197.0;578.0;988.0;645.0;262.0;459.0;87.0;668.0;644.0;153.0;419.0;740.0
14;546.0;751.0;271.0;147.0;957.0;871.0;377.0;721.0;484.0;400.0;60.0;511.0;309.0;785.0;0.0;214.0;652.0;500.0;809.0;361.0;681.0;603.0;582.0;686.0;678.0;284.0;342.0;621.0;830.0;805.0;300.0;184.0;662.0;710.0;588.0;752.0;260.0;951.0;852.0;241.0;398.0;588.0;464.0;716.0;618.0;803.0;814.0;473.0;831.0;547.0;866.0;472.0;984.0;561.0;660.0;743.0;385.0;598.0;284.0;860.0;328.0;500.0;242.0;296.0;764.0;538.0;402.0;356.0;918.0;589.0;621.0;569.0;389.0;262.0;565.0;585.0;734.0;701.0;669.0;347.0;872.0;765.0;641.0;850.0;421.0;893.0;701.0;733.0;518.0;555.0;168.0;615.0;446.0;173.0;872.0;923.0;859.0;403.0;312.0;502.0;724.0;271.0;322.0;894.0;465.0;857.0;318.0;812.0;966.0;741.0;843.0;184.0;977.0;415.0;349.0;619.0;669.0;795.0;496.0;823.0;205.0;406.0;445.0;376.0;398.0;930.0;870.0;234.0;924.0;919.0;785.0;603.0;589.0;657.0;753.0;509.0;470.0;539.0;353.0;282.0;257.0;916.0;743.0;92.0;457.0;398.0;1011.0;393.0;496.0;559.0;738.0;520.0;887.0;187.0;502.0;399.0;529.0;195.0;648.0;232.0;505.0;274.0;735.0;650.0;982.0;537.0;418.0;267.0;1047.0;412.0;750.0;231.0;156.0;666.0;542.0;203.0
15;655.0;652.0;79.0;193.0;750.0;657.0;182.0;542.0;381.0;445.0;211.0;417.0;159.0;643.0;214.0;0.0;441.0;288.0;596.0;314.0;479.0;416.0;477.0;472.0;561.0;85.0;336.0;407.0;620.0;599.0;430.0;132.0;448.0;644.0;435.0;564.0;236.0;737.0;666.0;163.0;240.0;514.0;366.0;512.0;464.0;611.0;604.0;259.0;642.0;339.0;654.0;364.0;777.0;397.0;596.0;544.0;440.0;484.0;146.0;652.0;424.0;311.0;113.0;169.0;606.0;501.0;226.0;150.0;704.0;600.0;580.0;465.0;191.0;51.0;500.0;582.0;523.0;536.0;461.0;351.0;660.0;621.0;450.0;660.0;292.0;734.0;551.0;521.0;310.0;362.0;223.0;492.0;492.0;105.0;661.0;784.0;737.0;192.0;411.0;541.0;621.0;224.0;116.0;785.0;475.0;643.0;210.0;597.0;754.0;643.0;635.0;251.0;763.0;297.0;407.0;416.0;473.0;638.0;472.0;634.0;244.0;269.0;548.0;215.0;186.0;759.0;656.0;211.0;737.0;705.0;571.0;526.0;378.0;489.0;550.0;519.0;281.0;348.0;282.0;153.0;110.0;705.0;555.0;249.0;444.0;237.0;797.0;393.0;547.0;345.0;527.0;509.0;672.0;165.0;547.0;325.0;631.0;136.0;474.0;33.0;316.0;222.0;545.0;586.0;836.0;578.0;377.0;61.0;899.0;392.0;628.0;327.0;86.0;554.0;335.0;347.0
16;1033.0;734.0;410.0;615.0;416.0;227.0;343.0;433.0;434.0;795.0;636.0;597.0;381.0;621.0;652.0;441.0;0.0;153.0;159.0;516.0;101.0;343.0;608.0;67.0;633.0;369.0;579.0;83.0;286.0;314.0;844.0;540.0;77.0;796.0;472.0;401.0;528.0;338.0;475.0;528.0;421.0;690.0;565.0;108.0;481.0;410.0;163.0;186.0;449.0;222.0;213.0;546.0;438.0;426.0;762.0;328.0;800.0;592.0;404.0;216.0;819.0;327.0;477.0;474.0;548.0;739.0;380.0;334.0;275.0;881.0;790.0;604.0;272.0;401.0;697.0;848.0;213.0;482.0;44.0;599.0;293.0;597.0;167.0;456.0;375.0;631.0;536.0;201.0;233.0;167.0;638.0;578.0;832.0;496.0;220.0;733.0;743.0;283.0;809.0;866.0;704.0;502.0;331.0;812.0;782.0;252.0;502.0;189.0;314.0;730.0;318.0;664.0;337.0;395.0;776.0;251.0;143.0;569.0;738.0;445.0;590.0;360.0;932.0;331.0;278.0;607.0;233.0;526.0;524.0;316.0;154.0;692.0;64.0;447.0;308.0;816.0;225.0;181.0;571.0;473.0;457.0;264.0;398.0;688.0;733.0;322.0;362.0;612.0;884.0;104.0;86.0;782.0;252.0;568.0;876.0;478.0;1006.0;495.0;418.0;432.0;328.0;497.0;380.0;757.0;751.0;898.0;545.0;386.0;798.0;691.0;664.0;737.0;519.0;638.0;233.0;774.0
17;894.0;674.0;260.0;464.0;513.0;373.0;210.0;424.0;360.0;660.0;485.0;498.0;244.0;592.0;500.0;288.0;153.0;0.0;310.0;405.0;206.0;304.0;525.0;190.0;571.0;218.0;463.0;133.0;377.0;380.0;696.0;390.0;171.0;716.0;408.0;413.0;397.0;468.0;506.0;383.0;302.0;598.0;458.0;234.0;425.0;441.0;316.0;42.0;479.0;166.0;367.0;443.0;539.0;358.0;676.0;358.0;664.0;514.0;265.0;366.0;675.0;243.0;329.0;335.0;528.0;631.0;259.0;190.0;421.0;765.0;692.0;518.0;130.0;248.0;599.0;736.0;284.0;455.0;176.0;483.0;404.0;567.0;212.0;492.0;279.0;634.0;498.0;276.0;156.0;141.0;489.0;507.0;701.0;347.0;373.0;720.0;710.0;145.0;664.0;739.0;642.0;372.0;179.0;773.0;657.0;375.0;368.0;321.0;467.0;668.0;402.0;515.0;481.0;298.0;637.0;238.0;217.0;554.0;623.0;473.0;452.0;257.0;791.0;209.0;135.0;629.0;375.0;390.0;568.0;440.0;291.0;603.0;90.0;411.0;350.0;695.0;129.0;140.0;442.0;331.0;310.0;417.0;407.0;535.0;611.0;209.0;512.0;504.0;754.0;66.0;239.0;666.0;393.0;419.0;748.0;377.0;868.0;349.0;384.0;280.0;246.0;367.0;391.0;669.0;752.0;773.0;447.0;233.0;807.0;566.0;616.0;589.0;366.0;572.0;173.0;623.0
18;1161.0;788.0;559.0;764.0;320.0;73.0;480.0;458.0;569.0;921.0;794.0;692.0;540.0;649.0;809.0;596.0;159.0;310.0;0.0;665.0;186.0;409.0;689.0;129.0;693.0;527.0;730.0;197.0;220.0;277.0;987.0;687.0;158.0;867.0;544.0;409.0;685.0;203.0;452.0;669.0;542.0;776.0;669.0;156.0;545.0;396.0;56.0;337.0;430.0;326.0;69.0;649.0;336.0;505.0;840.0;330.0;929.0;668.0;563.0;108.0;956.0;431.0;622.0;611.0;572.0;839.0;504.0;478.0;118.0;985.0;879.0;687.0;431.0;553.0;789.0;950.0;205.0;519.0;158.0;749.0;195.0;628.0;271.0;430.0;522.0;627.0;579.0;193.0;347.0;309.0;785.0;649.0;955.0;654.0;84.0;739.0;769.0;426.0;947.0;983.0;760.0;658.0;489.0;840.0;897.0;142.0;634.0;84.0;161.0;786.0;256.0;809.0;181.0;542.0;908.0;315.0;232.0;586.0;845.0;429.0;748.0;510.0;1063.0;487.0;424.0;584.0;87.0;684.0;483.0;192.0;64.0;775.0;222.0;497.0;301.0;927.0;379.0;325.0;695.0;612.0;601.0;117.0;410.0;840.0;846.0;476.0;203.0;758.0;1004.0;252.0;79.0;889.0;106.0;714.0;994.0;624.0;1134.0;653.0;469.0;585.0;430.0;653.0;393.0;836.0;742.0;1013.0;689.0;542.0;779.0;809.0;709.0;880.0;672.0;701.0;336.0;922.0
19;905.0;960.0;382.0;454.0;917.0;738.0;455.0;797.0;144.0;730.0;306.0;729.0;185.0;931.0;361.0;314.0;516.0;405.0;665.0;0.0;488.0;667.0;786.0;575.0;865.0;274.0;66.0;533.0;781.0;785.0;659.0;426.0;566.0;957.0;723.0;801.0;101.0;854.0;900.0;471.0;539.0;827.0;678.0;525.0;750.0;837.0;646.0;411.0;873.0;548.0;700.0;675.0;942.0;679.0;909.0;757.0;720.0;790.0;181.0;672.0;680.0;571.0;426.0;482.0;882.0;813.0;513.0;413.0;783.0;902.0;893.0;775.0;285.0;342.0;814.0;888.0;689.0;808.0;507.0;84.0;802.0;907.0;415.0;888.0;144.0;1003.0;835.0;681.0;525.0;357.0;486.0;795.0;778.0;230.0;698.0;1070.0;1034.0;424.0;664.0;831.0;928.0;97.0;291.0;1087.0;775.0;766.0;524.0;705.0;795.0;951.0;807.0;513.0;846.0;125.0;684.0;629.0;454.0;912.0;781.0;867.0;165.0;156.0;801.0;196.0;408.0;1013.0;747.0;128.0;966.0;831.0;670.0;839.0;464.0;761.0;752.0;820.0;291.0;340.0;595.0;466.0;423.0;743.0;794.0;449.0;750.0;198.0;861.0;99.0;832.0;469.0;586.0;816.0;766.0;454.0;835.0;51.0;886.0;193.0;739.0;344.0;576.0;96.0;779.0;899.0;1114.0;868.0;64.0;291.0;1174.0;699.0;928.0;578.0;367.0;859.0;549.0;563.0
20;1100.0;833.0;463.0;664.0;490.0;259.0;414.0;534.0;384.0;866.0;656.0;686.0;386.0;722.0;681.0;479.0;101.0;206.0;186.0;488.0;0.0;443.0;702.0;159.0;731.0;399.0;554.0;183.0;368.0;405.0;899.0;591.0;176.0;892.0;569.0;501.0;520.0;388.0;571.0;588.0;501.0;782.0;652.0;37.0;580.0;507.0;158.0;247.0;546.0;316.0;212.0;634.0;509.0;522.0;857.0;427.0;870.0;687.0;411.0;187.0;880.0;418.0;534.0;541.0;649.0;826.0;458.0;396.0;301.0;965.0;881.0;697.0;292.0;446.0;788.0;934.0;307.0;583.0;58.0;573.0;363.0;698.0;85.0;552.0;344.0;731.0;637.0;294.0;323.0;135.0;690.0;675.0;906.0;514.0;210.0;834.0;844.0;350.0;869.0;943.0;803.0;494.0;363.0;913.0;860.0;315.0;573.0;249.0;307.0;829.0;402.0;717.0;363.0;364.0;843.0;352.0;48.0;670.0;822.0;542.0;589.0;336.0;997.0;326.0;341.0;704.0;273.0;523.0;617.0;373.0;214.0;785.0;130.0;548.0;405.0;897.0;218.0;153.0;646.0;537.0;515.0;255.0;499.0;728.0;813.0;310.0;373.0;578.0;959.0;184.0;113.0;866.0;292.0;622.0;953.0;444.0;1074.0;506.0;519.0;477.0;420.0;489.0;481.0;850.0;850.0;976.0;507.0;419.0;896.0;769.0;765.0;792.0;562.0;736.0;327.0;822.0
21;794.0;391.0;340.0;495.0;381.0;428.0;234.0;130.0;654.0;556.0;619.0;291.0;483.0;288.0;603.0;416.0;343.0;304.0;409.0;667.0;443.0;0.0;280.0;305.0;290.0;405.0;713.0;260.0;285.0;233.0;668.0;427.0;278.0;460.0;134.0;149.0;624.0;434.0;251.0;381.0;214.0;368.0;280.0;450.0;139.0;200.0;453.0;275.0;228.0;138.0;477.0;258.0;408.0;98.0;431.0;153.0;570.0;258.0;492.0;513.0;619.0;106.0;362.0;316.0;224.0;438.0;201.0;269.0;463.0;586.0;471.0;279.0;388.0;366.0;382.0;549.0;218.0;151.0;388.0;731.0;342.0;263.0;490.0;247.0;565.0;337.0;197.0;227.0;150.0;439.0;502.0;241.0;581.0;517.0;493.0;417.0;408.0;245.0;615.0;599.0;361.0;604.0;378.0;474.0;514.0;357.0;313.0;352.0;552.0;387.0;280.0;517.0;499.0;582.0;558.0;96.0;478.0;252.0;451.0;220.0;654.0;540.0;707.0;480.0;260.0;348.0;413.0;606.0;322.0;398.0;350.0;366.0;324.0;108.0;173.0;537.0;430.0;441.0;343.0;327.0;346.0;521.0;140.0;590.0;460.0;488.0;553.0;763.0;623.0;275.0;390.0;493.0;420.0;440.0;612.0;652.0;766.0;540.0;80.0;387.0;100.0;600.0;132.0;427.0;452.0;625.0;720.0;399.0;510.0;433.0;322.0;571.0;448.0;297.0;131.0;631.0
22;565.0;176.0;404.0;438.0;614.0;707.0;347.0;287.0;821.0;352.0;621.0;72.0;608.0;227.0;582.0;477.0;608.0;525.0;689.0;786.0;702.0;280.0;0.0;580.0;98.0;515.0;813.0;526.0;549.0;487.0;512.0;405.0;551.0;191.0;147.0;348.0;712.0;699.0;409.0;346.0;250.0;89.0;118.0;715.0;154.0;399.0;731.0;485.0;402.0;386.0;757.0;114.0;637.0;185.0;154.0;402.0;372.0;30.0;606.0;791.0;447.0;285.0;371.0;310.0;245.0;174.0;284.0;387.0;740.0;318.0;192.0;13.0;555.0;443.0;109.0;279.0;496.0;225.0;651.0;828.0;608.0;216.0;733.0;421.0;726.0;356.0;181.0;506.0;380.0;665.0;426.0;57.0;358.0;577.0;773.0;351.0;279.0;402.0;450.0;357.0;146.0;700.0;508.0;314.0;281.0;630.0;274.0;631.0;831.0;166.0;534.0;425.0;772.0;738.0;375.0;374.0;730.0;268.0;205.0;395.0;712.0;699.0;498.0;635.0;418.0;419.0;691.0;687.0;468.0;664.0;630.0;86.0;574.0;215.0;430.0;288.0;627.0;662.0;230.0;327.0;368.0;801.0;340.0;528.0;232.0;651.0;828.0;869.0;386.0;521.0;665.0;238.0;697.0;395.0;371.0;788.0;537.0;611.0;235.0;445.0;283.0;698.0;348.0;149.0;418.0;375.0;848.0;496.0;482.0;232.0;171.0;443.0;455.0;85.0;376.0;515.0
23;1034.0;695.0;431.0;635.0;350.0;185.0;351.0;381.0;499.0;794.0;674.0;576.0;431.0;572.0;686.0;472.0;67.0;190.0;129.0;575.0;159.0;305.0;580.0;0.0;595.0;407.0;638.0;68.0;219.0;248.0;858.0;559.0;30.0;764.0;438.0;344.0;581.0;281.0;412.0;540.0;416.0;665.0;549.0;153.0;444.0;348.0;156.0;212.0;387.0;202.0;195.0;529.0;373.0;395.0;733.0;268.0;802.0;561.0;453.0;216.0;827.0;309.0;493.0;482.0;497.0;721.0;377.0;349.0;233.0;866.0;767.0;577.0;318.0;427.0;675.0;832.0;149.0;435.0;103.0;657.0;228.0;548.0;233.0;393.0;436.0;573.0;491.0;136.0;221.0;232.0;656.0;545.0;829.0;536.0;207.0;678.0;694.0;297.0;818.0;859.0;665.0;555.0;368.0;763.0;774.0;191.0;505.0;132.0;290.0;691.0;251.0;680.0;292.0;457.0;780.0;210.0;205.0;516.0;725.0;383.0;640.0;420.0;935.0;386.0;296.0;545.0;186.0;577.0;459.0;256.0;101.0;665.0;112.0;404.0;246.0;805.0;284.0;246.0;568.0;483.0;472.0;245.0;342.0;713.0;723.0;379.0;326.0;672.0;879.0;127.0;85.0;768.0;203.0;585.0;870.0;539.0;1006.0;539.0;375.0;459.0;309.0;550.0;324.0;728.0;692.0;890.0;608.0;420.0;737.0;684.0;621.0;750.0;545.0;602.0;213.0;793.0
24;639.0;103.0;485.0;535.0;572.0;701.0;415.0;252.0;889.0;440.0;716.0;170.0;683.0;137.0;678.0;561.0;633.0;571.0;693.0;865.0;731.0;290.0;98.0;595.0;0.0;591.0;896.0;550.0;527.0;461.0;607.0;498.0;568.0;179.0;164.0;313.0;796.0;675.0;353.0;440.0;326.0;147.0;214.0;740.0;152.0;358.0;740.0;534.0;351.0;417.0;759.0;206.0;593.0;213.0;166.0;380.0;462.0;80.0;684.0;799.0;540.0;328.0;461.0;399.0;175.0;246.0;353.0;457.0;729.0;374.0;231.0;111.0;619.0;524.0;177.0;335.0;491.0;185.0;677.0;912.0;585.0;131.0;772.0;368.0;794.0;269.0;126.0;502.0;417.0;711.0;524.0;69.0;441.0;664.0;776.0;253.0;182.0;463.0;544.0;432.0;72.0;782.0;580.0;224.0;363.0;616.0;365.0;627.0;824.0;98.0;507.0;523.0;754.0;808.0;468.0;385.0;764.0;191.0;285.0;345.0;801.0;768.0;581.0;703.0;480.0;338.0;683.0;772.0;403.0;640.0;631.0;134.0;608.0;197.0;411.0;361.0;683.0;710.0;327.0;416.0;455.0;799.0;307.0;626.0;318.0;718.0;811.0;951.0;462.0;556.0;680.0;311.0;686.0;491.0;446.0;863.0;612.0;697.0;224.0;529.0;325.0;780.0;319.0;167.0;320.0;443.0;925.0;574.0;384.0;326.0;73.0;541.0;547.0;17.0;408.0;613.0
25;738.0;687.0;117.0;278.0;707.0;591.0;181.0;534.0;314.0;524.0;267.0;462.0;94.0;658.0;284.0;85.0;369.0;218.0;527.0;274.0;399.0;405.0;515.0;407.0;591.0;0.0;312.0;345.0;574.0;561.0;515.0;214.0;386.0;692.0;450.0;547.0;220.0;681.0;649.0;236.0;266.0;563.0;412.0;433.0;477.0;590.0;530.0;197.0;624.0;304.0;582.0;406.0;734.0;406.0;645.0;516.0;520.0;517.0;93.0;576.0;508.0;303.0;180.0;224.0;612.0;562.0;239.0;140.0;639.0;670.0;637.0;504.0;107.0;78.0;553.0;650.0;477.0;539.0;385.0;330.0;609.0;634.0;366.0;640.0;221.0;736.0;563.0;473.0;277.0;279.0;307.0;522.0;570.0;131.0;588.0;798.0;760.0;161.0;495.0;617.0;656.0;200.0;39.0;813.0;547.0;587.0;267.0;536.0;683.0;679.0;593.0;336.0;699.0;230.0;488.0;385.0;390.0;643.0;537.0;616.0;254.0;196.0;632.0;136.0;149.0;752.0;592.0;202.0;718.0;651.0;507.0;573.0;306.0;491.0;518.0;591.0;197.0;264.0;344.0;210.0;169.0;632.0;539.0;330.0;512.0;158.0;730.0;365.0;626.0;280.0;455.0;577.0;610.0;247.0;624.0;273.0;714.0;142.0;472.0;97.0;308.0;197.0;527.0;636.0;844.0;654.0;334.0;26.0;905.0;461.0;653.0;412.0;171.0;586.0;302.0;431.0
26;888.0;988.0;410.0;452.0;976.0;802.0;492.0;843.0;203.0;727.0;283.0;753.0;231.0;969.0;342.0;336.0;579.0;463.0;730.0;66.0;554.0;713.0;813.0;638.0;896.0;312.0;0.0;593.0;840.0;842.0;642.0;435.0;627.0;978.0;760.0;850.0;101.0;917.0;951.0;485.0;571.0;848.0;702.0;591.0;788.0;889.0;711.0;466.0;925.0;599.0;766.0;700.0;1001.0;718.0;929.0;810.0;716.0;819.0;221.0;738.0;668.0;614.0;445.0;504.0;924.0;826.0;549.0;451.0;848.0;906.0;908.0;801.0;339.0;372.0;833.0;895.0;747.0;851.0;572.0;20.0;863.0;945.0;481.0;940.0;210.0;1047.0;874.0;740.0;575.0;422.0;483.0;826.0;775.0;240.0;764.0;1109.0;1069.0;468.0;652.0;830.0;957.0;113.0;335.0;1119.0;779.0;828.0;544.0;768.0;861.0;979.0;865.0;508.0;911.0;191.0;680.0;681.0;520.0;954.0;792.0;917.0;137.0;220.0;787.0;254.0;453.0;1060.0;811.0;128.0;1018.0;893.0;734.0;861.0;526.0;803.0;807.0;825.0;354.0;405.0;611.0;488.0;445.0;809.0;843.0;433.0;758.0;259.0;926.0;57.0;828.0;528.0;651.0;824.0;830.0;460.0;832.0;115.0;871.0;204.0;783.0;368.0;619.0;116.0;829.0;919.0;1156.0;866.0;86.0;324.0;1217.0;708.0;961.0;568.0;376.0;889.0;600.0;545.0
27;967.0;651.0;363.0;567.0;383.0;251.0;282.0;354.0;471.0;727.0;611.0;517.0;378.0;540.0;621.0;407.0;83.0;133.0;197.0;533.0;183.0;260.0;526.0;68.0;550.0;345.0;593.0;0.0;248.0;260.0;789.0;491.0;42.0;714.0;389.0;327.0;530.0;336.0;408.0;472.0;350.0;610.0;488.0;190.0;398.0;342.0;222.0;148.0;381.0;142.0;263.0;469.0;408.0;343.0;681.0;258.0;735.0;509.0;398.0;280.0;759.0;248.0;425.0;414.0;468.0;662.0;310.0;281.0;298.0;805.0;710.0;522.0;263.0;361.0;617.0;771.0;159.0;401.0;127.0;613.0;271.0;516.0;239.0;390.0;399.0;557.0;454.0;149.0;157.0;212.0;588.0;496.0;763.0;476.0;274.0;655.0;662.0;229.0;750.0;794.0;621.0;504.0;307.0;730.0;709.0;243.0;438.0;191.0;358.0;647.0;275.0;612.0;356.0;420.0;712.0;169.0;220.0;490.0;663.0;376.0;585.0;381.0;868.0;339.0;228.0;537.0;250.0;523.0;463.0;307.0;164.0;611.0;80.0;365.0;242.0;742.0;245.0;222.0;502.0;414.0;404.0;313.0;323.0;646.0;659.0;336.0;392.0;632.0;814.0;67.0;146.0;706.0;266.0;517.0;805.0;501.0;940.0;481.0;336.0;393.0;249.0;500.0;305.0;675.0;676.0;826.0;571.0;357.0;725.0;619.0;582.0;682.0;478.0;555.0;152.0;725.0
28;1079.0;611.0;560.0;748.0;136.0;192.0;457.0;276.0;715.0;840.0;831.0;572.0;620.0;456.0;830.0;620.0;286.0;377.0;220.0;781.0;368.0;285.0;549.0;219.0;527.0;574.0;840.0;248.0;0.0;67.0;943.0;673.0;219.0;706.0;405.0;217.0;773.0;151.0;236.0;638.0;480.0;638.0;564.0;350.0;395.0;188.0;276.0;381.0;217.0;284.0;269.0;542.0;162.0;381.0;688.0;148.0;853.0;522.0;639.0;323.0;899.0;356.0;605.0;573.0;380.0;717.0;453.0;475.0;208.0;864.0;739.0;551.0;506.0;570.0;656.0;826.0;97.0;343.0;316.0;860.0;59.0;438.0;448.0;214.0;647.0;414.0;404.0;102.0;313.0;450.0;761.0;499.0;866.0;704.0;287.0;529.0;570.0;428.0;893.0;883.0;588.0;748.0;537.0;641.0;798.0;94.0;581.0;136.0;307.0;611.0;36.0;780.0;226.0;667.0;840.0;220.0;416.0;388.0;734.0;217.0;823.0;628.0;991.0;586.0;434.0;365.0;170.0;764.0;263.0;115.0;163.0;632.0;322.0;336.0;118.0;820.0;492.0;462.0;623.0;580.0;585.0;294.0;221.0;838.0;745.0;583.0;284.0;879.0;908.0;312.0;260.0;775.0;167.0;693.0;896.0;749.0;1050.0;715.0;314.0;599.0;353.0;743.0;208.0;686.0;525.0;908.0;818.0;580.0;560.0;718.0;527.0;841.0;677.0;539.0;290.0;896.0
29;1025.0;544.0;533.0;713.0;153.0;257.0;428.0;209.0;731.0;788.0;810.0;514.0;616.0;389.0;805.0;599.0;314.0;380.0;277.0;785.0;405.0;233.0;487.0;248.0;461.0;561.0;842.0;260.0;67.0;0.0;899.0;640.0;240.0;640.0;344.0;150.0;769.0;214.0;176.0;601.0;438.0;575.0;509.0;392.0;333.0;122.0;332.0;377.0;154.0;260.0;330.0;487.0;181.0;324.0;623.0;85.0;802.0;459.0;633.0;382.0;852.0;316.0;572.0;535.0;312.0;656.0;416.0;450.0;275.0;803.0;676.0;489.0;504.0;548.0;595.0;765.0;102.0;277.0;350.0;861.0;124.0;370.0;481.0;153.0;657.0;351.0;337.0;113.0;289.0;471.0;724.0;436.0;812.0;689.0;349.0;465.0;504.0;407.0;847.0;826.0;521.0;744.0;526.0;575.0;742.0;161.0;540.0;195.0;374.0;544.0;48.0;741.0;293.0;677.0;790.0;185.0;452.0;321.0;676.0;153.0;814.0;636.0;939.0;589.0;416.0;308.0;235.0;757.0;213.0;179.0;215.0;569.0;339.0;272.0;59.0;762.0;503.0;481.0;575.0;544.0;554.0;359.0;154.0;805.0;689.0;589.0;351.0;884.0;852.0;319.0;305.0;716.0;233.0;658.0;840.0;757.0;996.0;703.0;252.0;575.0;312.0;740.0;142.0;622.0;465.0;850.0;827.0;564.0;502.0;664.0;460.0;799.0;650.0;473.0;264.0;857.0
30;247.0;643.0;436.0;237.0;1050.0;1036.0;507.0;751.0;774.0;181.0;358.0;445.0;574.0;739.0;300.0;430.0;844.0;696.0;987.0;659.0;899.0;668.0;512.0;858.0;607.0;515.0;642.0;789.0;943.0;899.0;0.0;308.0;829.0;561.0;592.0;800.0;558.0;1085.0;887.0;318.0;463.0;472.0;420.0;930.0;618.0;856.0;1006.0;659.0;872.0;674.0;1052.0;439.0;1076.0;589.0;518.0;821.0;158.0;539.0;553.0;1060.0;70.0;587.0;368.0;377.0;748.0;385.0;493.0;511.0;1081.0;362.0;454.0;501.0;620.0;455.0;441.0;375.0;857.0;707.0;872.0;646.0;996.0;727.0;879.0;893.0;701.0;867.0;682.0;861.0;648.0;791.0;209.0;564.0;209.0;448.0;1061.0;858.0;773.0;562.0;63.0;259.0;625.0;566.0;544.0;785.0;270.0;995.0;362.0;966.0;1148.0;633.0;944.0;182.0;1132.0;699.0;140.0;723.0;899.0;775.0;337.0;864.0;504.0;682.0;150.0;638.0;566.0;925.0;1029.0;531.0;955.0;1049.0;947.0;489.0;784.0;675.0;840.0;300.0;711.0;777.0;327.0;375.0;388.0;1102.0;791.0;210.0;297.0;661.0;1176.0;692.0;240.0;741.0;928.0;336.0;1042.0;277.0;252.0;694.0;231.0;480.0;679.0;425.0;590.0;568.0;790.0;508.0;926.0;285.0;718.0;491.0;989.0;281.0;676.0;107.0;344.0;591.0;665.0;96.0
31;524.0;578.0;130.0;77.0;794.0;741.0;217.0;540.0;509.0;313.0;217.0;336.0;290.0;602.0;184.0;132.0;540.0;390.0;687.0;426.0;591.0;427.0;405.0;559.0;498.0;214.0;435.0;491.0;673.0;640.0;308.0;0.0;532.0;550.0;404.0;574.0;335.0;805.0;674.0;58.0;216.0;423.0;287.0;622.0;434.0;627.0;703.0;354.0;653.0;391.0;750.0;292.0;821.0;378.0;501.0;573.0;308.0;419.0;274.0;755.0;295.0;327.0;69.0;113.0;580.0;391.0;227.0;210.0;787.0;476.0;473.0;392.0;315.0;148.0;403.0;462.0;581.0;518.0;566.0;447.0;720.0;582.0;572.0;672.0;423.0;709.0;517.0;581.0;363.0;485.0;99.0;434.0;361.0;197.0;759.0;740.0;680.0;262.0;282.0;411.0;549.0;331.0;239.0;718.0;349.0;712.0;135.0;675.0;848.0;568.0;682.0;126.0;842.0;427.0;275.0;456.0;591.0;611.0;357.0;645.0;317.0;401.0;417.0;347.0;263.0;747.0;737.0;307.0;745.0;771.0;653.0;437.0;478.0;474.0;585.0;395.0;407.0;471.0;182.0;100.0;88.0;801.0;565.0;165.0;324.0;370.0;882.0;492.0;416.0;437.0;624.0;390.0;752.0;33.0;416.0;446.0;500.0;234.0;466.0;119.0;332.0;330.0;559.0;490.0;799.0;448.0;490.0;189.0;864.0;273.0;570.0;201.0;60.0;488.0;384.0;235.0
32;1005.0;668.0;405.0;608.0;353.0;210.0;322.0;359.0;496.0;764.0;652.0;546.0;415.0;548.0;662.0;448.0;77.0;171.0;158.0;566.0;176.0;278.0;551.0;30.0;568.0;386.0;627.0;42.0;219.0;240.0;829.0;532.0;0.0;736.0;410.0;325.0;567.0;297.0;398.0;512.0;386.0;636.0;519.0;175.0;416.0;333.0;186.0;190.0;372.0;172.0;225.0;499.0;377.0;366.0;705.0;251.0;772.0;532.0;436.0;246.0;798.0;279.0;465.0;453.0;474.0;692.0;347.0;322.0;257.0;836.0;737.0;548.0;301.0;403.0;645.0;802.0;139.0;411.0;118.0;647.0;236.0;525.0;244.0;379.0;429.0;555.0;466.0;127.0;191.0;232.0;629.0;517.0;799.0;516.0;237.0;658.0;670.0;270.0;789.0;829.0;639.0;541.0;348.0;740.0;744.0;204.0;476.0;150.0;318.0;665.0;249.0;652.0;314.0;450.0;750.0;183.0;219.0;495.0;695.0;368.0;623.0;412.0;906.0;374.0;269.0;530.0;208.0;561.0;449.0;269.0;123.0;636.0;103.0;378.0;231.0;775.0;275.0;244.0;539.0;454.0;445.0;274.0;323.0;688.0;693.0;369.0;351.0;664.0;849.0;106.0;114.0;738.0;225.0;558.0;840.0;532.0;977.0;521.0;349.0;434.0;279.0;536.0;305.0;700.0;674.0;860.0;601.0;398.0;721.0;654.0;596.0;722.0;520.0;575.0;183.0;766.0
