Vehicle:
Average speed:;40
Time limit:;11
Fuel comsumption rate:;0.2
Fuel Capacity:;60
Depot:
ID;X;Y;Service Time
0;989;944;0
Customers:
ID;X;Y;Service Time
1;5;730;0
2;769;200;0
3;698;515;0
4;72;561;0
5;52;397;0
6;771;177;0
7;81;537;0
8;43;371;0
9;716;202;0
10;106;406;0
12;10;338;0
13;776;432;0
15;759;287;0
16;593;363;0
17;773;290;0
18;129;398;0
19;709;193;0
21;163;418;0
22;48;619;0
25;69;672;0
26;675;960;0
27;50;763;0
28;736;240;0
29;46;518;0
31;699;581;0
32;58;398;0
33;43;393;0
34;783;186;0
35;58;360;0
37;38;393;0
38;652;524;0
39;37;364;0
40;37;617;0
41;61;534;0
42;664;358;0
43;555;445;0
44;712;465;0
45;38;469;0
46;2;729;0
47;65;620;0
49;857;475;0
51;879;98;0
53;21;421;0
54;109;536;0
55;60;738;0
56;897;564;0
57;96;383;0
60;669;548;0
62;193;813;0
63;15;696;0
64;102;541;0
67;73;519;0
68;70;645;0
69;40;433;0
71;0;486;0
72;75;511;0
74;732;427;0
77;84;538;0
78;751;246;0
79;22;714;0
80;63;571;0
81;641;350;0
82;873;540;0
83;211;418;0
84;287;618;0
85;155;796;0
86;627;595;0
87;546;199;0
88;795;58;0
91;145;377;0
95;158;613;0
96;673;619;0
97;738;444;0
99;122;182;0
100;108;334;0
101;100;550;0
102;677;505;0
103;23;365;0
104;20;512;0
105;892;41;0
106;452;457;0
107;70;541;0
108;224;931;0
109;67;692;0
110;198;317;0
112;159;369;0
113;51;378;0
114;556;137;0
115;800;100;0
116;795;278;0
117;158;773;0
119;41;488;0
120;70;375;0
121;132;545;0
122;203;328;0
123;728;467;0
124;759;208;0
AFSs:
ID;X;Y;Service Time
11;627;172;0
14;761;469;0
20;99;564;0
23;907;406;0
24;929;527;0
30;128;793;0
36;45;712;0
48;156;497;0
50;773;234;0
52;685;466;0
58;76;582;0
59;739;193;0
61;284;462;0
65;28;578;0
66;828;292;0
70;745;159;0
73;228;312;0
75;61;407;0
76;495;621;0
89;805;15;0
90;649;486;0
92;673;319;0
93;700;678;0
94;86;623;0
98;17;449;0
111;513;731;0
118;43;656;0
Distance matrix:
;0;1;2;3;4;5;6;7;8;9;10;11;12;13;14;15;16;17;18;19;20;21;22;23;24;25;26;27;28;29;30;31;32;33;34;35;36;37;38;39;40;41;42;43;44;45;46;47;48;49;50;51;52;53;54;55;56;57;58;59;60;61;62;63;64;65;66;67;68;69;70;71;72;73;74;75;76;77;78;79;80;81;82;83;84;85;86;87;88;89;90;91;92;93;94;95;96;97;98;99;100;101;102;103;104;105;106;107;108;109;110;111;112;113;114;115;116;117;118;119;120;121;122;123;124
0;0.0;1007.0;776.0;518.0;994.0;1085.0;797.0;995.0;1106.0;791.0;1034.0;853.0;1151.0;555.0;527.0;696.0;703.0;689.0;1019.0;801.0;968.0;979.0;996.0;544.0;421.0;959.0;314.0;956.0;748.0;1035.0;874.0;465.0;1079.0;1095.0;785.0;1099.0;972.0;1099.0;538.0;1115.0;1007.0;1015.0;670.0;661.0;553.0;1063.0;1010.0;979.0;945.0;487.0;742.0;853.0;566.0;1100.0;970.0;952.0;391.0;1055.0;982.0;792.0;509.0;854.0;807.0;1005.0;974.0;1028.0;672.0;1010.0;966.0;1078.0;822.0;1090.0;1011.0;989.0;577.0;1072.0;590.0;992.0;737.0;994.0;998.0;688.0;420.0;939.0;774.0;847.0;503.0;867.0;907.0;947.0;570.0;1017.0;700.0;393.0;958.0;894.0;453.0;559.0;1091.0;1154.0;1072.0;972.0;539.0;1126.0;1061.0;908.0;725.0;1003.0;765.0;956.0;1009.0;521.0;1010.0;1096.0;916.0;865.0;694.0;848.0;989.0;1052.0;1081.0;945.0;999.0;544.0;771.0
1;1007.0;0.0;930.0;726.0;182.0;336.0;945.0;207.0;361.0;886.0;339.0;836.0;392.0;827.0;800.0;875.0;693.0;885.0;354.0;885.0;191.0;350.0;119.0;958.0;946.0;86.0;708.0;56.0;880.0;216.0;138.0;710.0;336.0;339.0;949.0;374.0;44.0;339.0;679.0;367.0;117.0;204.0;757.0;619.0;755.0;263.0;3.0;125.0;278.0;889.0;914.0;1079.0;729.0;309.0;220.0;56.0;907.0;359.0;164.0;909.0;688.0;387.0;206.0;35.0;212.0;154.0;932.0;222.0;107.0;299.0;935.0;244.0;230.0;474.0;788.0;328.0;502.0;208.0;889.0;23.0;169.0;741.0;889.0;374.0;303.0;164.0;636.0;758.0;1037.0;1073.0;689.0;380.0;784.0;697.0;134.0;193.0;677.0;787.0;281.0;560.0;409.0;204.0;709.0;365.0;219.0;1123.0;524.0;200.0;297.0;73.0;456.0;508.0;392.0;355.0;809.0;1014.0;910.0;159.0;83.0;245.0;361.0;224.0;448.0;769.0;917.0
2;776.0;930.0;0.0;323.0;785.0;744.0;23.0;766.0;746.0;53.0;694.0;145.0;771.0;232.0;269.0;88.0;240.0;90.0;670.0;60.0;762.0;644.0;834.0;248.0;364.0;844.0;766.0;913.0;52.0;790.0;873.0;387.0;738.0;751.0;20.0;729.0;887.0;756.0;344.0;750.0;842.0;783.0;190.0;325.0;271.0;779.0;932.0;820.0;681.0;289.0;34.0;150.0;279.0;780.0;741.0;890.0;386.0;697.0;791.0;31.0;362.0;551.0;841.0;903.0;749.0;832.0;109.0;766.0;829.0;765.0;48.0;820.0;760.0;552.0;230.0;738.0;502.0;764.0;49.0;907.0;798.0;197.0;356.0;599.0;638.0;856.0;420.0;223.0;144.0;188.0;310.0;649.0;153.0;483.0;803.0;737.0;430.0;246.0;792.0;647.0;674.0;755.0;319.0;764.0;811.0;201.0;408.0;778.0;912.0;857.0;583.0;589.0;633.0;740.0;222.0;105.0;82.0;838.0;857.0;783.0;721.0;724.0;580.0;270.0;13.0
3;518.0;726.0;323.0;0.0;628.0;657.0;346.0;617.0;671.0;314.0;602.0;350.0;710.0;114.0;78.0;236.0;185.0;237.0;581.0;322.0;601.0;544.0;658.0;236.0;231.0;648.0;446.0;694.0;278.0;652.0;634.0;66.0;651.0;666.0;340.0;659.0;682.0;671.0;47.0;678.0;669.0;637.0;161.0;159.0;52.0;662.0;728.0;642.0;542.0;164.0;291.0;455.0;51.0;683.0;589.0;676.0;205.0;616.0;626.0;325.0;44.0;417.0;586.0;707.0;597.0;673.0;258.0;625.0;641.0;663.0;359.0;699.0;623.0;512.0;94.0;646.0;229.0;614.0;274.0;705.0;637.0;175.0;177.0;497.0;424.0;611.0;107.0;351.0;467.0;511.0;57.0;570.0;198.0;163.0;621.0;549.0;107.0;81.0;684.0;665.0;617.0;599.0;23.0;691.0;678.0;512.0;253.0;629.0;631.0;655.0;538.0;284.0;558.0;661.0;404.0;427.0;256.0;598.0;670.0;658.0;643.0;567.0;529.0;57.0;313.0
4;994.0;182.0;785.0;628.0;0.0;165.0;798.0;26.0;192.0;737.0;159.0;678.0;231.0;716.0;695.0;740.0;557.0;752.0;173.0;736.0;27.0;169.0;63.0;849.0;858.0;111.0;723.0;203.0;738.0;50.0;239.0;627.0;164.0;170.0;804.0;201.0;153.0;171.0;581.0;200.0;66.0;29.0;626.0;497.0;647.0;98.0;182.0;59.0;106.0;790.0;774.0;930.0;620.0;149.0;45.0;177.0;825.0;180.0;21.0;762.0;597.0;234.0;280.0;147.0;36.0;47.0;802.0;42.0;84.0;132.0;784.0;104.0;50.0;294.0;673.0;154.0;427.0;26.0;749.0;161.0;13.0;607.0;801.0;199.0;222.0;249.0;556.0;596.0;881.0;914.0;582.0;198.0;648.0;639.0;64.0;100.0;604.0;676.0;125.0;382.0;230.0;30.0;608.0;202.0;71.0;971.0;394.0;20.0;400.0;131.0;275.0;473.0;211.0;184.0;643.0;862.0;776.0;229.0;99.0;79.0;186.0;62.0;267.0;663.0;772.0
5;1085.0;336.0;744.0;657.0;165.0;0.0;752.0;143.0;28.0;692.0;55.0;617.0;72.0;725.0;713.0;716.0;542.0;729.0;77.0;688.0;173.0;113.0;222.0;855.0;887.0;276.0;840.0;366.0;702.0;121.0;403.0;673.0;6.0;10.0;761.0;37.0;315.0;15.0;613.0;36.0;221.0;137.0;613.0;505.0;663.0;73.0;336.0;223.0;144.0;809.0;739.0;879.0;637.0;39.0;150.0;341.0;861.0;46.0;187.0;717.0;635.0;241.0;439.0;301.0;152.0;183.0;783.0;124.0;249.0;38.0;733.0;103.0;116.0;195.0;681.0;13.0;496.0;145.0;715.0;318.0;174.0;591.0;833.0;160.0;323.0;412.0;608.0;532.0;817.0;844.0;604.0;95.0;626.0;706.0;229.0;241.0;659.0;688.0;63.0;226.0;84.0;160.0;634.0;43.0;119.0;912.0;404.0;145.0;561.0;295.0;166.0;569.0;111.0;19.0;567.0;805.0;752.0;391.0;259.0;92.0;28.0;168.0;166.0;680.0;732.0
6;797.0;945.0;23.0;346.0;798.0;752.0;0.0;778.0;753.0;60.0;703.0;144.0;778.0;255.0;292.0;111.0;257.0;113.0;679.0;64.0;775.0;654.0;847.0;266.0;384.0;859.0;789.0;929.0;72.0;801.0;890.0;410.0;746.0;759.0;15.0;736.0;902.0;764.0;367.0;757.0;856.0;795.0;210.0;344.0;294.0;789.0;947.0;833.0;693.0;310.0;57.0;134.0;302.0;789.0;753.0;906.0;407.0;706.0;804.0;36.0;385.0;564.0;859.0;917.0;762.0;844.0;128.0;777.0;843.0;775.0;32.0;831.0;772.0;560.0;253.0;746.0;523.0;776.0;72.0;922.0;810.0;216.0;377.0;610.0;655.0;873.0;442.0;226.0;121.0;166.0;332.0;657.0;173.0;506.0;817.0;752.0;453.0;269.0;802.0;649.0;681.0;768.0;341.0;771.0;822.0;182.0;424.0;790.0;932.0;872.0;590.0;611.0;641.0;748.0;219.0;82.0;104.0;855.0;871.0;793.0;728.0;737.0;588.0;293.0;33.0
7;995.0;207.0;766.0;617.0;26.0;143.0;778.0;0.0;170.0;718.0;133.0;657.0;211.0;703.0;683.0;723.0;541.0;735.0;147.0;716.0;32.0;145.0;88.0;836.0;848.0;136.0;729.0;228.0;719.0;40.0;260.0;620.0;141.0;149.0;785.0;178.0;179.0;150.0;571.0;179.0;91.0;20.0;610.0;483.0;635.0;80.0;208.0;85.0;85.0;778.0;755.0;911.0;608.0;131.0;28.0;202.0;816.0;155.0;45.0;742.0;588.0;216.0;298.0;172.0;21.0;67.0;786.0;20.0;109.0;112.0;764.0;96.0;27.0;269.0;660.0;132.0;422.0;3.0;730.0;187.0;38.0;590.0;792.0;176.0;221.0;269.0;549.0;575.0;860.0;893.0;570.0;172.0;631.0;635.0;86.0;108.0;598.0;664.0;109.0;357.0;205.0;23.0;597.0;182.0;66.0;951.0;380.0;12.0;419.0;156.0;249.0;474.0;185.0;162.0;621.0;841.0;760.0;248.0;125.0;63.0;162.0;52.0;242.0;651.0;754.0
8;1106.0;361.0;746.0;671.0;192.0;28.0;753.0;170.0;0.0;694.0;72.0;617.0;47.0;736.0;725.0;721.0;550.0;734.0;90.0;689.0;201.0;129.0;248.0;865.0;900.0;302.0;864.0;392.0;705.0;147.0;430.0;689.0;31.0;22.0;763.0;19.0;341.0;23.0;628.0;9.0;246.0;164.0;621.0;517.0;676.0;98.0;360.0;250.0;169.0;821.0;743.0;879.0;649.0;55.0;178.0;367.0;876.0;54.0;214.0;718.0;651.0;258.0;467.0;326.0;180.0;208.0;789.0;151.0;275.0;62.0;733.0;123.0;144.0;194.0;691.0;40.0;517.0;172.0;719.0;344.0;201.0;598.0;847.0;174.0;347.0;440.0;625.0;532.0;815.0;841.0;617.0;102.0;632.0;725.0;256.0;268.0;677.0;699.0;82.0;205.0;75.0;188.0;648.0;21.0;143.0;911.0;418.0;172.0;589.0;322.0;164.0;592.0;116.0;11.0;564.0;804.0;758.0;418.0;285.0;117.0;27.0;195.0;166.0;692.0;734.0
9;791.0;886.0;53.0;314.0;737.0;692.0;60.0;718.0;694.0;0.0;643.0;94.0;719.0;238.0;271.0;95.0;203.0;105.0;619.0;11.0;715.0;594.0;787.0;279.0;389.0;800.0;759.0;871.0;43.0;741.0;834.0;379.0;687.0;700.0;69.0;677.0;843.0;704.0;328.0;698.0;796.0;734.0;164.0;291.0;263.0;729.0;887.0;774.0;633.0;307.0;65.0;193.0;266.0;729.0;693.0;847.0;405.0;646.0;744.0;25.0;349.0;504.0;804.0;858.0;701.0;784.0;144.0;717.0;783.0;714.0;52.0;770.0;712.0;500.0;226.0;686.0;474.0;716.0;56.0;862.0;750.0;166.0;373.0;549.0;598.0;817.0;403.0;170.0;164.0;207.0;292.0;597.0;125.0;476.0;758.0;693.0;419.0;243.0;741.0;594.0;622.0;708.0;305.0;712.0;762.0;239.0;367.0;730.0;879.0;813.0;531.0;567.0;581.0;688.0;173.0;132.0;110.0;798.0;812.0;733.0;669.0;677.0;528.0;265.0;43.0
10;1034.0;339.0;694.0;602.0;159.0;55.0;703.0;133.0;72.0;643.0;0.0;571.0;118.0;671.0;658.0;664.0;489.0;677.0;24.0;640.0;158.0;58.0;221.0;801.0;832.0;269.0;794.0;361.0;652.0;127.0;388.0;618.0;49.0;64.0;712.0;66.0;312.0;69.0;559.0;81.0;222.0;136.0;560.0;451.0;609.0;93.0;339.0;218.0;104.0;754.0;689.0;832.0;582.0;86.0;130.0;335.0;807.0;25.0;179.0;668.0;581.0;187.0;416.0;304.0;135.0;189.0;731.0;118.0;242.0;71.0;685.0;133.0;109.0;154.0;626.0;45.0;444.0;134.0;665.0;319.0;171.0;538.0;779.0;106.0;279.0;393.0;554.0;486.0;772.0;801.0;549.0;49.0;574.0;653.0;218.0;213.0;606.0;633.0;99.0;225.0;72.0;144.0;580.0;93.0;136.0;867.0;350.0;140.0;538.0;289.0;128.0;521.0;65.0;62.0;524.0;758.0;701.0;371.0;258.0;105.0;48.0;141.0;124.0;625.0;682.0
11;853.0;836.0;145.0;350.0;678.0;617.0;144.0;657.0;617.0;94.0;571.0;0.0;639.0;300.0;326.0;175.0;194.0;188.0;547.0;85.0;658.0;525.0;731.0;365.0;466.0;749.0;789.0;826.0;128.0;676.0;797.0;415.0;612.0;624.0;157.0;599.0;794.0;629.0;353.0;620.0;739.0;672.0;190.0;282.0;305.0;660.0;837.0;719.0;572.0;380.0;159.0;263.0;300.0;655.0;633.0;801.0;476.0;571.0;687.0;114.0;378.0;449.0;774.0;806.0;642.0;724.0;234.0;654.0;731.0;642.0;119.0;701.0;648.0;423.0;276.0;613.0;468.0;655.0;144.0;812.0;691.0;179.0;443.0;483.0;561.0;782.0;423.0;85.0;203.0;237.0;315.0;524.0;154.0;511.0;704.0;644.0;449.0;294.0;670.0;505.0;544.0;649.0;337.0;634.0;696.0;296.0;334.0;668.0;859.0;764.0;453.0;571.0;508.0;612.0;79.0;187.0;199.0;762.0;758.0;666.0;593.0;620.0;452.0;312.0;137.0
12;1151.0;392.0;771.0;710.0;231.0;72.0;778.0;211.0;47.0;719.0;118.0;639.0;0.0;772.0;762.0;751.0;584.0;765.0;133.0;714.0;243.0;173.0;284.0;900.0;938.0;339.0;911.0;427.0;733.0;184.0;470.0;731.0;77.0;64.0;788.0;53.0;376.0;62.0;668.0;37.0;280.0;203.0;654.0;555.0;713.0;134.0;391.0;287.0;216.0;858.0;770.0;902.0;687.0;84.0;221.0;403.0;915.0;97.0;253.0;743.0;692.0;301.0;509.0;358.0;223.0;241.0;819.0;192.0;313.0;100.0;756.0;148.0;185.0;220.0;727.0;86.0;562.0;213.0;747.0;376.0;239.0;631.0;886.0;216.0;394.0;480.0;668.0;554.0;833.0;858.0;656.0;141.0;663.0;769.0;295.0;312.0;720.0;736.0;111.0;192.0;98.0;230.0;688.0;30.0;174.0;931.0;458.0;212.0;630.0;359.0;189.0;638.0;152.0;57.0;582.0;825.0;787.0;459.0;320.0;153.0;70.0;240.0;193.0;729.0;760.0
13;555.0;827.0;232.0;114.0;716.0;725.0;255.0;703.0;736.0;238.0;671.0;300.0;772.0;0.0;40.0;146.0;196.0;142.0;648.0;248.0;690.0;613.0;752.0;134.0;180.0;747.0;538.0;798.0;196.0;735.0;742.0;168.0;719.0;734.0;246.0;722.0;783.0;739.0;154.0;742.0;762.0;722.0;134.0;221.0;72.0;739.0;829.0;735.0;623.0;92.0;198.0;350.0;97.0;755.0;675.0;779.0;179.0;682.0;716.0;242.0;158.0;493.0;696.0;805.0;683.0;762.0;149.0;708.0;737.0;736.0;275.0;778.0;705.0;561.0;44.0;715.0;339.0;700.0;188.0;805.0;726.0;158.0;145.0;565.0;523.0;720.0;221.0;327.0;374.0;418.0;138.0;633.0;153.0;257.0;716.0;644.0;213.0;40.0;759.0;700.0;675.0;686.0;123.0;756.0;760.0;408.0;325.0;714.0;744.0;755.0;589.0;398.0;620.0;727.0;368.0;333.0;155.0;706.0;766.0;737.0;708.0;654.0;582.0;59.0;225.0
14;527.0;800.0;269.0;78.0;695.0;713.0;292.0;683.0;725.0;271.0;658.0;326.0;762.0;40.0;0.0;182.0;199.0;179.0;636.0;281.0;669.0;600.0;729.0;159.0;178.0;721.0;498.0;769.0;230.0;717.0;711.0;128.0;707.0;722.0;284.0;711.0;756.0;727.0;122.0;732.0;739.0;703.0;147.0;207.0;49.0;723.0;802.0;712.0;606.0;96.0;235.0;389.0;76.0;742.0;655.0;751.0;166.0;671.0;694.0;277.0;121.0;477.0;664.0;780.0;663.0;741.0;189.0;690.0;713.0;722.0;310.0;761.0;687.0;556.0;51.0;703.0;306.0;681.0;223.0;779.0;705.0;169.0;133.0;552.0;497.0;689.0;184.0;345.0;412.0;456.0;113.0;623.0;174.0;218.0;692.0;620.0;174.0;34.0;744.0;700.0;667.0;666.0;91.0;745.0;742.0;448.0;309.0;695.0;708.0;729.0;583.0;361.0;610.0;716.0;390.0;371.0;194.0;675.0;742.0;720.0;697.0;634.0;576.0;33.0;261.0
15;696.0;875.0;88.0;236.0;740.0;716.0;111.0;723.0;721.0;95.0;664.0;175.0;751.0;146.0;182.0;0.0;183.0;14.0;640.0;106.0;716.0;610.0;785.0;190.0;294.0;790.0;678.0;854.0;52.0;749.0;809.0;300.0;710.0;724.0;104.0;705.0;831.0;729.0;260.0;726.0;794.0;740.0;119.0;258.0;184.0;744.0;877.0;770.0;639.0;212.0;55.0;224.0;194.0;750.0;696.0;832.0;309.0;670.0;744.0;96.0;276.0;506.0;773.0;849.0;704.0;787.0;69.0;724.0;776.0;734.0;129.0;785.0;720.0;532.0;143.0;708.0;426.0;720.0;42.0;852.0;752.0;134.0;277.0;563.0;576.0;790.0;335.0;230.0;232.0;276.0;227.0;621.0;92.0;395.0;752.0;684.0;343.0;158.0;759.0;646.0;653.0;710.0;233.0;740.0;772.0;280.0;351.0;734.0;837.0;802.0;562.0;508.0;606.0;714.0;252.0;191.0;37.0;773.0;805.0;746.0;695.0;678.0;558.0;183.0;79.0
16;703.0;693.0;240.0;185.0;557.0;542.0;257.0;541.0;550.0;203.0;489.0;194.0;584.0;196.0;199.0;183.0;0.0;194.0;465.0;206.0;533.0;434.0;602.0;317.0;374.0;608.0;603.0;674.0;189.0;569.0;633.0;242.0;536.0;551.0;260.0;535.0;650.0;556.0;171.0;556.0;611.0;559.0;71.0;90.0;157.0;565.0;695.0;587.0;457.0;287.0;221.0;390.0;138.0;575.0;514.0;652.0;364.0;497.0;561.0;224.0;200.0;324.0;602.0;667.0;522.0;605.0;245.0;543.0;594.0;557.0;254.0;606.0;539.0;369.0;153.0;534.0;276.0;538.0;197.0;670.0;569.0;50.0;331.0;386.0;398.0;616.0;234.0;171.0;366.0;407.0;135.0;448.0;91.0;333.0;570.0;502.0;268.0;166.0;582.0;505.0;486.0;527.0;165.0;570.0;592.0;439.0;169.0;552.0;677.0;620.0;398.0;377.0;434.0;542.0;229.0;335.0;219.0;598.0;623.0;566.0;523.0;496.0;392.0;170.0;227.0
17;689.0;885.0;90.0;237.0;752.0;729.0;113.0;735.0;734.0;105.0;677.0;188.0;765.0;142.0;179.0;14.0;194.0;0.0;653.0;116.0;728.0;623.0;796.0;177.0;284.0;801.0;677.0;864.0;62.0;762.0;818.0;300.0;723.0;737.0;104.0;718.0;841.0;742.0;263.0;740.0;805.0;753.0;128.0;267.0;185.0;756.0;887.0;781.0;651.0;203.0;56.0;219.0;197.0;763.0;708.0;842.0;301.0;683.0;756.0;103.0;278.0;518.0;781.0;860.0;716.0;799.0;55.0;737.0;788.0;747.0;134.0;797.0;732.0;545.0;143.0;722.0;432.0;732.0;49.0;862.0;764.0;145.0;269.0;576.0;586.0;799.0;338.0;245.0;233.0;277.0;232.0;634.0;104.0;395.0;763.0;695.0;344.0;158.0;773.0;660.0;666.0;721.0;235.0;754.0;785.0;276.0;362.0;746.0;844.0;812.0;576.0;512.0;619.0;727.0;266.0;192.0;25.0;782.0;817.0;758.0;708.0;690.0;571.0;183.0;83.0
18;1019.0;354.0;670.0;581.0;173.0;77.0;679.0;147.0;90.0;619.0;24.0;547.0;133.0;648.0;636.0;640.0;465.0;653.0;0.0;615.0;169.0;39.0;235.0;778.0;810.0;280.0;784.0;373.0;627.0;146.0;395.0;599.0;71.0;86.0;688.0;81.0;325.0;91.0;538.0;98.0;238.0;152.0;536.0;429.0;587.0;115.0;355.0;231.0;103.0;732.0;665.0;808.0;560.0;110.0;139.0;347.0;786.0;36.0;191.0;644.0;560.0;168.0;420.0;319.0;146.0;206.0;707.0;133.0;254.0;96.0;661.0;156.0;125.0;131.0;604.0;69.0;429.0;147.0;640.0;334.0;185.0;514.0;757.0;84.0;271.0;399.0;536.0;462.0;748.0;777.0;527.0;26.0;550.0;636.0;229.0;217.0;587.0;611.0;123.0;216.0;67.0;155.0;558.0;111.0;158.0;842.0;328.0;155.0;541.0;300.0;106.0;508.0;42.0;81.0;500.0;734.0;677.0;376.0;272.0;126.0;63.0;147.0;102.0;603.0;658.0
19;801.0;885.0;60.0;322.0;736.0;688.0;64.0;716.0;689.0;11.0;640.0;85.0;714.0;248.0;281.0;106.0;206.0;116.0;615.0;0.0;714.0;591.0;786.0;291.0;400.0;799.0;768.0;871.0;54.0;738.0;835.0;388.0;683.0;695.0;74.0;672.0;843.0;700.0;336.0;693.0;795.0;732.0;171.0;295.0;272.0;726.0;887.0;773.0;631.0;318.0;76.0;195.0;274.0;725.0;691.0;847.0;416.0;642.0;743.0;30.0;357.0;503.0;807.0;857.0;700.0;782.0;155.0;715.0;783.0;711.0;50.0;767.0;709.0;496.0;235.0;682.0;479.0;714.0;68.0;862.0;748.0;171.0;384.0;546.0;599.0;819.0;410.0;163.0;160.0;202.0;299.0;593.0;131.0;485.0;757.0;693.0;428.0;253.0;738.0;587.0;617.0;706.0;314.0;707.0;759.0;238.0;368.0;728.0;883.0;813.0;526.0;573.0;577.0;684.0;163.0;130.0;121.0;800.0;811.0;730.0;664.0;676.0;524.0;275.0;52.0
20;968.0;191.0;762.0;601.0;27.0;173.0;775.0;32.0;201.0;715.0;158.0;658.0;243.0;690.0;669.0;716.0;533.0;728.0;169.0;714.0;0.0;159.0;75.0;823.0;831.0;112.0;699.0;205.0;715.0;70.0;231.0;600.0;171.0;180.0;781.0;208.0;158.0;182.0;554.0;209.0;82.0;48.0;601.0;471.0;621.0;113.0;191.0;66.0;88.0;763.0;750.0;909.0;594.0;163.0;30.0;178.0;798.0;181.0;29.0;740.0;570.0;211.0;266.0;156.0;23.0;72.0;778.0;52.0;86.0;144.0;762.0;126.0;58.0;283.0;648.0;162.0;400.0;30.0;725.0;169.0;37.0;583.0;774.0;184.0;196.0;239.0;529.0;577.0;860.0;894.0;556.0;193.0;624.0;612.0;60.0;77.0;577.0;650.0;141.0;383.0;230.0;14.0;581.0;213.0;95.0;950.0;369.0;37.0;388.0;132.0;266.0;446.0;204.0;192.0;625.0;841.0;752.0;217.0;108.0;96.0;191.0;38.0;258.0;636.0;750.0
21;979.0;350.0;644.0;544.0;169.0;113.0;654.0;145.0;129.0;594.0;58.0;525.0;173.0;613.0;600.0;610.0;434.0;623.0;39.0;591.0;159.0;0.0;232.0;744.0;774.0;271.0;746.0;363.0;600.0;154.0;377.0;560.0;107.0;123.0;662.0;120.0;317.0;127.0;500.0;137.0;236.0;154.0;505.0;393.0;551.0;135.0;350.0;225.0;79.0;696.0;637.0;784.0;524.0;142.0;130.0;336.0;748.0;76.0;186.0;618.0;522.0;129.0;396.0;315.0;137.0;209.0;677.0;135.0;245.0;124.0;637.0;177.0;128.0;124.0;569.0;103.0;389.0;144.0;613.0;328.0;183.0;483.0;720.0;48.0;235.0;378.0;497.0;441.0;727.0;758.0;491.0;45.0;520.0;597.0;219.0;195.0;548.0;576.0;149.0;240.0;100.0;146.0;521.0;150.0;171.0;821.0;292.0;154.0;517.0;290.0;107.0;470.0;49.0;119.0;483.0;712.0;647.0;355.0;267.0;141.0;102.0;131.0;98.0;567.0;632.0
22;996.0;119.0;834.0;658.0;63.0;222.0;847.0;88.0;248.0;787.0;221.0;731.0;284.0;752.0;729.0;785.0;602.0;796.0;235.0;786.0;75.0;232.0;0.0;885.0;886.0;57.0;714.0;144.0;785.0;101.0;192.0;652.0;221.0;226.0;853.0;259.0;93.0;226.0;611.0;255.0;11.0;86.0;669.0;536.0;682.0;150.0;119.0;17.0;163.0;822.0;821.0;981.0;655.0;200.0;103.0;120.0;851.0;241.0;46.0;812.0;625.0;283.0;242.0;84.0;95.0;46.0;846.0;103.0;34.0;186.0;835.0;141.0;111.0;356.0;710.0;212.0;447.0;89.0;796.0;98.0;50.0;651.0;829.0;259.0;239.0;207.0;579.0;651.0;934.0;968.0;616.0;261.0;693.0;655.0;38.0;110.0;625.0;712.0;173.0;443.0;291.0;86.0;639.0;255.0;111.0;1023.0;435.0;81.0;358.0;75.0;337.0;478.0;274.0;241.0;700.0;914.0;821.0;189.0;37.0;131.0;245.0;112.0;330.0;697.0;821.0
23;544.0;958.0;248.0;236.0;849.0;855.0;266.0;836.0;865.0;279.0;801.0;365.0;900.0;134.0;159.0;190.0;317.0;177.0;778.0;291.0;823.0;744.0;885.0;0.0;123.0;879.0;601.0;928.0;238.0;868.0;870.0;272.0;849.0;864.0;253.0;850.0;915.0;869.0;281.0;871.0;895.0;856.0;248.0;354.0;204.0;871.0;961.0;869.0;756.0;85.0;218.0;309.0;230.0;886.0;809.0;910.0;158.0;811.0;849.0;271.0;277.0;626.0;822.0;938.0;816.0;896.0;139.0;842.0;870.0;867.0;295.0;911.0;839.0;685.0;176.0;846.0;465.0;834.0;223.0;937.0;860.0;272.0;138.0;696.0;655.0;847.0;338.0;416.0;366.0;404.0;270.0;763.0;250.0;342.0;849.0;777.0;316.0;173.0;891.0;816.0;802.0;820.0;250.0;885.0;893.0;365.0;458.0;848.0;861.0;887.0;715.0;511.0;749.0;856.0;442.0;324.0;170.0;834.0;899.0;870.0;838.0;787.0;708.0;189.0;247.0
24;421.0;946.0;364.0;231.0;858.0;887.0;384.0;848.0;900.0;389.0;832.0;466.0;938.0;180.0;178.0;294.0;374.0;284.0;810.0;400.0;831.0;774.0;886.0;123.0;0.0;872.0;502.0;910.0;346.0;883.0;844.0;236.0;881.0;896.0;371.0;887.0;903.0;901.0;277.0;907.0;897.0;868.0;314.0;383.0;226.0;893.0;949.0;869.0;774.0;89.0;332.0;432.0;252.0;914.0;820.0;894.0;49.0;845.0;855.0;384.0;261.0;648.0;790.0;929.0;827.0;902.0;256.0;856.0;867.0;894.0;411.0;930.0;854.0;733.0;221.0;876.0;444.0;845.0;333.0;926.0;867.0;338.0;57.0;726.0;648.0;819.0;310.0;504.0;488.0;527.0;283.0;798.0;330.0;274.0;848.0;776.0;272.0;208.0;915.0;878.0;843.0;829.0;253.0;920.0;909.0;487.0;482.0;859.0;813.0;878.0;761.0;463.0;786.0;891.0;540.0;446.0;283.0;809.0;895.0;889.0;872.0;797.0;753.0;210.0;361.0
25;959.0;86.0;844.0;648.0;111.0;276.0;859.0;136.0;302.0;800.0;269.0;749.0;339.0;747.0;721.0;790.0;608.0;801.0;280.0;799.0;112.0;271.0;57.0;879.0;872.0;0.0;671.0;93.0;795.0;156.0;135.0;637.0;274.0;280.0;864.0;312.0;47.0;281.0;601.0;310.0;64.0;138.0;673.0;536.0;675.0;205.0;88.0;52.0;195.0;812.0;829.0;993.0;650.0;256.0;142.0;67.0;835.0;290.0;90.0;824.0;613.0;301.0;188.0;59.0;135.0;103.0;849.0;153.0;27.0;241.0;849.0;198.0;161.0;394.0;707.0;265.0;429.0;135.0;804.0;63.0;101.0;656.0;815.0;291.0;225.0;151.0;563.0;672.0;951.0;987.0;609.0;305.0;700.0;631.0;52.0;107.0;606.0;707.0;229.0;493.0;340.0;126.0;631.0;310.0;167.0;1037.0;439.0;131.0;302.0;20.0;378.0;448.0;316.0;295.0;723.0;928.0;826.0;135.0;31.0;186.0;297.0;142.0;369.0;690.0;832.0
26;314.0;708.0;766.0;446.0;723.0;840.0;789.0;729.0;864.0;759.0;794.0;789.0;911.0;538.0;498.0;678.0;603.0;677.0;784.0;768.0;699.0;746.0;714.0;601.0;502.0;671.0;0.0;655.0;723.0;769.0;572.0;380.0;835.0;849.0;781.0;861.0;677.0;853.0;437.0;873.0;724.0;747.0;602.0;529.0;496.0;804.0;712.0;698.0;696.0;518.0;733.0;886.0;494.0;847.0;707.0;654.0;454.0;817.0;708.0;770.0;412.0;633.0;504.0;711.0;710.0;751.0;685.0;746.0;682.0;825.0;804.0;825.0;749.0;787.0;536.0;826.0;384.0;726.0;718.0;698.0;725.0;611.0;464.0;713.0;517.0;545.0;368.0;772.0;910.0;954.0;475.0;788.0;641.0;283.0;679.0;623.0;341.0;520.0;833.0;955.0;845.0;706.0;455.0;883.0;794.0;944.0;550.0;736.0;452.0;664.0;801.0;281.0;785.0;853.0;832.0;869.0;692.0;550.0;701.0;790.0;842.0;683.0;789.0;496.0;757.0
27;956.0;56.0;913.0;694.0;203.0;366.0;929.0;228.0;392.0;871.0;361.0;826.0;427.0;798.0;769.0;854.0;674.0;864.0;373.0;871.0;205.0;363.0;144.0;928.0;910.0;93.0;655.0;0.0;863.0;245.0;84.0;674.0;365.0;370.0;933.0;403.0;51.0;370.0;648.0;399.0;147.0;229.0;736.0;597.0;726.0;294.0;59.0;144.0;286.0;857.0;896.0;1063.0;701.0;343.0;235.0;27.0;870.0;383.0;183.0;894.0;655.0;381.0;151.0;76.0;228.0;186.0;909.0;245.0;120.0;330.0;921.0;281.0;253.0;485.0;760.0;356.0;467.0;228.0;871.0;56.0;192.0;721.0;853.0;381.0;278.0;110.0;601.0;751.0;1026.0;1063.0;660.0;398.0;765.0;656.0;145.0;185.0;639.0;758.0;316.0;585.0;433.0;219.0;678.0;399.0;253.0;1109.0;505.0;223.0;242.0;73.0;470.0;464.0;409.0;385.0;805.0;1001.0;889.0;108.0;107.0;275.0;389.0;233.0;461.0;740.0;900.0
28;748.0;880.0;52.0;278.0;738.0;702.0;72.0;719.0;705.0;43.0;652.0;128.0;733.0;196.0;230.0;52.0;189.0;62.0;627.0;54.0;715.0;600.0;785.0;238.0;346.0;795.0;723.0;863.0;0.0;744.0;822.0;343.0;696.0;710.0;72.0;689.0;837.0;715.0;296.0;710.0;794.0;736.0;138.0;273.0;226.0;735.0;882.0;771.0;634.0;264.0;37.0;202.0;232.0;738.0;693.0;840.0;362.0;656.0;743.0;47.0;315.0;504.0;789.0;853.0;702.0;785.0;106.0;719.0;779.0;722.0;81.0;776.0;714.0;513.0;187.0;695.0;451.0;717.0;16.0;857.0;750.0;145.0;330.0;554.0;587.0;804.0;371.0;194.0;191.0;235.0;261.0;607.0;101.0;439.0;754.0;688.0;384.0;204.0;749.0;617.0;635.0;708.0;271.0;724.0;766.0;253.0;357.0;731.0;860.0;807.0;543.0;539.0;591.0;699.0;207.0;154.0;70.0;786.0;808.0;738.0;680.0;677.0;540.0;227.0;39.0
29;1035.0;216.0;790.0;652.0;50.0;121.0;801.0;40.0;147.0;741.0;127.0;676.0;184.0;735.0;717.0;749.0;569.0;762.0;146.0;738.0;70.0;154.0;101.0;868.0;883.0;156.0;769.0;245.0;744.0;0.0;287.0;656.0;121.0;125.0;808.0;158.0;194.0;125.0;606.0;154.0;99.0;22.0;638.0;514.0;668.0;50.0;216.0;104.0;112.0;812.0;781.0;933.0;641.0;100.0;66.0;220.0;852.0;144.0;71.0;765.0;624.0;244.0;330.0;181.0;61.0;63.0;814.0;27.0;129.0;85.0;786.0;56.0;30.0;275.0;692.0;112.0;461.0;43.0;756.0;197.0;56.0;618.0;827.0;193.0;261.0;299.0;586.0;593.0;879.0;911.0;604.0;172.0;658.0;673.0;112.0;147.0;635.0;696.0;75.0;344.0;194.0;63.0;631.0;155.0;27.0;971.0;411.0;33.0;450.0;175.0;252.0;513.0;187.0;140.0;637.0;862.0;787.0;279.0;138.0;30.0;145.0;90.0;246.0;684.0;777.0
30;874.0;138.0;873.0;634.0;239.0;403.0;890.0;260.0;430.0;834.0;388.0;797.0;470.0;742.0;711.0;809.0;633.0;818.0;395.0;835.0;231.0;377.0;192.0;870.0;844.0;135.0;572.0;84.0;822.0;287.0;0.0;609.0;401.0;409.0;893.0;439.0;116.0;410.0;589.0;439.0;198.0;268.0;690.0;551.0;670.0;336.0;141.0;184.0;297.0;795.0;854.0;1023.0;646.0;387.0;258.0;87.0;802.0;411.0;217.0;856.0;594.0;366.0;68.0;149.0;253.0;237.0;861.0;279.0;159.0;371.0;885.0;333.0;287.0;491.0;706.0;392.0;405.0;259.0;829.0;132.0;231.0;678.0;787.0;384.0;236.0;27.0;537.0;726.0;993.0;1031.0;605.0;416.0;722.0;583.0;175.0;182.0;572.0;703.0;361.0;611.0;459.0;245.0;620.0;441.0;301.0;1072.0;467.0;259.0;168.0;118.0;481.0;390.0;425.0;422.0;783.0;965.0;843.0;36.0;161.0;317.0;422.0;248.0;471.0;683.0;860.0
31;465.0;710.0;387.0;66.0;627.0;673.0;410.0;620.0;689.0;379.0;618.0;415.0;731.0;168.0;128.0;300.0;242.0;300.0;599.0;388.0;600.0;560.0;652.0;272.0;236.0;637.0;380.0;674.0;343.0;656.0;609.0;0.0;667.0;682.0;404.0;678.0;667.0;687.0;74.0;697.0;663.0;640.0;226.0;198.0;117.0;670.0;713.0;635.0;549.0;190.0;355.0;515.0;116.0;697.0;592.0;658.0;199.0;635.0;623.0;390.0;45.0;432.0;557.0;694.0;598.0;671.0;316.0;629.0;632.0;675.0;424.0;705.0;628.0;542.0;157.0;661.0;208.0;617.0;339.0;690.0;636.0;238.0;179.0;515.0;414.0;585.0;73.0;412.0;532.0;576.0;107.0;590.0;263.0;97.0;614.0;542.0;46.0;142.0;695.0;702.0;641.0;600.0;79.0;710.0;682.0;573.0;276.0;630.0;590.0;642.0;566.0;239.0;580.0;679.0;466.0;491.0;318.0;574.0;660.0;665.0;662.0;568.0;557.0;118.0;378.0
32;1079.0;336.0;738.0;651.0;164.0;6.0;746.0;141.0;31.0;687.0;49.0;612.0;77.0;719.0;707.0;710.0;536.0;723.0;71.0;683.0;171.0;107.0;221.0;849.0;881.0;274.0;835.0;365.0;696.0;121.0;401.0;667.0;0.0;16.0;755.0;38.0;314.0;21.0;607.0;40.0;220.0;136.0;607.0;499.0;657.0;74.0;336.0;222.0;139.0;803.0;734.0;874.0;631.0;44.0;147.0;340.0;855.0;41.0;185.0;711.0;629.0;235.0;436.0;301.0;150.0;182.0;777.0;122.0;247.0;39.0;727.0;105.0;114.0;191.0;675.0;9.0;491.0;142.0;709.0;318.0;173.0;585.0;827.0;154.0;318.0;410.0;602.0;527.0;812.0;839.0;598.0;89.0;620.0;700.0;227.0;237.0;654.0;682.0;65.0;225.0;81.0;158.0;628.0;48.0;120.0;907.0;398.0;144.0;558.0;294.0;162.0;564.0;105.0;21.0;562.0;800.0;747.0;388.0;258.0;92.0;26.0;165.0;161.0;674.0;726.0
33;1095.0;339.0;751.0;666.0;170.0;10.0;759.0;149.0;22.0;700.0;64.0;624.0;64.0;734.0;722.0;724.0;551.0;737.0;86.0;695.0;180.0;123.0;226.0;864.0;896.0;280.0;849.0;370.0;710.0;125.0;409.0;682.0;16.0;0.0;768.0;36.0;319.0;5.0;623.0;30.0;224.0;142.0;622.0;515.0;673.0;76.0;338.0;228.0;154.0;818.0;747.0;887.0;646.0;36.0;157.0;345.0;871.0;54.0;192.0;724.0;645.0;251.0;446.0;304.0;159.0;186.0;791.0;130.0;253.0;40.0;740.0;102.0;122.0;202.0;690.0;23.0;506.0;151.0;723.0;322.0;179.0;600.0;843.0;170.0;332.0;418.0;618.0;539.0;823.0;851.0;613.0;103.0;634.0;716.0;234.0;248.0;669.0;697.0;62.0;225.0;88.0;167.0;644.0;34.0;121.0;919.0;414.0;150.0;568.0;300.0;173.0;579.0;118.0;17.0;573.0;812.0;761.0;397.0;263.0;95.0;32.0;176.0;173.0;689.0;740.0
34;785.0;949.0;20.0;340.0;804.0;761.0;15.0;785.0;763.0;69.0;712.0;157.0;788.0;246.0;284.0;104.0;260.0;104.0;688.0;74.0;781.0;662.0;853.0;253.0;371.0;864.0;781.0;933.0;72.0;808.0;893.0;404.0;755.0;768.0;0.0;746.0;906.0;773.0;362.0;767.0;862.0;801.0;209.0;345.0;288.0;797.0;951.0;839.0;700.0;298.0;49.0;130.0;297.0;797.0;759.0;910.0;395.0;715.0;810.0;45.0;380.0;570.0;861.0;922.0;768.0;851.0;115.0;784.0;848.0;783.0;47.0;839.0;779.0;569.0;246.0;755.0;522.0;783.0;68.0;926.0;816.0;217.0;365.0;617.0;658.0;875.0;438.0;237.0;129.0;172.0;329.0;666.0;173.0;499.0;823.0;757.0;447.0;262.0;810.0;661.0;691.0;774.0;336.0;781.0;830.0;181.0;428.0;796.0;931.0;877.0;599.0;608.0;650.0;757.0;232.0;88.0;93.0;857.0;877.0;801.0;738.0;743.0;597.0;286.0;33.0
35;1099.0;374.0;729.0;659.0;201.0;37.0;736.0;178.0;19.0;677.0;66.0;599.0;53.0;722.0;711.0;705.0;535.0;718.0;81.0;672.0;208.0;120.0;259.0;850.0;887.0;312.0;861.0;403.0;689.0;158.0;439.0;678.0;38.0;36.0;746.0;0.0;352.0;39.0;616.0;21.0;258.0;174.0;606.0;504.0;662.0;111.0;373.0;260.0;168.0;807.0;726.0;862.0;636.0;71.0;183.0;378.0;863.0;44.0;223.0;701.0;639.0;248.0;473.0;339.0;186.0;220.0;773.0;160.0;285.0;75.0;716.0;139.0;152.0;177.0;677.0;47.0;509.0;180.0;702.0;356.0;211.0;583.0;835.0;164.0;345.0;447.0;616.0;514.0;796.0;823.0;604.0;89.0;616.0;716.0;264.0;272.0;667.0;685.0;98.0;189.0;56.0;195.0;636.0;35.0;157.0;893.0;406.0;181.0;595.0;332.0;146.0;587.0;101.0;19.0;546.0;786.0;742.0;425.0;296.0;129.0;19.0;199.0;148.0;678.0;717.0
36;972.0;44.0;887.0;682.0;153.0;315.0;902.0;179.0;341.0;843.0;312.0;794.0;376.0;783.0;756.0;831.0;650.0;841.0;325.0;843.0;158.0;317.0;93.0;915.0;903.0;47.0;677.0;51.0;837.0;194.0;116.0;667.0;314.0;319.0;906.0;352.0;0.0;319.0;635.0;348.0;95.0;179.0;713.0;576.0;711.0;243.0;46.0;94.0;242.0;846.0;871.0;1036.0;686.0;292.0;187.0;30.0;865.0;333.0;134.0;867.0;645.0;346.0;179.0;34.0;180.0;135.0;889.0;195.0;72.0;279.0;892.0;230.0;203.0;440.0;744.0;305.0;459.0;178.0;846.0;23.0;142.0;697.0;846.0;338.0;260.0;138.0;594.0;717.0;995.0;1031.0;645.0;350.0;741.0;656.0;98.0;150.0;635.0;743.0;264.0;536.0;383.0;171.0;665.0;348.0;202.0;1081.0;480.0;173.0;283.0;30.0;424.0;468.0;361.0;334.0;769.0;972.0;867.0;128.0;56.0;224.0;338.0;188.0;415.0;726.0;874.0
37;1099.0;339.0;756.0;671.0;171.0;15.0;764.0;150.0;23.0;704.0;69.0;629.0;62.0;739.0;727.0;729.0;556.0;742.0;91.0;700.0;182.0;127.0;226.0;869.0;901.0;281.0;853.0;370.0;715.0;125.0;410.0;687.0;21.0;5.0;773.0;39.0;319.0;0.0;628.0;29.0;224.0;143.0;627.0;520.0;678.0;76.0;338.0;229.0;157.0;823.0;752.0;891.0;651.0;33.0;160.0;346.0;876.0;59.0;193.0;729.0;650.0;255.0;448.0;304.0;161.0;185.0;796.0;131.0;254.0;40.0;745.0;100.0;124.0;207.0;695.0;27.0;511.0;152.0;728.0;321.0;180.0;605.0;848.0;175.0;336.0;420.0;623.0;544.0;828.0;855.0;618.0;108.0;639.0;721.0;235.0;251.0;674.0;702.0;60.0;227.0;92.0;169.0;649.0;32.0;120.0;924.0;419.0;151.0;569.0;300.0;177.0;583.0;123.0;20.0;578.0;816.0;766.0;398.0;263.0;95.0;37.0;179.0;177.0;694.0;744.0
38;538.0;679.0;344.0;47.0;581.0;613.0;367.0;571.0;628.0;328.0;559.0;353.0;668.0;154.0;122.0;260.0;171.0;263.0;538.0;336.0;554.0;500.0;611.0;281.0;277.0;601.0;437.0;648.0;296.0;606.0;589.0;74.0;607.0;623.0;362.0;616.0;635.0;628.0;0.0;635.0;622.0;591.0;166.0;125.0;84.0;616.0;682.0;595.0;497.0;211.0;314.0;483.0;67.0;639.0;543.0;629.0;248.0;574.0;579.0;342.0;29.0;373.0;542.0;660.0;550.0;626.0;291.0;579.0;594.0;619.0;377.0;653.0;577.0;474.0;126.0;602.0;185.0;568.0;295.0;658.0;591.0;174.0;222.0;454.0;377.0;567.0;75.0;342.0;487.0;531.0;38.0;528.0;206.0;161.0;575.0;502.0;97.0;117.0;639.0;631.0;576.0;553.0;31.0;649.0;632.0;539.0;211.0;582.0;591.0;609.0;499.0;249.0;517.0;618.0;399.0;449.0;285.0;553.0;623.0;612.0;601.0;520.0;490.0;95.0;334.0
39;1115.0;367.0;750.0;678.0;200.0;36.0;757.0;179.0;9.0;698.0;81.0;620.0;37.0;742.0;732.0;726.0;556.0;740.0;98.0;693.0;209.0;137.0;255.0;871.0;907.0;310.0;873.0;399.0;710.0;154.0;439.0;697.0;40.0;30.0;767.0;21.0;348.0;29.0;635.0;0.0;253.0;172.0;627.0;524.0;683.0;105.0;367.0;258.0;178.0;827.0;747.0;883.0;656.0;59.0;186.0;375.0;883.0;62.0;221.0;723.0;658.0;266.0;475.0;333.0;189.0;214.0;794.0;159.0;283.0;69.0;737.0;127.0;152.0;198.0;698.0;49.0;525.0;180.0;724.0;350.0;209.0;604.0;854.0;182.0;356.0;448.0;634.0;535.0;817.0;844.0;624.0;109.0;638.0;734.0;264.0;277.0;685.0;706.0;87.0;201.0;77.0;196.0;655.0;14.0;149.0;914.0;425.0;180.0;597.0;329.0;168.0;601.0;122.0;20.0;566.0;807.0;763.0;427.0;292.0;124.0;35.0;204.0;170.0;699.0;739.0
40;1007.0;117.0;842.0;669.0;66.0;221.0;856.0;91.0;246.0;796.0;222.0;739.0;280.0;762.0;739.0;794.0;611.0;805.0;238.0;795.0;82.0;236.0;11.0;895.0;897.0;64.0;724.0;147.0;794.0;99.0;198.0;663.0;220.0;224.0;862.0;258.0;95.0;224.0;622.0;253.0;0.0;86.0;678.0;546.0;692.0;148.0;117.0;28.0;169.0;832.0;830.0;989.0;665.0;197.0;108.0;123.0;862.0;241.0;52.0;820.0;636.0;292.0;251.0;82.0;100.0;40.0;855.0;104.0;43.0;184.0;843.0;136.0;113.0;360.0;721.0;211.0;458.0;92.0;805.0;98.0;53.0;660.0;840.0;264.0;250.0;214.0;590.0;659.0;942.0;976.0;626.0;263.0;702.0;666.0;49.0;121.0;636.0;722.0;169.0;443.0;292.0;92.0;650.0;252.0;106.0;1031.0;445.0;83.0;365.0;81.0;340.0;489.0;276.0;239.0;707.0;922.0;830.0;197.0;39.0;129.0;244.0;119.0;333.0;707.0;830.0
41;1015.0;204.0;783.0;637.0;29.0;137.0;795.0;20.0;164.0;734.0;136.0;672.0;203.0;722.0;703.0;740.0;559.0;753.0;152.0;732.0;48.0;154.0;86.0;856.0;868.0;138.0;747.0;229.0;736.0;22.0;268.0;640.0;136.0;142.0;801.0;174.0;179.0;143.0;591.0;172.0;86.0;0.0;628.0;502.0;655.0;69.0;204.0;86.0;102.0;798.0;773.0;927.0;628.0;120.0;48.0;204.0;837.0;155.0;50.0;759.0;608.0;234.0;309.0;168.0;42.0;55.0;804.0;19.0;111.0;103.0;780.0;78.0;27.0;278.0;679.0;127.0;443.0;23.0;748.0;184.0;37.0;608.0;812.0;190.0;241.0;278.0;569.0;589.0;875.0;907.0;590.0;178.0;649.0;655.0;92.0;125.0;618.0;683.0;96.0;357.0;205.0;42.0;617.0;173.0;47.0;966.0;399.0;11.0;429.0;158.0;257.0;493.0;192.0;156.0;635.0;857.0;777.0;258.0;123.0;50.0;159.0;72.0;250.0;670.0;770.0
42;670.0;757.0;190.0;161.0;626.0;613.0;210.0;610.0;621.0;164.0;560.0;190.0;654.0;134.0;147.0;119.0;71.0;128.0;536.0;171.0;601.0;505.0;669.0;248.0;314.0;673.0;602.0;736.0;138.0;638.0;690.0;226.0;607.0;622.0;209.0;606.0;713.0;627.0;166.0;627.0;678.0;628.0;0.0;139.0;117.0;636.0;759.0;654.0;527.0;226.0;165.0;337.0;110.0;646.0;583.0;714.0;311.0;569.0;629.0;181.0;190.0;394.0;655.0;732.0;591.0;673.0;177.0;613.0;660.0;628.0;215.0;676.0;609.0;438.0;97.0;605.0;313.0;607.0;142.0;734.0;638.0;24.0;277.0;457.0;458.0;672.0;240.0;198.0;327.0;371.0;129.0;519.0;40.0;322.0;636.0;567.0;261.0;113.0;653.0;570.0;557.0;596.0;148.0;641.0;662.0;390.0;234.0;622.0;722.0;684.0;468.0;402.0;505.0;613.0;246.0;292.0;153.0;654.0;689.0;636.0;594.0;564.0;462.0;126.0;178.0
43;661.0;619.0;325.0;159.0;497.0;505.0;344.0;483.0;517.0;291.0;451.0;282.0;555.0;221.0;207.0;258.0;90.0;267.0;429.0;295.0;471.0;393.0;536.0;354.0;383.0;536.0;529.0;597.0;273.0;514.0;551.0;198.0;499.0;515.0;345.0;504.0;576.0;520.0;125.0;524.0;546.0;502.0;139.0;0.0;158.0;518.0;622.0;520.0;402.0;303.0;303.0;475.0;132.0;535.0;455.0;575.0;362.0;463.0;498.0;312.0;154.0;272.0;516.0;595.0;463.0;544.0;313.0;488.0;525.0;515.0;343.0;557.0;485.0;353.0;178.0;495.0;186.0;480.0;279.0;597.0;508.0;128.0;332.0;345.0;319.0;532.0;166.0;246.0;455.0;497.0;103.0;416.0;173.0;274.0;502.0;431.0;210.0;183.0;538.0;507.0;461.0;467.0;136.0;538.0;539.0;526.0;104.0;494.0;588.0;547.0;379.0;289.0;403.0;508.0;308.0;423.0;292.0;515.0;554.0;516.0;490.0;435.0;371.0;174.0;313.0
44;553.0;755.0;271.0;52.0;647.0;663.0;294.0;635.0;676.0;263.0;609.0;305.0;713.0;72.0;49.0;184.0;157.0;185.0;587.0;272.0;621.0;551.0;682.0;204.0;226.0;675.0;496.0;726.0;226.0;668.0;670.0;117.0;657.0;673.0;288.0;662.0;711.0;678.0;84.0;683.0;692.0;655.0;117.0;158.0;0.0;674.0;757.0;665.0;557.0;145.0;239.0;403.0;27.0;692.0;607.0;707.0;210.0;621.0;647.0;273.0;93.0;428.0;625.0;734.0;615.0;693.0;208.0;641.0;667.0;673.0;308.0;712.0;639.0;508.0;43.0;654.0;267.0;632.0;222.0;734.0;658.0;135.0;178.0;503.0;452.0;648.0;155.0;314.0;415.0;460.0;66.0;574.0;151.0;213.0;646.0;573.0;159.0;33.0;695.0;654.0;618.0;618.0;53.0;696.0;694.0;461.0;260.0;646.0;675.0;684.0;535.0;332.0;561.0;667.0;363.0;375.0;205.0;634.0;696.0;671.0;648.0;585.0;527.0;16.0;261.0
45;1063.0;263.0;779.0;662.0;98.0;73.0;789.0;80.0;98.0;729.0;93.0;660.0;134.0;739.0;723.0;744.0;565.0;756.0;115.0;726.0;113.0;135.0;150.0;871.0;893.0;205.0;804.0;294.0;735.0;50.0;336.0;670.0;74.0;76.0;797.0;111.0;243.0;76.0;616.0;105.0;148.0;69.0;636.0;518.0;674.0;0.0;262.0;153.0;121.0;819.0;772.0;919.0;647.0;51.0;98.0;270.0;864.0;104.0;119.0;753.0;636.0;246.0;377.0;228.0;96.0;109.0;810.0;61.0;179.0;36.0;772.0;42.0;56.0;246.0;695.0;66.0;482.0;83.0;747.0;246.0;105.0;615.0;838.0;180.0;290.0;347.0;602.0;575.0;861.0;891.0;611.0;141.0;652.0;694.0;161.0;187.0;652.0;700.0;29.0;299.0;152.0;102.0;640.0;105.0;47.0;955.0;414.0;79.0;498.0;225.0;221.0;542.0;157.0;92.0;615.0;847.0;781.0;327.0;187.0;19.0;99.0;121.0;217.0;690.0;767.0
46;1010.0;3.0;932.0;728.0;182.0;336.0;947.0;208.0;360.0;887.0;339.0;837.0;391.0;829.0;802.0;877.0;695.0;887.0;355.0;887.0;191.0;350.0;119.0;961.0;949.0;88.0;712.0;59.0;882.0;216.0;141.0;713.0;336.0;338.0;951.0;373.0;46.0;338.0;682.0;367.0;117.0;204.0;759.0;622.0;757.0;262.0;0.0;126.0;278.0;892.0;916.0;1080.0;732.0;309.0;221.0;59.0;910.0;359.0;165.0;911.0;691.0;388.0;209.0;35.0;213.0;153.0;934.0;222.0;108.0;298.0;936.0;243.0;230.0;474.0;790.0;327.0;505.0;208.0;891.0;25.0;169.0;743.0;891.0;375.0;306.0;167.0;639.0;759.0;1039.0;1075.0;691.0;380.0;786.0;700.0;135.0;194.0;680.0;789.0;280.0;560.0;409.0;204.0;711.0;365.0;218.0;1125.0;526.0;200.0;300.0;75.0;456.0;511.0;393.0;354.0;811.0;1016.0;912.0;162.0;84.0;244.0;360.0;225.0;449.0;772.0;919.0
47;979.0;125.0;820.0;642.0;59.0;223.0;833.0;85.0;250.0;774.0;218.0;719.0;287.0;735.0;712.0;770.0;587.0;781.0;231.0;773.0;66.0;225.0;17.0;869.0;869.0;52.0;698.0;144.0;771.0;104.0;184.0;635.0;222.0;228.0;839.0;260.0;94.0;229.0;595.0;258.0;28.0;86.0;654.0;520.0;665.0;153.0;126.0;0.0;153.0;805.0;806.0;967.0;639.0;204.0;95.0;118.0;834.0;239.0;40.0;798.0;608.0;270.0;232.0;91.0;87.0;56.0;831.0;101.0;25.0;189.0;822.0;149.0;109.0;348.0;694.0;213.0;430.0;84.0;781.0;103.0;49.0;636.0;812.0;249.0;222.0;198.0;563.0;639.0;921.0;956.0;599.0;256.0;678.0;638.0;21.0;93.0;608.0;696.0;178.0;442.0;289.0;78.0;623.0;258.0;117.0;1010.0;420.0;79.0;349.0;72.0;331.0;462.0;268.0;242.0;689.0;900.0;806.0;179.0;42.0;134.0;245.0;101.0;323.0;680.0;807.0
48;945.0;278.0;681.0;542.0;106.0;144.0;693.0;85.0;169.0;633.0;104.0;572.0;216.0;623.0;606.0;639.0;457.0;651.0;103.0;631.0;88.0;79.0;163.0;756.0;774.0;195.0;696.0;286.0;634.0;112.0;297.0;549.0;139.0;154.0;700.0;168.0;242.0;157.0;497.0;178.0;169.0;102.0;527.0;402.0;557.0;121.0;278.0;153.0;0.0;701.0;671.0;826.0;530.0;155.0;61.0;259.0;744.0;129.0;117.0;657.0;516.0;133.0;318.0;244.0;70.0;151.0;703.0;86.0;171.0;132.0;679.0;156.0;82.0;199.0;580.0;131.0;361.0;83.0;646.0;255.0;119.0;507.0;718.0;96.0;178.0;299.0;481.0;491.0;775.0;808.0;493.0;121.0;547.0;573.0;144.0;116.0;531.0;584.0;147.0;317.0;170.0;77.0;521.0;187.0;137.0;866.0;299.0;97.0;439.0;214.0;185.0;427.0;128.0;159.0;538.0;757.0;675.0;276.0;195.0;115.0;149.0;54.0;175.0;573.0;669.0
49;487.0;889.0;289.0;164.0;790.0;809.0;310.0;778.0;821.0;307.0;754.0;380.0;858.0;92.0;96.0;212.0;287.0;203.0;732.0;318.0;763.0;696.0;822.0;85.0;89.0;812.0;518.0;857.0;264.0;812.0;795.0;190.0;803.0;818.0;298.0;807.0;846.0;823.0;211.0;827.0;832.0;798.0;226.0;303.0;145.0;819.0;892.0;805.0;701.0;0.0;255.0;378.0;172.0;838.0;750.0;839.0;98.0;767.0;788.0;306.0;202.0;573.0;745.0;871.0;758.0;835.0;185.0;785.0;805.0;818.0;335.0;857.0;783.0;650.0;134.0;799.0;390.0;776.0;252.0;869.0;800.0;250.0;67.0;649.0;588.0;772.0;259.0;416.0;422.0;463.0;208.0;719.0;241.0;257.0;785.0;712.0;234.0;123.0;840.0;791.0;762.0;761.0;182.0;841.0;838.0;435.0;405.0;790.0;780.0;819.0;678.0;429.0;706.0;812.0;453.0;379.0;207.0;760.0;834.0;816.0;793.0;728.0;670.0;129.0;284.0
50;742.0;914.0;34.0;291.0;774.0;739.0;57.0;755.0;743.0;65.0;689.0;159.0;770.0;198.0;235.0;55.0;221.0;56.0;665.0;76.0;750.0;637.0;821.0;218.0;332.0;829.0;733.0;896.0;37.0;781.0;854.0;355.0;734.0;747.0;49.0;726.0;871.0;752.0;314.0;747.0;830.0;773.0;165.0;303.0;239.0;772.0;916.0;806.0;671.0;255.0;0.0;172.0;248.0;775.0;729.0;873.0;353.0;693.0;779.0;53.0;331.0;540.0;820.0;888.0;738.0;821.0;80.0;756.0;814.0;760.0;80.0;813.0;751.0;551.0;197.0;733.0;477.0;753.0;25.0;891.0;786.0;176.0;322.0;591.0;619.0;835.0;389.0;230.0;177.0;221.0;281.0;644.0;131.0;450.0;789.0;722.0;398.0;213.0;786.0;653.0;672.0;743.0;288.0;761.0;803.0;227.0;391.0;767.0;887.0;842.0;581.0;561.0;629.0;736.0;238.0;137.0;49.0;818.0;843.0;775.0;717.0;712.0;578.0;237.0;30.0
