Vehicle:
Average speed:;1385
Time limit:;253.92
Fuel comsumption rate:;1
Fuel Capacity:;15328
Depot:
ID;X;Y;Service Time
0;0;0;0
Customers:
ID;X;Y;Service Time
2;492;770;6.9598
3;150;556;6.9598
4;130;719;6.9598
5;962;393;6.9598
6;54;890;6.9598
8;338;631;6.9598
9;119;741;6.9598
10;48;296;6.9598
11;982;827;6.9598
12;18;954;6.9598
13;558;698;6.9598
15;963;72;6.9598
16;218;46;6.9598
17;705;484;6.9598
18;315;3;6.9598
19;331;358;6.9598
20;688;156;6.9598
21;314;338;6.9598
22;214;428;6.9598
23;193;866;6.9598
24;381;924;6.9598
25;968;10;6.9598
26;797;382;6.9598
27;733;544;6.9598
28;956;878;6.9598
29;576;270;6.9598
30;257;778;6.9598
31;713;605;6.9598
32;270;940;6.9598
34;245;168;6.9598
35;973;29;6.9598
36;888;919;6.9598
37;943;703;6.9598
38;364;248;6.9598
39;932;60;6.9598
40;575;18;6.9598
41;663;990;6.9598
42;667;351;6.9598
43;85;708;6.9598
44;801;330;6.9598
45;261;91;6.9598
46;163;953;6.9598
47;509;249;6.9598
48;237;336;6.9598
49;791;356;6.9598
50;314;168;6.9598
51;356;726;6.9598
52;260;412;6.9598
53;630;144;6.9598
54;534;255;6.9598
55;356;444;6.9598
56;448;320;6.9598
57;987;333;6.9598
58;691;109;6.9598
59;319;476;6.9598
60;83;716;6.9598
61;395;818;6.9598
62;605;769;6.9598
63;633;162;6.9598
64;651;644;6.9598
65;221;4;6.9598
66;551;912;6.9598
67;762;604;6.9598
68;337;41;6.9598
69;156;318;6.9598
70;756;357;6.9598
71;749;173;6.9598
72;535;235;6.9598
73;719;700;6.9598
74;900;564;6.9598
75;717;4;6.9598
76;337;441;6.9598
77;759;103;6.9598
78;615;132;6.9598
79;365;498;6.9598
80;42;268;6.9598
81;952;2;6.9598
82;989;303;6.9598
83;471;821;6.9598
84;650;215;6.9598
85;302;881;6.9598
86;61;459;6.9598
87;391;405;6.9598
88;364;170;6.9598
89;643;744;6.9598
90;324;620;6.9598
92;92;914;6.9598
93;133;607;6.9598
94;223;949;6.9598
95;988;415;6.9598
96;943;616;6.9598
97;764;6;6.9598
98;659;250;6.9598
99;766;532;6.9598
100;730;338;6.9598
101;850;489;6.9598
102;481;467;6.9598
103;564;296;6.9598
104;469;531;6.9598
105;538;121;6.9598
106;997;183;6.9598
107;127;966;6.9598
108;880;538;6.9598
109;300;985;6.9598
110;462;125;6.9598
111;781;68;6.9598
112;884;92;6.9598
113;438;673;6.9598
114;591;658;6.9598
115;928;894;6.9598
116;107;816;6.9598
117;581;799;6.9598
118;46;288;6.9598
119;548;0;6.9598
120;379;725;6.9598
121;186;490;6.9598
122;947;161;6.9598
123;702;712;6.9598
124;230;722;6.9598
125;40;891;6.9598
126;362;568;6.9598
127;26;614;6.9598
128;396;104;6.9598
129;756;658;6.9598
130;818;433;6.9598
131;236;62;6.9598
132;314;56;6.9598
133;276;466;6.9598
134;789;828;6.9598
135;626;677;6.9598
136;626;156;6.9598
137;369;506;6.9598
138;207;461;6.9598
139;566;842;6.9598
140;676;871;6.9598
141;135;983;6.9598
142;956;181;6.9598
143;5;209;6.9598
145;499;617;6.9598
146;369;482;6.9598
147;975;194;6.9598
148;882;465;6.9598
149;716;147;6.9598
150;740;993;6.9598
151;77;480;6.9598
153;869;824;6.9598
154;809;987;6.9598
155;999;514;6.9598
156;748;391;6.9598
157;366;917;6.9598
158;272;875;6.9598
160;260;359;6.9598
161;449;208;6.9598
162;278;711;6.9598
163;422;445;6.9598
164;341;448;6.9598
165;683;498;6.9598
166;930;690;6.9598
167;184;567;6.9598
168;257;360;6.9598
169;464;101;6.9598
170;783;645;6.9598
171;282;884;6.9598
172;978;688;6.9598
173;514;349;6.9598
174;343;552;6.9598
175;290;171;6.9598
176;675;414;6.9598
177;386;86;6.9598
178;575;26;6.9598
179;863;973;6.9598
180;223;412;6.9598
181;958;176;6.9598
182;391;824;6.9598
183;228;93;6.9598
184;704;946;6.9598
185;938;995;6.9598
186;159;343;6.9598
187;698;106;6.9598
188;896;169;6.9598
189;361;937;6.9598
190;201;120;6.9598
191;158;852;6.9598
192;786;630;6.9598
193;91;909;6.9598
194;291;333;6.9598
195;575;931;6.9598
196;60;763;6.9598
197;321;837;6.9598
198;154;302;6.9598
199;490;215;6.9598
200;612;394;6.9598
202;972;987;6.9598
203;527;340;6.9598
204;34;241;6.9598
205;688;334;6.9598
206;878;485;6.9598
207;885;205;6.9598
208;124;413;6.9598
AFSs:
ID;X;Y;Service Time
1;487;949;153.889
7;861;705;153.889
14;857;337;153.889
33;880;401;153.889
91;559;449;153.889
144;10;57;153.889
152;742;233;153.889
159;0;9;153.889
201;70;159;153.889
Distance matrix:
;0;1;2;3;4;5;6;7;8;9;10;11;12;13;14;15;16;17;18;19;20;21;22;23;24;25;26;27;28;29;30;31;32;33;34;35;36;37;38;39;40;41;42;43;44;45;46;47;48;49;50;51;52;53;54;55;56;57;58;59;60;61;62;63;64;65;66;67;68;69;70;71;72;73;74;75;76;77;78;79;80;81;82;83;84;85;86;87;88;89;90;91;92;93;94;95;96;97;98;99;100;101;102;103;104;105;106;107;108;109;110;111;112;113;114;115;116;117;118;119;120;121;122;123;124;125;126;127;128;129;130;131;132;133;134;135;136;137;138;139;140;141;142;143;144;145;146;147;148;149;150;151;152;153;154;155;156;157;158;159;160;161;162;163;164;165;166;167;168;169;170;171;172;173;174;175;176;177;178;179;180;181;182;183;184;185;186;187;188;189;190;191;192;193;194;195;196;197;198;199;200;201;202;203;204;205;206;207;208
0;0.0;1067.0;914.0;576.0;731.0;1039.0;892.0;1113.0;716.0;750.0;300.0;1284.0;954.0;894.0;921.0;966.0;223.0;855.0;315.0;488.0;705.0;461.0;479.0;887.0;999.0;968.0;884.0;913.0;1298.0;636.0;819.0;935.0;978.0;967.0;297.0;973.0;1278.0;1176.0;440.0;934.0;575.0;1191.0;754.0;713.0;866.0;276.0;967.0;567.0;411.0;867.0;356.0;809.0;487.0;646.0;592.0;569.0;551.0;1042.0;700.0;573.0;721.0;908.0;978.0;653.0;916.0;221.0;1066.0;972.0;339.0;354.0;836.0;769.0;584.0;1003.0;1062.0;717.0;555.0;766.0;629.0;617.0;271.0;952.0;1034.0;947.0;685.0;931.0;463.0;563.0;402.0;983.0;700.0;717.0;919.0;621.0;975.0;1072.0;1126.0;764.0;705.0;933.0;804.0;981.0;670.0;637.0;708.0;551.0;1014.0;974.0;1031.0;1030.0;479.0;784.0;889.0;803.0;884.0;1289.0;823.0;988.0;292.0;548.0;818.0;524.0;961.0;1000.0;758.0;892.0;674.0;615.0;409.0;1002.0;926.0;244.0;319.0;542.0;1144.0;922.0;645.0;626.0;505.0;1015.0;1103.0;992.0;973.0;209.0;58.0;794.0;607.0;994.0;997.0;731.0;1238.0;486.0;778.0;1198.0;1276.0;1123.0;844.0;987.0;916.0;9.0;443.0;495.0;763.0;613.0;563.0;845.0;1158.0;596.0;442.0;475.0;1014.0;928.0;1196.0;621.0;650.0;337.0;792.0;395.0;576.0;1301.0;468.0;974.0;912.0;246.0;1179.0;1367.0;378.0;706.0;912.0;1004.0;234.0;867.0;1007.0;914.0;442.0;1094.0;765.0;896.0;339.0;535.0;728.0;174.0;1385.0;627.0;243.0;765.0;1003.0;908.0;431.0
1;1067.0;0.0;179.0;518.0;425.0;731.0;437.0;447.0;351.0;423.0;787.0;510.0;469.0;261.0;715.0;998.0;942.0;514.0;962.0;611.0;818.0;635.0;588.0;305.0;109.0;1055.0;646.0;474.0;474.0;685.0;287.0;412.0;217.0;674.0;818.0;1040.0;402.0;518.0;712.0;994.0;935.0;181.0;625.0;469.0;694.0;887.0;324.0;700.0;662.0;666.0;800.0;259.0;583.0;818.0;696.0;522.0;630.0;793.0;864.0;502.0;466.0;160.0;215.0;800.0;346.0;982.0;74.0;441.0;920.0;713.0;650.0;819.0;716.0;340.0;565.0;973.0;530.0;889.0;827.0;467.0;814.0;1055.0;818.0;129.0;752.0;197.0;649.0;552.0;789.0;258.0;367.0;505.0;397.0;492.0;264.0;732.0;565.0;983.0;720.0;502.0;658.0;586.0;482.0;658.0;418.0;830.0;920.0;360.0;569.0;190.0;824.0;929.0;944.0;280.0;309.0;444.0;403.0;177.0;795.0;951.0;249.0;549.0;912.0;320.0;343.0;451.0;401.0;570.0;850.0;396.0;613.0;922.0;910.0;527.0;325.0;305.0;805.0;458.0;563.0;133.0;204.0;354.0;900.0;883.0;1012.0;332.0;482.0;899.0;625.0;834.0;257.0;623.0;760.0;402.0;324.0;672.0;616.0;125.0;227.0;1059.0;632.0;742.0;317.0;508.0;522.0;492.0;513.0;488.0;632.0;848.0;424.0;215.0;556.0;601.0;422.0;803.0;567.0;869.0;927.0;377.0;598.0;905.0;158.0;894.0;217.0;453.0;689.0;869.0;881.0;127.0;877.0;343.0;437.0;398.0;646.0;90.0;466.0;200.0;728.0;734.0;569.0;893.0;486.0;610.0;841.0;647.0;607.0;844.0;647.0
2;914.0;179.0;0.0;403.0;366.0;603.0;454.0;375.0;207.0;374.0;649.0;493.0;508.0;98.0;566.0;842.0;774.0;357.0;787.0;442.0;645.0;467.0;441.0;314.0;190.0;897.0;494.0;330.0;476.0;507.0;235.0;276.0;280.0;535.0;651.0;883.0;423.0;456.0;537.0;835.0;757.0;279.0;454.0;412.0;538.0;717.0;376.0;521.0;503.0;511.0;628.0;143.0;427.0;641.0;517.0;353.0;452.0;660.0;690.0;341.0;413.0;108.0;113.0;624.0;203.0;813.0;154.0;317.0;745.0;563.0;490.0;650.0;537.0;238.0;457.0;798.0;364.0;718.0;650.0;300.0;674.0;895.0;682.0;55.0;577.0;220.0;531.0;379.0;614.0;153.0;225.0;328.0;425.0;394.0;323.0;610.0;477.0;811.0;546.0;363.0;493.0;455.0;303.0;479.0;240.0;651.0;774.0;414.0;452.0;288.0;646.0;759.0;783.0;111.0;149.0;453.0;388.0;94.0;657.0;772.0;122.0;415.0;760.0;218.0;266.0;468.0;240.0;491.0;673.0;287.0;469.0;753.0;736.0;373.0;303.0;163.0;628.0;291.0;420.0;103.0;210.0;416.0;750.0;743.0;861.0;153.0;313.0;752.0;495.0;662.0;334.0;506.0;592.0;381.0;384.0;568.0;457.0;194.0;244.0;906.0;472.0;564.0;222.0;332.0;356.0;332.0;445.0;369.0;473.0;670.0;317.0;239.0;493.0;422.0;264.0;632.0;400.0;692.0;749.0;423.0;448.0;755.0;115.0;727.0;276.0;500.0;541.0;695.0;724.0;212.0;712.0;344.0;326.0;424.0;481.0;181.0;432.0;184.0;577.0;555.0;395.0;743.0;527.0;431.0;700.0;478.0;480.0;688.0;513.0
3;576.0;518.0;403.0;0.0;164.0;828.0;348.0;726.0;202.0;188.0;279.0;875.0;419.0;432.0;740.0;946.0;515.0;560.0;577.0;268.0;670.0;273.0;143.0;313.0;434.0;983.0;670.0;583.0;868.0;513.0;246.0;565.0;402.0;746.0;399.0;977.0;822.0;807.0;375.0;926.0;686.0;672.0;556.0;165.0;689.0;478.0;397.0;472.0;237.0;671.0;421.0;267.0;181.0;633.0;488.0;234.0;380.0;866.0;702.0;187.0;173.0;359.0;502.0;623.0;509.0;557.0;536.0;614.0;548.0;238.0;638.0;711.0;501.0;587.0;750.0;791.0;220.0;759.0;629.0;223.0;308.0;975.0;876.0;416.0;605.0;359.0;132.0;284.0;441.0;528.0;185.0;423.0;363.0;54.0;400.0;850.0;795.0;824.0;594.0;616.0;620.0;703.0;343.0;489.0;320.0;583.0;925.0;411.0;730.0;454.0;532.0;798.0;868.0;311.0;453.0;848.0;264.0;495.0;287.0;684.0;285.0;75.0;890.0;574.0;184.0;353.0;212.0;137.0;515.0;615.0;679.0;501.0;526.0;155.0;694.0;491.0;622.0;225.0;111.0;505.0;613.0;427.0;889.0;376.0;518.0;354.0;231.0;901.0;738.0;698.0;734.0;105.0;674.0;767.0;787.0;850.0;620.0;421.0;342.0;567.0;226.0;459.0;201.0;294.0;219.0;536.0;791.0;36.0;223.0;553.0;639.0;354.0;838.0;419.0;193.0;410.0;544.0;526.0;679.0;826.0;161.0;893.0;360.0;470.0;678.0;902.0;213.0;709.0;840.0;436.0;439.0;296.0;640.0;358.0;264.0;567.0;226.0;329.0;254.0;482.0;490.0;405.0;928.0;434.0;336.0;582.0;731.0;815.0;145.0
4;731.0;425.0;366.0;164.0;0.0;894.0;187.0;731.0;226.0;25.0;431.0;859.0;260.0;429.0;821.0;1055.0;679.0;621.0;740.0;413.0;793.0;423.0;303.0;160.0;324.0;1098.0;747.0;628.0;841.0;633.0;140.0;594.0;262.0;815.0;563.0;1089.0;784.0;813.0;526.0;1038.0;830.0;598.0;651.0;46.0;776.0;642.0;236.0;604.0;398.0;754.0;581.0;226.0;333.0;762.0;615.0;356.0;510.0;940.0;829.0;308.0;47.0;283.0;478.0;751.0;526.0;721.0;463.0;642.0;709.0;402.0;723.0;825.0;631.0;589.0;785.0;925.0;347.0;880.0;761.0;323.0;460.0;1091.0;954.0;356.0;724.0;236.0;269.0;408.0;597.0;514.0;218.0;507.0;199.0;112.0;248.0;910.0;819.0;954.0;707.0;663.0;711.0;756.0;432.0;606.0;388.0;724.0;1019.0;247.0;772.0;316.0;680.0;921.0;981.0;311.0;465.0;817.0;100.0;458.0;439.0;832.0;249.0;236.0;989.0;572.0;100.0;194.0;277.0;148.0;670.0;629.0;745.0;665.0;688.0;292.0;668.0;498.0;750.0;320.0;269.0;453.0;567.0;264.0;986.0;525.0;673.0;383.0;337.0;995.0;794.0;819.0;669.0;245.0;781.0;746.0;730.0;893.0;700.0;308.0;211.0;722.0;383.0;602.0;148.0;400.0;343.0;596.0;801.0;161.0;381.0;702.0;657.0;224.0;849.0;533.0;271.0;571.0;625.0;683.0;824.0;776.0;321.0;990.0;281.0;634.0;617.0;854.0;377.0;836.0;943.0;318.0;603.0;136.0;662.0;194.0;418.0;493.0;83.0;225.0;418.0;619.0;581.0;563.0;884.0;549.0;488.0;678.0;784.0;913.0;306.0
5;1039.0;731.0;603.0;828.0;894.0;0.0;1035.0;328.0;668.0;912.0;919.0;434.0;1098.0;506.0;119.0;321.0;821.0;273.0;755.0;632.0;362.0;650.0;749.0;903.0;787.0;383.0;165.0;274.0;485.0;405.0;803.0;327.0;882.0;82.0;751.0;364.0;531.0;311.0;615.0;334.0;539.0;668.0;298.0;932.0;173.0;763.0;976.0;475.0;727.0;175.0;686.0;691.0;702.0;415.0;450.0;608.0;519.0;65.0;393.0;648.0;936.0;709.0;518.0;402.0;400.0;837.0;662.0;291.0;717.0;809.0;209.0;306.0;455.0;392.0;182.0;460.0;627.0;354.0;434.0;606.0;928.0;391.0;94.0;651.0;359.0;821.0;903.0;571.0;638.0;474.0;677.0;407.0;1014.0;856.0;925.0;34.0;224.0;435.0;335.0;240.0;238.0;148.0;487.0;410.0;512.0;504.0;213.0;1013.0;167.0;888.0;567.0;372.0;311.0;594.0;456.0;502.0;954.0;557.0;922.0;571.0;671.0;782.0;232.0;412.0;803.0;1048.0;625.0;962.0;636.0;336.0;149.0;798.0;730.0;690.0;468.0;440.0;411.0;604.0;758.0;599.0;557.0;1016.0;212.0;975.0;1010.0;514.0;600.0;199.0;108.0;348.0;640.0;889.0;272.0;441.0;613.0;127.0;214.0;794.0;842.0;1036.0;703.0;545.0;754.0;542.0;623.0;298.0;299.0;797.0;706.0;577.0;309.0;839.0;295.0;450.0;639.0;708.0;288.0;653.0;533.0;588.0;739.0;217.0;715.0;793.0;610.0;602.0;805.0;390.0;234.0;811.0;808.0;926.0;295.0;1012.0;674.0;663.0;975.0;780.0;813.0;504.0;350.0;922.0;594.0;438.0;940.0;280.0;125.0;203.0;838.0
6;892.0;437.0;454.0;348.0;187.0;1035.0;0.0;828.0;384.0;163.0;594.0;930.0;73.0;539.0;975.0;1223.0;860.0;767.0;925.0;600.0;970.0;610.0;489.0;141.0;329.0;1269.0;900.0;762.0;902.0;810.0;232.0;718.0;222.0;960.0;747.0;1259.0;835.0;908.0;713.0;1208.0;1016.0;617.0;816.0;185.0;934.0;825.0;126.0;786.0;583.0;910.0;767.0;344.0;520.0;942.0;796.0;539.0;693.0;1087.0;1008.0;492.0;176.0;349.0;564.0;930.0;646.0;902.0;497.0;764.0;895.0;581.0;881.0;999.0;813.0;692.0;907.0;1107.0;531.0;1057.0;943.0;500.0;622.0;1263.0;1104.0;423.0;900.0;248.0;431.0;591.0;784.0;607.0;382.0;670.0;45.0;294.0;179.0;1048.0;930.0;1134.0;881.0;797.0;873.0;891.0;601.0;783.0;549.0;909.0;1179.0;105.0;898.0;264.0;867.0;1097.0;1151.0;441.0;585.0;874.0;91.0;535.0;602.0;1018.0;364.0;421.0;1153.0;672.0;243.0;14.0;446.0;277.0;857.0;739.0;890.0;848.0;874.0;479.0;738.0;610.0;931.0;497.0;455.0;514.0;622.0;123.0;1147.0;683.0;834.0;522.0;515.0;1154.0;931.0;995.0;694.0;411.0;951.0;818.0;761.0;1017.0;855.0;313.0;219.0;883.0;570.0;788.0;287.0;577.0;527.0;741.0;899.0;348.0;568.0;889.0;769.0;228.0;946.0;710.0;445.0;757.0;782.0;870.0;1009.0;813.0;507.0;1152.0;343.0;816.0;652.0;890.0;557.0;1015.0;1109.0;311.0;784.0;111.0;777.0;42.0;605.0;523.0;127.0;272.0;596.0;804.0;747.0;731.0;923.0;725.0;649.0;843.0;918.0;1077.0;482.0
7;1113.0;447.0;375.0;726.0;731.0;328.0;828.0;0.0;528.0;743.0;910.0;172.0;879.0;303.0;368.0;641.0;921.0;271.0;889.0;633.0;576.0;659.0;704.0;687.0;528.0;703.0;329.0;206.0;197.0;520.0;608.0;179.0;636.0;305.0;817.0;685.0;216.0;82.0;675.0;649.0;744.0;347.0;404.0;776.0;380.0;858.0;741.0;576.0;725.0;356.0;767.0;505.0;669.0;607.0;556.0;568.0;565.0;393.0;620.0;588.0;778.0;480.0;264.0;589.0;219.0;949.0;373.0;141.0;846.0;804.0;363.0;544.0;572.0;142.0;146.0;716.0;587.0;611.0;624.0;537.0;928.0;709.0;422.0;407.0;533.0;586.0;837.0;558.0;730.0;221.0;544.0;396.0;797.0;735.0;683.0;317.0;121.0;706.0;498.0;197.0;390.0;216.0;448.0;505.0;429.0;667.0;539.0;779.0;168.0;627.0;704.0;642.0;613.0;424.0;274.0;201.0;762.0;295.0;915.0;771.0;482.0;708.0;551.0;159.0;631.0;842.0;517.0;840.0;760.0;115.0;275.0;897.0;849.0;632.0;143.0;237.0;597.0;531.0;698.0;325.0;249.0;777.0;533.0;989.0;1070.0;373.0;540.0;524.0;241.0;577.0;312.0;816.0;487.0;119.0;287.0;236.0;334.0;538.0;613.0;1107.0;693.0;646.0;583.0;510.0;580.0;273.0;71.0;691.0;696.0;723.0;98.0;606.0;118.0;497.0;540.0;782.0;345.0;780.0;737.0;268.0;702.0;538.0;485.0;880.0;288.0;300.0;790.0;621.0;537.0;551.0;882.0;718.0;106.0;797.0;681.0;365.0;803.0;556.0;814.0;615.0;398.0;961.0;303.0;495.0;948.0;409.0;221.0;501.0;793.0
8;716.0;351.0;207.0;202.0;226.0;668.0;384.0;528.0;0.0;245.0;443.0;673.0;455.0;230.0;596.0;839.0;597.0;395.0;628.0;273.0;590.0;294.0;238.0;276.0;296.0;885.0;522.0;404.0;666.0;432.0;168.0;376.0;316.0;589.0;472.0;875.0;621.0;609.0;384.0;824.0;657.0;484.0;432.0;264.0;552.0;545.0;366.0;419.0;312.0;530.0;464.0;97.0;232.0;568.0;424.0;188.0;330.0;714.0;630.0;156.0;269.0;195.0;301.0;554.0;313.0;638.0;353.0;425.0;590.0;362.0;500.0;615.0;442.0;387.0;566.0;733.0;190.0;675.0;571.0;136.0;468.0;879.0;729.0;232.0;520.0;253.0;326.0;232.0;462.0;325.0;18.0;286.0;375.0;206.0;338.0;685.0;605.0;756.0;498.0;439.0;489.0;531.0;218.0;404.0;165.0;548.0;797.0;396.0;550.0;356.0;521.0;716.0;767.0;108.0;254.0;646.0;296.0;295.0;450.0;665.0;103.0;207.0;769.0;373.0;141.0;395.0;67.0;312.0;530.0;419.0;519.0;578.0;576.0;176.0;492.0;292.0;555.0;129.0;215.0;311.0;415.0;406.0;764.0;538.0;661.0;162.0;152.0;772.0;569.0;614.0;541.0;302.0;567.0;565.0;590.0;671.0;475.0;287.0;253.0;708.0;283.0;437.0;100.0;204.0;183.0;370.0;595.0;167.0;283.0;545.0;445.0;259.0;643.0;332.0;79.0;462.0;401.0;547.0;650.0;627.0;247.0;769.0;200.0;549.0;483.0;702.0;339.0;637.0;724.0;307.0;529.0;285.0;448.0;372.0;302.0;382.0;308.0;207.0;377.0;443.0;362.0;543.0;727.0;347.0;494.0;459.0;559.0;693.0;305.0
9;750.0;423.0;374.0;188.0;25.0;912.0;163.0;743.0;245.0;0.0;451.0;867.0;236.0;441.0;841.0;1077.0;702.0;640.0;764.0;438.0;816.0;448.0;327.0;145.0;320.0;1120.0;767.0;645.0;848.0;656.0;143.0;609.0;250.0;833.0;587.0;1112.0;789.0;825.0;551.0;1061.0;855.0;598.0;673.0;47.0;796.0;665.0;217.0;628.0;422.0;774.0;605.0;237.0;358.0;786.0;639.0;380.0;534.0;959.0;852.0;332.0;44.0;287.0;487.0;774.0;541.0;744.0;465.0;657.0;733.0;425.0;744.0;848.0;655.0;601.0;801.0;949.0;371.0;904.0;785.0;346.0;479.0;1114.0;974.0;361.0;747.0;230.0;288.0;432.0;621.0;524.0;238.0;528.0;175.0;135.0;233.0;928.0;833.0;978.0;730.0;680.0;732.0;773.0;454.0;629.0;408.0;748.0;1040.0;225.0;788.0;304.0;705.0;944.0;1003.0;326.0;479.0;823.0;76.0;466.0;459.0;856.0;260.0;260.0;1011.0;584.0;113.0;170.0;298.0;157.0;695.0;642.0;764.0;689.0;712.0;317.0;676.0;511.0;774.0;343.0;294.0;458.0;572.0;243.0;1007.0;544.0;693.0;400.0;360.0;1016.0;811.0;842.0;670.0;264.0;804.0;755.0;733.0;909.0;720.0;303.0;203.0;742.0;407.0;627.0;162.0;424.0;368.0;614.0;813.0;186.0;405.0;727.0;671.0;217.0;861.0;556.0;293.0;595.0;645.0;707.0;848.0;779.0;345.0;1012.0;284.0;657.0;620.0;857.0;400.0;859.0;965.0;311.0;626.0;118.0;676.0;170.0;443.0;494.0;63.0;224.0;440.0;644.0;603.0;584.0;888.0;572.0;507.0;700.0;801.0;935.0;328.0
10;300.0;787.0;649.0;279.0;431.0;919.0;594.0;910.0;443.0;451.0;0.0;1074.0;659.0;649.0;810.0;942.0;302.0;683.0;396.0;290.0;655.0;269.0;212.0;588.0;711.0;963.0;754.0;729.0;1079.0;529.0;525.0;733.0;681.0;839.0;235.0;963.0;1046.0;983.0;320.0;915.0;596.0;927.0;621.0;414.0;754.0;296.0;667.0;463.0;193.0;745.0;295.0;529.0;242.0;602.0;488.0;342.0;401.0;940.0;670.0;325.0;421.0;627.0;731.0;600.0;696.0;339.0;795.0;778.0;385.0;110.0;711.0;712.0;491.0;783.0;893.0;730.0;323.0;737.0;590.0;376.0;29.0;951.0;941.0;674.0;607.0;638.0;164.0;360.0;340.0;745.0;426.0;533.0;620.0;322.0;676.0;948.0;950.0;772.0;613.0;756.0;683.0;825.0;466.0;516.0;482.0;520.0;956.0;675.0;866.0;734.0;448.0;768.0;861.0;542.0;653.0;1064.0;523.0;733.0;8.0;581.0;542.0;238.0;909.0;775.0;463.0;595.0;415.0;319.0;397.0;795.0;782.0;300.0;358.0;284.0;912.0;692.0;595.0;384.0;229.0;753.0;851.0;692.0;915.0;97.0;242.0;554.0;371.0;933.0;851.0;684.0;982.0;186.0;697.0;976.0;1028.0;976.0;706.0;698.0;621.0;291.0;221.0;411.0;474.0;403.0;330.0;666.0;966.0;303.0;219.0;459.0;814.0;633.0;1009.0;469.0;391.0;272.0;638.0;398.0;592.0;1060.0;210.0;918.0;630.0;271.0;923.0;1132.0;121.0;677.0;857.0;713.0;233.0;567.0;810.0;615.0;246.0;825.0;467.0;606.0;106.0;449.0;572.0;139.0;1154.0;481.0;57.0;641.0;851.0;842.0;140.0
11;1284.0;510.0;493.0;875.0;859.0;434.0;930.0;172.0;673.0;867.0;1074.0;0.0;972.0;443.0;506.0;755.0;1093.0;441.0;1060.0;802.0;733.0;828.0;865.0;790.0;609.0;817.0;482.0;377.0;57.0;689.0;727.0;349.0;721.0;438.0;989.0;798.0;132.0;130.0;847.0;769.0;906.0;358.0;571.0;905.0;529.0;1030.0;829.0;747.0;892.0;508.0;938.0;634.0;833.0;768.0;727.0;734.0;736.0;494.0;775.0;750.0;906.0;587.0;381.0;751.0;378.0;1121.0;439.0;313.0;1017.0;970.0;522.0;694.0;742.0;292.0;275.0;865.0;752.0;758.0;786.0;699.0;1094.0;826.0;524.0;511.0;696.0;682.0;992.0;726.0;902.0;349.0;690.0;567.0;894.0;877.0;769.0;412.0;215.0;849.0;661.0;366.0;550.0;363.0;617.0;676.0;592.0;834.0;644.0;866.0;306.0;700.0;874.0;785.0;742.0;565.0;426.0;86.0;875.0;402.0;1080.0;934.0;612.0;864.0;667.0;303.0;759.0;944.0;672.0;979.0;931.0;282.0;427.0;1069.0;1020.0;793.0;193.0;386.0;760.0;692.0;857.0;416.0;309.0;861.0;647.0;1156.0;1240.0;527.0;703.0;633.0;376.0;730.0;293.0;969.0;641.0;113.0;236.0;313.0;495.0;623.0;712.0;1278.0;860.0;817.0;713.0;678.0;745.0;445.0;147.0;839.0;862.0;892.0;270.0;702.0;139.0;669.0;696.0;954.0;515.0;951.0;898.0;188.0;865.0;651.0;591.0;1052.0;302.0;174.0;955.0;775.0;664.0;631.0;1053.0;824.0;278.0;895.0;849.0;420.0;924.0;661.0;980.0;785.0;570.0;1130.0;160.0;666.0;1114.0;574.0;357.0;630.0;953.0
12;954.0;469.0;508.0;419.0;260.0;1098.0;73.0;879.0;455.0;236.0;659.0;972.0;0.0;598.0;1041.0;1293.0;930.0;832.0;996.0;673.0;1042.0;683.0;561.0;196.0;364.0;1339.0;966.0;824.0;941.0;883.0;297.0;778.0;252.0;1024.0;818.0;1330.0;871.0;958.0;786.0;1279.0;1089.0;646.0;886.0;255.0;1001.0;897.0;145.0;859.0;656.0;977.0;840.0;408.0;594.0;1015.0;869.0;612.0;766.0;1151.0;1080.0;565.0;247.0;401.0;615.0;1003.0;705.0;971.0;535.0;822.0;967.0;651.0;949.0;1070.0;886.0;746.0;964.0;1179.0;604.0;1128.0;1016.0;573.0;686.0;1334.0;1169.0;472.0;972.0;293.0;497.0;664.0;857.0;659.0;453.0;740.0;84.0;366.0;205.0;1110.0;985.0;1206.0;952.0;859.0;941.0;953.0;672.0;855.0;618.0;982.0;1246.0;110.0;957.0;284.0;940.0;1169.0;1222.0;505.0;645.0;912.0;164.0;584.0;667.0;1091.0;428.0;493.0;1221.0;726.0;314.0;67.0;517.0;340.0;930.0;795.0;955.0;918.0;946.0;552.0;781.0;668.0;1003.0;569.0;528.0;559.0;663.0;121.0;1215.0;745.0;897.0;587.0;588.0;1222.0;993.0;1067.0;723.0;478.0;1022.0;861.0;792.0;1075.0;922.0;350.0;266.0;945.0;642.0;862.0;356.0;650.0;600.0;806.0;949.0;421.0;640.0;963.0;825.0;273.0;996.0;782.0;517.0;829.0;850.0;943.0;1082.0;845.0;579.0;1220.0;395.0;886.0;686.0;921.0;627.0;1087.0;1178.0;343.0;854.0;173.0;834.0;86.0;678.0;557.0;196.0;325.0;666.0;877.0;816.0;797.0;955.0;798.0;713.0;913.0;980.0;1146.0;551.0
13;894.0;261.0;98.0;432.0;429.0;506.0;539.0;303.0;230.0;441.0;649.0;443.0;598.0;0.0;469.0;746.0;735.0;260.0;736.0;409.0;557.0;435.0;437.0;402.0;287.0;801.0;396.0;233.0;437.0;428.0;311.0;181.0;376.0;438.0;616.0;787.0;397.0;385.0;490.0;740.0;680.0;310.0;364.0;473.0;441.0;676.0;470.0;452.0;484.0;414.0;583.0;204.0;413.0;559.0;444.0;325.0;394.0;563.0;604.0;326.0;475.0;202.0;85.0;541.0;108.0;771.0;214.0;225.0;693.0;553.0;394.0;559.0;464.0;161.0;367.0;712.0;339.0;628.0;569.0;278.0;672.0;800.0;585.0;151.0;492.0;315.0;551.0;337.0;563.0;97.0;247.0;249.0;514.0;435.0;419.0;515.0;394.0;722.0;459.0;266.0;399.0;359.0;243.0;402.0;189.0;577.0;677.0;508.0;360.0;386.0;581.0;668.0;688.0;123.0;52.0;419.0;466.0;104.0;656.0;698.0;181.0;426.0;663.0;145.0;329.0;553.0;235.0;539.0;616.0;202.0;371.0;713.0;687.0;365.0;265.0;71.0;546.0;269.0;424.0;144.0;209.0;510.0;652.0;738.0;843.0;100.0;287.0;654.0;399.0;573.0;347.0;528.0;500.0;336.0;383.0;478.0;361.0;291.0;336.0;887.0;451.0;502.0;280.0;287.0;331.0;236.0;372.0;396.0;453.0;604.0;231.0;333.0;420.0;352.0;260.0;591.0;307.0;636.0;672.0;411.0;440.0;658.0;209.0;689.0;288.0;482.0;534.0;608.0;628.0;310.0;679.0;429.0;238.0;512.0;452.0;234.0;502.0;275.0;566.0;488.0;309.0;727.0;505.0;359.0;695.0;387.0;384.0;592.0;519.0
14;921.0;715.0;566.0;740.0;821.0;119.0;975.0;368.0;596.0;841.0;810.0;506.0;1041.0;469.0;0.0;285.0;702.0;211.0;637.0;526.0;248.0;543.0;649.0;849.0;756.0;345.0;75.0;241.0;550.0;289.0;745.0;304.0;842.0;68.0;635.0;329.0;583.0;376.0;501.0;287.0;426.0;681.0;191.0;857.0;56.0;645.0;928.0;359.0;620.0;69.0;569.0;634.0;602.0;298.0;333.0;512.0;409.0;130.0;282.0;556.0;862.0;667.0;500.0;284.0;370.0;718.0;651.0;283.0;598.0;701.0;103.0;196.0;338.0;388.0;231.0;361.0;530.0;254.0;317.0;518.0;818.0;348.0;136.0;619.0;240.0;777.0;805.0;471.0;521.0;460.0;603.0;318.0;958.0;773.0;881.0;152.0;292.0;344.0;216.0;215.0;127.0;152.0;398.0;296.0;434.0;385.0;208.0;964.0;202.0;854.0;448.0;280.0;246.0;537.0;417.0;562.0;890.0;538.0;812.0;457.0;616.0;688.0;198.0;406.0;736.0;987.0;546.0;876.0;517.0;337.0;104.0;679.0;611.0;595.0;496.0;411.0;293.0;516.0;662.0;583.0;564.0;969.0;185.0;862.0;892.0;454.0;509.0;185.0;130.0;237.0;666.0;793.0;155.0;487.0;652.0;227.0;122.0;760.0;795.0;918.0;597.0;428.0;689.0;448.0;528.0;237.0;360.0;711.0;600.0;458.0;317.0;794.0;371.0;343.0;557.0;591.0;198.0;534.0;420.0;636.0;638.0;190.0;674.0;675.0;628.0;663.0;698.0;280.0;172.0;778.0;691.0;868.0;301.0;956.0;566.0;658.0;904.0;733.0;704.0;387.0;252.0;807.0;660.0;330.0;829.0;169.0;149.0;135.0;737.0
15;966.0;998.0;842.0;946.0;1055.0;321.0;1223.0;641.0;839.0;1077.0;942.0;755.0;1293.0;746.0;285.0;0.0;745.0;486.0;652.0;694.0;288.0;701.0;829.0;1106.0;1032.0;62.0;352.0;525.0;806.0;435.0;998.0;589.0;1111.0;339.0;724.0;44.0;850.0;631.0;624.0;33.0;392.0;966.0;407.0;1084.0;305.0;702.0;1190.0;487.0;773.0;332.0;656.0;892.0;781.0;341.0;466.0;712.0;572.0;262.0;275.0;760.0;1090.0;938.0;784.0;342.0;652.0;745.0;936.0;569.0;627.0;844.0;352.0;237.0;458.0;674.0;496.0;255.0;727.0;206.0;353.0;734.0;942.0;71.0;232.0;896.0;344.0;1045.0;982.0;662.0;607.0;744.0;842.0;553.0;1211.0;987.0;1147.0;344.0;544.0;210.0;352.0;500.0;354.0;432.0;623.0;458.0;674.0;428.0;116.0;1224.0;473.0;1128.0;504.0;182.0;81.0;798.0;694.0;823.0;1134.0;821.0;942.0;421.0;876.0;882.0;90.0;691.0;980.0;1234.0;779.0;1082.0;568.0;621.0;389.0;727.0;649.0;792.0;776.0;693.0;347.0;736.0;850.0;866.0;849.0;1231.0;109.0;968.0;953.0;716.0;722.0;123.0;401.0;258.0;948.0;975.0;273.0;758.0;928.0;443.0;385.0;1035.0;1059.0;965.0;759.0;532.0;937.0;657.0;727.0;510.0;619.0;923.0;762.0;500.0;601.0;1060.0;616.0;528.0;784.0;680.0;447.0;577.0;391.0;907.0;814.0;104.0;945.0;735.0;912.0;923.0;848.0;267.0;118.0;1054.0;764.0;1121.0;585.0;1209.0;721.0;943.0;1137.0;999.0;841.0;494.0;476.0;897.0;915.0;512.0;944.0;380.0;422.0;154.0;906.0
16;223.0;942.0;774.0;515.0;679.0;821.0;860.0;921.0;597.0;702.0;302.0;1093.0;930.0;735.0;702.0;745.0;0.0;655.0;106.0;332.0;483.0;307.0;382.0;820.0;893.0;751.0;669.0;716.0;1112.0;422.0;733.0;747.0;896.0;751.0;125.0;755.0;1100.0;978.0;249.0;714.0;358.0;1044.0;543.0;675.0;648.0;62.0;909.0;355.0;291.0;651.0;155.0;694.0;368.0;423.0;379.0;421.0;358.0;821.0;477.0;442.0;683.0;792.0;820.0;431.0;738.0;42.0;928.0;779.0;119.0;279.0;621.0;546.0;369.0;824.0;856.0;501.0;413.0;544.0;406.0;475.0;283.0;735.0;813.0;815.0;464.0;839.0;442.0;399.0;192.0;817.0;584.0;528.0;877.0;567.0;903.0;854.0;922.0;547.0;486.0;732.0;589.0;772.0;496.0;427.0;546.0;329.0;791.0;924.0;825.0;943.0;256.0;563.0;668.0;664.0;717.0;1106.0;778.0;836.0;297.0;333.0;698.0;445.0;738.0;823.0;676.0;864.0;541.0;600.0;187.0;815.0;714.0;24.0;97.0;424.0;968.0;751.0;423.0;484.0;415.0;869.0;944.0;941.0;750.0;268.0;208.0;636.0;461.0;771.0;785.0;508.0;1081.0;456.0;556.0;1014.0;1111.0;910.0;632.0;883.0;831.0;221.0;316.0;282.0;668.0;448.0;420.0;648.0;960.0;522.0;316.0;252.0;823.0;840.0;995.0;424.0;521.0;144.0;587.0;173.0;358.0;1129.0;366.0;751.0;797.0;48.0;1023.0;1191.0;303.0;484.0;689.0;902.0;76.0;808.0;815.0;872.0;296.0;954.0;734.0;798.0;264.0;320.0;526.0;186.0;1206.0;427.0;268.0;551.0;793.0;686.0;379.0
17;855.0;514.0;357.0;560.0;621.0;273.0;767.0;271.0;395.0;640.0;683.0;441.0;832.0;260.0;211.0;486.0;655.0;0.0;619.0;395.0;328.0;417.0;494.0;639.0;546.0;542.0;137.0;66.0;467.0;250.0;536.0;121.0;630.0;194.0;558.0;528.0;472.0;323.0;415.0;481.0;484.0;508.0;138.0;659.0;181.0;593.0;717.0;306.0;491.0;154.0;503.0;425.0;451.0;348.0;286.0;351.0;305.0;320.0;375.0;386.0;664.0;456.0;302.0;330.0;169.0;682.0;455.0;133.0;576.0;574.0;137.0;314.0;301.0;216.0;211.0;480.0;371.0;385.0;363.0;340.0;697.0;542.0;337.0;410.0;275.0;566.0;644.0;324.0;464.0;267.0;405.0;150.0;749.0;585.0;670.0;291.0;272.0;482.0;238.0;78.0;148.0;145.0;225.0;235.0;241.0;400.0;419.0;753.0;183.0;644.0;434.0;423.0;431.0;327.0;208.0;467.0;684.0;339.0;688.0;509.0;405.0;519.0;404.0;228.0;531.0;780.0;353.0;691.0;490.0;181.0;124.0;631.0;580.0;429.0;354.0;209.0;337.0;337.0;499.0;384.0;388.0;758.0;393.0;752.0;816.0;245.0;336.0;396.0;178.0;337.0;510.0;628.0;254.0;377.0;514.0;296.0;102.0;550.0;583.0;850.0;462.0;376.0;484.0;286.0;366.0;26.0;305.0;528.0;465.0;453.0;179.0;582.0;341.0;234.0;368.0;520.0;76.0;510.0;476.0;514.0;487.0;399.0;463.0;617.0;462.0;562.0;564.0;378.0;368.0;569.0;622.0;659.0;167.0;747.0;441.0;466.0;703.0;522.0;580.0;344.0;129.0;713.0;569.0;229.0;714.0;151.0;173.0;332.0;585.0
18;315.0;962.0;787.0;577.0;740.0;755.0;925.0;889.0;628.0;764.0;396.0;1060.0;996.0;736.0;637.0;652.0;106.0;619.0;0.0;355.0;403.0;335.0;437.0;872.0;923.0;653.0;613.0;684.0;1085.0;373.0;777.0;722.0;938.0;691.0;179.0;659.0;1080.0;940.0;250.0;620.0;260.0;1047.0;495.0;742.0;586.0;103.0;962.0;313.0;342.0;593.0;165.0;724.0;413.0;345.0;334.0;443.0;344.0;749.0;391.0;473.0;750.0;819.0;819.0;356.0;724.0;94.0;939.0;749.0;44.0;353.0;566.0;466.0;320.0;806.0;811.0;402.0;439.0;455.0;327.0;498.0;380.0;637.0;738.0;833.0;396.0;878.0;522.0;409.0;174.0;810.0;617.0;508.0;938.0;631.0;950.0;789.0;878.0;449.0;423.0;695.0;533.0;723.0;493.0;385.0;550.0;252.0;705.0;981.0;778.0;982.0;191.0;471.0;576.0;681.0;711.0;1082.0;839.0;839.0;392.0;233.0;725.0;504.0;651.0;808.0;724.0;930.0;567.0;676.0;129.0;790.0;662.0;99.0;53.0;465.0;951.0;742.0;347.0;506.0;471.0;876.0;940.0;996.0;665.0;372.0;310.0;641.0;482.0;687.0;731.0;426.0;1077.0;533.0;485.0;990.0;1101.0;854.0;581.0;915.0;873.0;315.0;360.0;245.0;709.0;455.0;446.0;617.0;922.0;579.0;362.0;178.0;794.0;882.0;953.0;399.0;550.0;170.0;546.0;109.0;261.0;1114.0;419.0;666.0;825.0;125.0;1020.0;1171.0;374.0;397.0;604.0;935.0;163.0;863.0;784.0;933.0;331.0;964.0;802.0;834.0;340.0;275.0;491.0;290.0;1183.0;398.0;368.0;499.0;741.0;605.0;452.0
19;488.0;611.0;442.0;268.0;413.0;632.0;600.0;633.0;273.0;438.0;290.0;802.0;673.0;409.0;526.0;694.0;332.0;395.0;355.0;0.0;410.0;26.0;136.0;526.0;568.0;726.0;467.0;443.0;813.0;260.0;426.0;455.0;585.0;551.0;209.0;721.0;791.0;703.0;115.0;671.0;418.0;714.0;336.0;428.0;471.0;276.0;618.0;209.0;97.0;460.0;191.0;369.0;89.0;368.0;228.0;90.0;123.0;656.0;438.0;119.0;436.0;464.0;494.0;360.0;429.0;371.0;596.0;496.0;317.0;180.0;425.0;457.0;238.0;517.0;605.0;524.0;83.0;498.0;363.0;144.0;303.0;716.0;660.0;484.0;350.0;524.0;288.0;76.0;191.0;496.0;262.0;245.0;605.0;318.0;601.0;659.0;664.0;558.0;345.0;469.0;400.0;535.0;185.0;241.0;221.0;315.0;689.0;641.0;578.0;628.0;267.0;535.0;614.0;333.0;397.0;802.0;510.0;507.0;293.0;419.0;370.0;196.0;647.0;513.0;378.0;607.0;212.0;398.0;262.0;520.0;493.0;311.0;302.0;121.0;656.0;434.0;358.0;153.0;161.0;538.0;618.0;655.0;650.0;358.0;440.0;309.0;130.0;665.0;561.0;439.0;755.0;282.0;430.0;712.0;790.0;686.0;418.0;560.0;520.0;481.0;71.0;191.0;357.0;126.0;91.0;379.0;685.0;256.0;74.0;289.0;535.0;528.0;726.0;183.0;194.0;191.0;349.0;278.0;412.0;813.0;121.0;653.0;470.0;284.0;696.0;880.0;173.0;445.0;596.0;580.0;271.0;523.0;530.0;601.0;47.0;623.0;487.0;479.0;186.0;214.0;283.0;328.0;898.0;197.0;319.0;358.0;562.0;575.0;214.0
20;705.0;818.0;645.0;670.0;793.0;362.0;970.0;576.0;590.0;816.0;655.0;733.0;1042.0;557.0;248.0;288.0;483.0;328.0;403.0;410.0;0.0;416.0;546.0;866.0;827.0;316.0;251.0;391.0;770.0;160.0;757.0;450.0;888.0;311.0;443.0;312.0;789.0;604.0;337.0;262.0;178.0;834.0;196.0;818.0;207.0;432.0;954.0;202.0;486.0;225.0;374.0;660.0;499.0;59.0;183.0;440.0;291.0;347.0;47.0;488.0;824.0;724.0;619.0;55.0;489.0;491.0;768.0;454.0;369.0;556.0;212.0;63.0;172.0;545.0;460.0;155.0;452.0;89.0;77.0;470.0;656.0;306.0;335.0;700.0;70.0;821.0;696.0;388.0;324.0;590.0;590.0;320.0;964.0;715.0;919.0;396.0;526.0;168.0;98.0;384.0;187.0;370.0;374.0;187.0;434.0;154.0;310.0;985.0;428.0;915.0;228.0;128.0;206.0;574.0;511.0;776.0;879.0;652.0;655.0;210.0;647.0;603.0;259.0;556.0;728.0;980.0;525.0;805.0;297.0;507.0;306.0;462.0;387.0;516.0;680.0;525.0;62.0;474.0;570.0;697.0;715.0;995.0;269.0;685.0;685.0;498.0;456.0;290.0;365.0;29.0;839.0;692.0;94.0;692.0;840.0;474.0;243.0;826.0;831.0;704.0;474.0;245.0;690.0;393.0;454.0;342.0;586.0;650.0;477.0;231.0;498.0;834.0;606.0;260.0;525.0;398.0;258.0;310.0;172.0;836.0;531.0;271.0;731.0;464.0;790.0;875.0;561.0;51.0;208.0;847.0;488.0;875.0;484.0;961.0;435.0;783.0;873.0;774.0;554.0;207.0;250.0;618.0;878.0;244.0;660.0;178.0;380.0;203.0;620.0
21;461.0;635.0;467.0;273.0;423.0;650.0;610.0;659.0;294.0;448.0;269.0;828.0;683.0;435.0;543.0;701.0;307.0;417.0;335.0;26.0;416.0;0.0;135.0;542.0;590.0;732.0;485.0;467.0;839.0;271.0;444.0;480.0;604.0;569.0;183.0;728.0;817.0;727.0;103.0;678.0;413.0;740.0;353.0;435.0;487.0;253.0;633.0;214.0;77.0;477.0;170.0;390.0;92.0;371.0;235.0;114.0;135.0;673.0;441.0;138.0;443.0;487.0;520.0;364.0;455.0;347.0;621.0;521.0;298.0;159.0;442.0;465.0;244.0;543.0;628.0;523.0;106.0;503.0;365.0;168.0;281.0;721.0;676.0;508.0;358.0;543.0;280.0;102.0;175.0;523.0;282.0;269.0;617.0;324.0;618.0;678.0;688.0;559.0;356.0;492.0;416.0;557.0;211.0;254.0;248.0;312.0;700.0;655.0;600.0;647.0;259.0;539.0;621.0;357.0;423.0;828.0;521.0;533.0;273.0;411.0;392.0;199.0;657.0;539.0;393.0;617.0;235.0;399.0;248.0;546.0;513.0;287.0;282.0;134.0;682.0;461.0;361.0;177.0;163.0;563.0;644.0;669.0;661.0;335.0;414.0;335.0;154.0;677.0;582.0;445.0;781.0;276.0;441.0;738.0;816.0;707.0;437.0;581.0;539.0;455.0;58.0;187.0;375.0;152.0;113.0;402.0;709.0;263.0;61.0;280.0;561.0;547.0;751.0;200.0;216.0;169.0;369.0;262.0;407.0;839.0;117.0;664.0;492.0;260.0;722.0;906.0;155.0;449.0;606.0;601.0;246.0;537.0;555.0;613.0;24.0;648.0;495.0;499.0;164.0;215.0;303.0;303.0;924.0;213.0;296.0;374.0;583.0;586.0;204.0
22;479.0;588.0;441.0;143.0;303.0;749.0;489.0;704.0;238.0;327.0;212.0;865.0;561.0;437.0;649.0;829.0;382.0;494.0;437.0;136.0;546.0;135.0;0.0;439.0;523.0;862.0;585.0;532.0;868.0;395.0;353.0;529.0;515.0;667.0;262.0;857.0;834.0;779.0;234.0;807.0;546.0;719.0;459.0;308.0;595.0;340.0;527.0;345.0;95.0;581.0;279.0;330.0;49.0;504.0;364.0;143.0;258.0;779.0;574.0;115.0;316.0;430.0;519.0;496.0;487.0;424.0;590.0;576.0;406.0;124.0;547.0;593.0;375.0;574.0;699.0;658.0;124.0;635.0;498.0;166.0;235.0;852.0;785.0;470.0;485.0;461.0;156.0;178.0;298.0;533.0;221.0;346.0;501.0;196.0;521.0;774.0;753.0;693.0;479.0;562.0;524.0;639.0;270.0;374.0;275.0;446.0;820.0;545.0;675.0;564.0;392.0;672.0;750.0;332.0;442.0;853.0;402.0;522.0;219.0;543.0;340.0;68.0;780.0;565.0;294.0;495.0;204.0;264.0;372.0;589.0;604.0;367.0;385.0;73.0;700.0;481.0;494.0;174.0;34.0;543.0;640.0;561.0;782.0;303.0;423.0;342.0;164.0;796.0;669.0;575.0;772.0;147.0;563.0;765.0;816.0;790.0;535.0;512.0;451.0;470.0;83.0;322.0;290.0;209.0;129.0;474.0;762.0;142.0;80.0;412.0;609.0;461.0;807.0;310.0;179.0;268.0;461.0;383.0;540.0;847.0;18.0;786.0;434.0;335.0;713.0;920.0;101.0;581.0;730.0;530.0;308.0;428.0;607.0;496.0;122.0;619.0;369.0;423.0;140.0;349.0;399.0;305.0;942.0;325.0;260.0;483.0;666.0;707.0;91.0
23;887.0;305.0;314.0;313.0;160.0;903.0;141.0;687.0;276.0;145.0;588.0;790.0;196.0;402.0;849.0;1106.0;820.0;639.0;872.0;526.0;866.0;542.0;439.0;0.0;197.0;1155.0;774.0;629.0;763.0;708.0;109.0;582.0;107.0;830.0;700.0;1144.0;697.0;768.0;641.0;1094.0;930.0;486.0;700.0;191.0;811.0;778.0;92.0;693.0;532.0;786.0;708.0;215.0;459.0;844.0;700.0;452.0;603.0;956.0;906.0;410.0;186.0;208.0;423.0;830.0;509.0;862.0;361.0;626.0;837.0;549.0;759.0;888.0;718.0;552.0;769.0;1009.0;449.0;950.0;847.0;406.0;617.0;1150.0;975.0;282.0;795.0;110.0;428.0;502.0;717.0;466.0;279.0;555.0;112.0;266.0;88.0;914.0;791.0;1032.0;772.0;663.0;753.0;757.0;492.0;680.0;434.0;821.0;1055.0;120.0;761.0;160.0;788.0;991.0;1038.0;312.0;449.0;736.0;99.0;394.0;596.0;936.0;233.0;376.0;1032.0;532.0;149.0;155.0;343.0;302.0;789.0;600.0;760.0;805.0;819.0;409.0;597.0;472.0;832.0;401.0;405.0;374.0;483.0;131.0;1025.0;683.0;829.0;395.0;422.0;1031.0;797.0;889.0;562.0;403.0;838.0;677.0;628.0;880.0;731.0;180.0;80.0;878.0;511.0;706.0;177.0;479.0;443.0;613.0;758.0;299.0;510.0;812.0;630.0;91.0;805.0;609.0;348.0;702.0;661.0;804.0;923.0;678.0;455.0;1030.0;202.0;774.0;517.0;756.0;524.0;912.0;990.0;182.0;746.0;38.0;638.0;111.0;542.0;387.0;168.0;131.0;565.0;716.0;631.0;718.0;788.0;623.0;645.0;727.0;784.0;957.0;458.0
24;999.0;109.0;190.0;434.0;324.0;787.0;329.0;528.0;296.0;320.0;711.0;609.0;364.0;287.0;756.0;1032.0;893.0;546.0;923.0;568.0;827.0;590.0;523.0;197.0;0.0;1086.0;683.0;518.0;577.0;682.0;192.0;460.0;112.0;723.0;768.0;1073.0;507.0;604.0;676.0;1025.0;927.0;290.0;640.0;366.0;727.0;842.0;220.0;687.0;605.0;701.0;759.0;200.0;526.0;819.0;686.0;481.0;608.0;846.0;872.0;452.0;363.0;107.0;272.0;803.0;389.0;934.0;170.0;498.0;884.0;646.0;680.0;836.0;706.0;405.0;632.0;979.0;485.0;904.0;826.0;426.0;738.0;1084.0;869.0;137.0;758.0;90.0;564.0;519.0;754.0;318.0;309.0;507.0;289.0;402.0;160.0;792.0;641.0;995.0;729.0;549.0;682.0;640.0;468.0;654.0;403.0;818.0;964.0;257.0;631.0;101.0;803.0;945.0;972.0;257.0;339.0;548.0;295.0;236.0;719.0;939.0;199.0;476.0;950.0;385.0;252.0;343.0;357.0;471.0;820.0;460.0;657.0;874.0;871.0;470.0;419.0;348.0;806.0;418.0;495.0;202.0;300.0;253.0;940.0;808.0;943.0;329.0;442.0;941.0;679.0;846.0;366.0;538.0;780.0;498.0;433.0;742.0;647.0;17.0;120.0;991.0;578.0;719.0;237.0;481.0;478.0;522.0;597.0;408.0;577.0;827.0;489.0;107.0;642.0;590.0;374.0;758.0;589.0;838.0;919.0;484.0;536.0;945.0;100.0;845.0;324.0;562.0;622.0;877.0;914.0;24.0;824.0;234.0;500.0;290.0;598.0;194.0;359.0;106.0;662.0;717.0;578.0;826.0;594.0;602.0;766.0;665.0;663.0;878.0;572.0
25;968.0;1055.0;897.0;983.0;1098.0;383.0;1269.0;703.0;885.0;1120.0;963.0;817.0;1339.0;801.0;345.0;62.0;751.0;542.0;653.0;726.0;316.0;732.0;862.0;1155.0;1086.0;0.0;409.0;583.0;868.0;470.0;1047.0;647.0;1163.0;401.0;740.0;20.0;913.0;693.0;649.0;62.0;393.0;1026.0;455.0;1126.0;361.0;712.0;1240.0;517.0;800.0;389.0;673.0;942.0;814.0;364.0;498.0;750.0;605.0;324.0;294.0;799.0;1132.0;991.0;841.0;368.0;709.0;747.0;994.0;629.0;632.0;868.0;407.0;273.0;488.0;734.0;558.0;251.0;764.0;229.0;373.0;776.0;961.0;18.0;294.0;951.0;378.0;1096.0;1012.0;699.0;625.0;803.0;887.0;600.0;1259.0;1026.0;1199.0;405.0;607.0;204.0;391.0;560.0;405.0;493.0;668.0;495.0;721.0;444.0;175.0;1273.0;535.0;1182.0;519.0;196.0;117.0;849.0;750.0;885.0;1179.0;879.0;963.0;420.0;926.0;918.0;152.0;751.0;1025.0;1280.0;824.0;1119.0;580.0;682.0;449.0;734.0;656.0;829.0;837.0;750.0;372.0;778.0;885.0;924.0;909.0;1281.0;171.0;983.0;959.0;767.0;763.0;184.0;463.0;287.0;1009.0;1007.0;317.0;820.0;990.0;505.0;440.0;1089.0;1110.0;968.0;789.0;555.0;984.0;698.0;765.0;565.0;681.0;962.0;792.0;512.0;661.0;1111.0;678.0;567.0;827.0;697.0;499.0;587.0;393.0;969.0;847.0;166.0;998.0;745.0;973.0;985.0;875.0;287.0;175.0;1108.0;775.0;1168.0;646.0;1256.0;750.0;1001.0;1180.0;1050.0;865.0;520.0;524.0;910.0;977.0;551.0;962.0;428.0;483.0;212.0;935.0
26;884.0;646.0;494.0;670.0;747.0;165.0;900.0;329.0;522.0;767.0;754.0;482.0;966.0;396.0;75.0;352.0;669.0;137.0;613.0;467.0;251.0;485.0;585.0;774.0;683.0;409.0;0.0;174.0;521.0;248.0;670.0;238.0;768.0;85.0;592.0;394.0;545.0;353.0;453.0;349.0;426.0;623.0;134.0;783.0;52.0;610.0;853.0;317.0;562.0;27.0;528.0;559.0;538.0;291.0;292.0;445.0;354.0;196.0;293.0;487.0;788.0;593.0;432.0;274.0;300.0;689.0;584.0;225.0;573.0;644.0;48.0;214.0;300.0;327.0;209.0;386.0;464.0;282.0;309.0;447.0;764.0;410.0;208.0;547.0;222.0;703.0;740.0;407.0;482.0;393.0;530.0;247.0;883.0;701.0;807.0;194.0;276.0;377.0;191.0;153.0;80.0;119.0;327.0;248.0;360.0;368.0;282.0;889.0;177.0;781.0;422.0;314.0;303.0;462.0;344.0;528.0;815.0;470.0;757.0;456.0;541.0;620.0;267.0;343.0;661.0;912.0;473.0;805.0;488.0;279.0;55.0;646.0;583.0;528.0;446.0;341.0;283.0;446.0;595.0;515.0;504.0;894.0;256.0;811.0;851.0;380.0;440.0;259.0;119.0;249.0;614.0;727.0;159.0;448.0;605.0;241.0;50.0;687.0;720.0;880.0;537.0;389.0;614.0;380.0;461.0;163.0;335.0;640.0;540.0;436.0;263.0;719.0;356.0;285.0;485.0;549.0;126.0;506.0;420.0;595.0;575.0;261.0;600.0;638.0;572.0;629.0;639.0;293.0;235.0;706.0;651.0;793.0;248.0;881.0;508.0;592.0;830.0;658.0;648.0;349.0;185.0;760.0;630.0;273.0;776.0;119.0;131.0;198.0;674.0
27;913.0;474.0;330.0;583.0;628.0;274.0;762.0;206.0;404.0;645.0;729.0;377.0;824.0;233.0;241.0;525.0;716.0;66.0;684.0;443.0;391.0;467.0;532.0;629.0;518.0;583.0;174.0;0.0;402.0;316.0;530.0;64.0;609.0;205.0;616.0;568.0;406.0;263.0;473.0;523.0;549.0;451.0;204.0;668.0;225.0;654.0;702.0;370.0;538.0;197.0;563.0;419.0;491.0;413.0;351.0;390.0;362.0;330.0;437.0;420.0;672.0;435.0;259.0;395.0;129.0;744.0;411.0;67.0;640.0;620.0;188.0;371.0;367.0;157.0;168.0;540.0;409.0;442.0;429.0;371.0;744.0;585.0;352.0;381.0;339.0;547.0;677.0;369.0;525.0;219.0;416.0;198.0;740.0;603.0;651.0;286.0;222.0;539.0;303.0;35.0;206.0;129.0;264.0;300.0;264.0;466.0;447.0;738.0;147.0;618.0;499.0;478.0;477.0;322.0;182.0;401.0;683.0;297.0;733.0;575.0;398.0;550.0;439.0;171.0;534.0;775.0;372.0;710.0;554.0;116.0;140.0;692.0;643.0;464.0;289.0;171.0;402.0;366.0;533.0;342.0;332.0;742.0;426.0;801.0;872.0;245.0;369.0;426.0;169.0;397.0;449.0;659.0;311.0;311.0;449.0;268.0;154.0;523.0;568.0;907.0;508.0;440.0;485.0;326.0;404.0;68.0;245.0;549.0;510.0;518.0;113.0;565.0;284.0;293.0;390.0;579.0;142.0;575.0;542.0;448.0;527.0;431.0;442.0;677.0;403.0;495.0;608.0;439.0;409.0;541.0;680.0;652.0;101.0;739.0;490.0;418.0;708.0;506.0;628.0;409.0;193.0;767.0;503.0;290.0;762.0;215.0;157.0;372.0;623.0
