Vehicle:
Average speed:;1275
Time limit:;431.947
Fuel comsumption rate:;1
Fuel Capacity:;22803.5
Depot:
ID;X;Y;Service Time
0;500;500;0
Customers:
ID;X;Y;Service Time
1;363;697;8.27922
2;120;259;8.27922
3;555;718;8.27922
4;522;918;8.27922
5;239;935;8.27922
6;304;517;8.27922
7;856;96;8.27922
8;38;904;8.27922
9;174;951;8.27922
10;294;935;8.27922
11;942;324;8.27922
12;402;176;8.27922
14;473;862;8.27922
15;262;550;8.27922
16;661;92;8.27922
17;440;655;8.27922
18;678;291;8.27922
19;345;691;8.27922
20;564;903;8.27922
21;952;802;8.27922
22;698;352;8.27922
23;297;930;8.27922
24;66;244;8.27922
25;882;642;8.27922
27;302;212;8.27922
28;824;647;8.27922
29;143;946;8.27922
30;108;600;8.27922
31;121;755;8.27922
32;697;32;8.27922
34;342;252;8.27922
35;596;534;8.27922
37;940;88;8.27922
38;81;468;8.27922
39;144;796;8.27922
40;244;385;8.27922
41;437;42;8.27922
42;381;583;8.27922
43;263;549;8.27922
44;153;646;8.27922
45;187;688;8.27922
46;248;71;8.27922
47;27;70;8.27922
48;649;477;8.27922
49;244;370;8.27922
50;145;49;8.27922
51;589;402;8.27922
52;105;251;8.27922
54;486;773;8.27922
55;679;851;8.27922
56;102;734;8.27922
57;619;809;8.27922
58;139;138;8.27922
59;107;489;8.27922
60;921;579;8.27922
61;681;336;8.27922
62;925;185;8.27922
63;260;655;8.27922
64;46;832;8.27922
65;534;440;8.27922
66;117;590;8.27922
67;604;453;8.27922
68;667;428;8.27922
69;871;548;8.27922
70;943;171;8.27922
72;172;696;8.27922
73;211;597;8.27922
74;82;390;8.27922
75;114;189;8.27922
76;659;852;8.27922
77;404;544;8.27922
78;169;845;8.27922
79;101;663;8.27922
81;124;861;8.27922
82;289;778;8.27922
83;923;842;8.27922
84;464;148;8.27922
85;377;32;8.27922
87;933;156;8.27922
88;987;678;8.27922
89;995;62;8.27922
90;241;242;8.27922
91;802;86;8.27922
92;944;185;8.27922
93;972;48;8.27922
94;964;77;8.27922
95;244;244;8.27922
96;992;67;8.27922
97;89;157;8.27922
98;989;59;8.27922
99;953;76;8.27922
100;347;358;8.27922
101;415;494;8.27922
102;971;672;8.27922
103;941;146;8.27922
104;391;594;8.27922
105;904;106;8.27922
106;649;92;8.27922
107;951;94;8.27922
108;917;77;8.27922
109;134;331;8.27922
110;948;183;8.27922
111;389;254;8.27922
114;965;174;8.27922
115;304;381;8.27922
116;914;661;8.27922
117;198;245;8.27922
118;207;258;8.27922
119;926;85;8.27922
120;961;726;8.27922
121;881;145;8.27922
122;849;115;8.27922
123;923;678;8.27922
124;577;535;8.27922
125;266;216;8.27922
126;160;154;8.27922
127;890;105;8.27922
128;368;725;8.27922
129;563;538;8.27922
131;921;174;8.27922
132;819;266;8.27922
134;500;580;8.27922
135;435;652;8.27922
137;460;344;8.27922
138;917;630;8.27922
139;843;747;8.27922
140;355;700;8.27922
141;969;653;8.27922
142;956;76;8.27922
143;470;464;8.27922
144;940;704;8.27922
145;982;738;8.27922
146;998;704;8.27922
147;416;492;8.27922
149;992;115;8.27922
150;433;446;8.27922
151;354;552;8.27922
152;884;204;8.27922
153;439;345;8.27922
155;980;116;8.27922
156;494;573;8.27922
157;51;27;8.27922
159;930;835;8.27922
160;216;30;8.27922
161;862;251;8.27922
162;267;215;8.27922
163;212;71;8.27922
164;941;68;8.27922
165;918;719;8.27922
166;554;709;8.27922
168;936;725;8.27922
169;428;536;8.27922
170;405;594;8.27922
171;629;450;8.27922
AFSs:
ID;X;Y;Service Time
13;766;450;75
26;777;818;75
33;473;995;75
36;248;211;75
53;986;452;75
71;181;252;75
80;422;503;75
86;482;570;75
112;796;197;75
113;243;283;75
130;509;502;75
133;324;181;75
136;470;524;75
148;215;222;75
154;472;663;75
158;934;44;75
167;602;591;75
Distance matrix:
;0;1;2;3;4;5;6;7;8;9;10;11;12;13;14;15;16;17;18;19;20;21;22;23;24;25;26;27;28;29;30;31;32;33;34;35;36;37;38;39;40;41;42;43;44;45;46;47;48;49;50;51;52;53;54;55;56;57;58;59;60;61;62;63;64;65;66;67;68;69;70;71;72;73;74;75;76;77;78;79;80;81;82;83;84;85;86;87;88;89;90;91;92;93;94;95;96;97;98;99;100;101;102;103;104;105;106;107;108;109;110;111;112;113;114;115;116;117;118;119;120;121;122;123;124;125;126;127;128;129;130;131;132;133;134;135;136;137;138;139;140;141;142;143;144;145;146;147;148;149;150;151;152;153;154;155;156;157;158;159;160;161;162;163;164;165;166;167;168;169;170;171
0;0.0;240.0;450.0;225.0;419.0;507.0;197.0;538.0;614.0;556.0;481.0;476.0;338.0;271.0;363.0;243.0;439.0;166.0;275.0;246.0;408.0;544.0;247.0;476.0;504.0;408.0;422.0;349.0;356.0;571.0;405.0;457.0;508.0;496.0;294.0;102.0;383.0;603.0;420.0;463.0;281.0;462.0;145.0;242.0;376.0;365.0;498.0;639.0;151.0;287.0;574.0;132.0;467.0;488.0;273.0;394.0;462.0;331.0;511.0;393.0;428.0;244.0;529.0;286.0;562.0;69.0;393.0;114.0;182.0;374.0;552.0;404.0;382.0;305.0;432.0;496.0;386.0;106.0;478.0;431.0;78.0;521.0;349.0;544.0;354.0;484.0;72.0;553.0;519.0;661.0;366.0;512.0;544.0;654.0;628.0;362.0;655.0;535.0;658.0;620.0;209.0;85.0;501.0;566.0;144.0;564.0;434.0;607.0;594.0;403.0;549.0;270.0;424.0;336.0;568.0;229.0;444.0;395.0;380.0;595.0;513.0;521.0;520.0;459.0;85.0;368.0;485.0;555.0;261.0;74.0;9.0;532.0;396.0;364.0;80.0;165.0;38.0;161.0;437.0;423.0;247.0;493.0;623.0;47.0;485.0;538.0;538.0;84.0;398.0;625.0;86.0;155.0;485.0;167.0;165.0;615.0;73.0;652.0;630.0;545.0;549.0;439.0;368.0;517.0;617.0;472.0;216.0;137.0;491.0;80.0;134.0;138.0
1;240.0;0.0;501.0;193.0;272.0;268.0;189.0;777.0;385.0;317.0;248.0;689.0;522.0;473.0;198.0;178.0;674.0;88.0;514.0;19.0;288.0;598.0;481.0;242.0;542.0;522.0;431.0;489.0;464.0;332.0;273.0;249.0;744.0;318.0;445.0;284.0;499.0;839.0;363.0;240.0;334.0;659.0;115.0;179.0;216.0;176.0;636.0;711.0;361.0;348.0;684.0;372.0;515.0;669.0;145.0;352.0;264.0;279.0;602.0;330.0;570.0;481.0;760.0;111.0;345.0;309.0;268.0;343.0;406.0;529.0;783.0;481.0;191.0;182.0;416.0;566.0;334.0;158.0;244.0;264.0;203.0;290.0;110.0;578.0;558.0;665.0;174.0;786.0;624.0;896.0;471.0;752.0;774.0;890.0;863.0;468.0;890.0;606.0;894.0;857.0;339.0;210.0;609.0;799.0;107.0;801.0;669.0;842.0;831.0;432.0;779.0;444.0;661.0;431.0;797.0;321.0;552.0;481.0;466.0;832.0;599.0;757.0;758.0;560.0;268.0;491.0;580.0;793.0;28.0;256.0;244.0;765.0;627.0;517.0;180.0;85.0;203.0;366.0;558.0;483.0;9.0;608.0;859.0;256.0;577.0;620.0;635.0;212.0;498.0;857.0;261.0;145.0;717.0;360.0;114.0;847.0;180.0;739.0;867.0;584.0;683.0;669.0;491.0;644.0;854.0;555.0;191.0;261.0;574.0;174.0;111.0;363.0
2;450.0;501.0;0.0;632.0;772.0;686.0;317.0;754.0;650.0;694.0;698.0;825.0;294.0;674.0;699.0;324.0;566.0;509.0;559.0;487.0;782.0;994.0;585.0;694.0;56.0;853.0;863.0;188.0;804.0;687.0;341.0;496.0;620.0;816.0;222.0;550.0;137.0;838.0;213.0;538.0;177.0;384.0;416.0;323.0;388.0;434.0;227.0;211.0;572.0;166.0;211.0;490.0;17.0;887.0;631.0;814.0;475.0;743.0;122.0;230.0;863.0;566.0;808.0;420.0;578.0;452.0;331.0;521.0;573.0;805.0;828.0;61.0;440.0;350.0;136.0;70.0;801.0;402.0;588.0;404.0;388.0;602.0;546.0;992.0;361.0;343.0;477.0;819.0;963.0;897.0;122.0;704.0;827.0;878.0;863.0;125.0;893.0;107.0;892.0;853.0;248.0;377.0;946.0;829.0;431.0;799.0;555.0;847.0;818.0;73.0;831.0;269.0;679.0;125.0;849.0;221.0;890.0;79.0;87.0;825.0;962.0;769.0;743.0;906.0;534.0;152.0;112.0;785.0;528.0;524.0;459.0;805.0;699.0;218.0;497.0;504.0;439.0;350.0;879.0;872.0;500.0;936.0;856.0;406.0;933.0;986.0;984.0;377.0;102.0;884.0;365.0;375.0;766.0;330.0;536.0;872.0;488.0;242.0;842.0;994.0;248.0;742.0;153.0;209.0;843.0;921.0;625.0;585.0;940.0;414.0;440.0;544.0
3;225.0;193.0;632.0;0.0;203.0;383.0;322.0;691.0;549.0;447.0;339.0;552.0;563.0;341.0;166.0;338.0;635.0;131.0;444.0;212.0;185.0;406.0;393.0;334.0;681.0;336.0;243.0;566.0;278.0;471.0;462.0;436.0;701.0;289.0;512.0;189.0;593.0;738.0;536.0;418.0;456.0;686.0;220.0;337.0;408.0;369.0;716.0;836.0;259.0;467.0;785.0;318.0;649.0;506.0;88.0;182.0;453.0;111.0;714.0;503.0;392.0;402.0;649.0;302.0;522.0;279.0;456.0;269.0;311.0;359.0;671.0;598.0;384.0;365.0;576.0;689.0;170.0;230.0;406.0;457.0;253.0;454.0;273.0;388.0;577.0;709.0;165.0;677.0;434.0;790.0;570.0;679.0;660.0;789.0;760.0;567.0;784.0;729.0;789.0;755.0;416.0;264.0;419.0;690.0;206.0;705.0;633.0;739.0;736.0;572.0;664.0;493.0;574.0;535.0;681.0;420.0;363.0;593.0;577.0;734.0;406.0;659.0;671.0;370.0;184.0;579.0;689.0;699.0;187.0;180.0;221.0;656.0;523.0;585.0;149.0;137.0;212.0;386.0;373.0;289.0;201.0;419.0;757.0;268.0;385.0;427.0;443.0;265.0;601.0;745.0;298.0;261.0;610.0;391.0;100.0;737.0;157.0;855.0;773.0;393.0;767.0;559.0;580.0;732.0;756.0;363.0;9.0;135.0;381.0;222.0;195.0;278.0
4;419.0;272.0;772.0;203.0;0.0;284.0;456.0;887.0;484.0;350.0;229.0;727.0;752.0;528.0;74.0;451.0;838.0;275.0;646.0;288.0;45.0;445.0;593.0;225.0;814.0;454.0;274.0;739.0;406.0;380.0;522.0;433.0;903.0;91.0;690.0;391.0;758.0;929.0;630.0;397.0;601.0;880.0;363.0;451.0;458.0;406.0;890.0;982.0;459.0;614.0;947.0;520.0;787.0;658.0;149.0;171.0;459.0;146.0;869.0;597.0;524.0;603.0;836.0;371.0;484.0;478.0;521.0;472.0;511.0;509.0;857.0;748.0;414.0;447.0;687.0;835.0;152.0;392.0;360.0;492.0;427.0;402.0;272.0;408.0;772.0;898.0;350.0;866.0;523.0;978.0;732.0;878.0;846.0;979.0;950.0;729.0;972.0;876.0;978.0;946.0;587.0;437.0;512.0;878.0;349.0;897.0;836.0;929.0;929.0;704.0;850.0;677.0;771.0;694.0;866.0;580.0;469.0;747.0;731.0;926.0;479.0;852.0;867.0;467.0;387.0;747.0;845.0;892.0;247.0;382.0;416.0;844.0;716.0;763.0;339.0;280.0;397.0;577.0;489.0;364.0;275.0;520.0;947.0;457.0;470.0;494.0;522.0;439.0;761.0;930.0;480.0;403.0;801.0;579.0;260.0;924.0;346.0;1008.0;966.0;416.0;939.0;749.0;748.0;902.0;948.0;443.0;211.0;337.0;457.0;393.0;344.0;480.0
5;507.0;268.0;686.0;383.0;284.0;0.0;423.0;1041.0;203.0;67.0;55.0;931.0;776.0;716.0;245.0;386.0;943.0;345.0;779.0;266.0;327.0;725.0;742.0;58.0;712.0;707.0;551.0;726.0;652.0;97.0;360.0;215.0;1013.0;242.0;691.0;537.0;724.0;1099.0;493.0;168.0;550.0;915.0;380.0;387.0;302.0;252.0;864.0;891.0;615.0;565.0;891.0;638.0;697.0;890.0;295.0;448.0;243.0;400.0;803.0;465.0;769.0;744.0;1016.0;281.0;219.0;576.0;366.0;605.0;664.0;741.0;1039.0;685.0;248.0;339.0;567.0;756.0;428.0;424.0;114.0;305.0;469.0;137.0;165.0;690.0;819.0;913.0;438.0;1043.0;791.0;1155.0;693.0;1019.0;1029.0;1151.0;1123.0;691.0;1149.0;792.0;1153.0;1117.0;587.0;475.0;778.0;1056.0;373.0;1063.0;937.0;1102.0;1094.0;613.0;1034.0;697.0;925.0;652.0;1052.0;558.0;728.0;691.0;678.0;1093.0;752.0;1018.0;1022.0;731.0;524.0;720.0;785.0;1055.0;246.0;512.0;510.0;1022.0;885.0;759.0;441.0;344.0;471.0;631.0;743.0;633.0;262.0;783.0;1119.0;525.0;738.0;769.0;793.0;477.0;713.0;1113.0;526.0;400.0;975.0;623.0;358.0;1104.0;443.0;927.0;1130.0;698.0;905.0;925.0;721.0;864.0;1116.0;713.0;388.0;500.0;728.0;441.0;379.0;622.0
6;197.0;189.0;317.0;322.0;456.0;423.0;0.0;694.0;470.0;453.0;418.0;667.0;355.0;467.0;384.0;53.0;555.0;194.0;437.0;179.0;465.0;708.0;427.0;413.0;362.0;591.0;561.0;305.0;536.0;458.0;213.0;300.0;624.0;507.0;268.0;292.0;311.0;767.0;228.0;322.0;145.0;493.0;101.0;52.0;199.0;207.0;450.0;526.0;347.0;159.0;494.0;307.0;332.0;685.0;314.0;502.0;296.0;430.0;413.0;199.0;620.0;418.0;704.0;145.0;407.0;243.0;201.0;307.0;374.0;568.0;727.0;292.0;222.0;123.0;256.0;379.0;488.0;104.0;355.0;250.0;119.0;388.0;261.0;699.0;402.0;490.0;186.0;725.0;702.0;827.0;282.0;659.0;721.0;816.0;793.0;280.0;822.0;419.0;824.0;785.0;165.0;113.0;685.0;737.0;116.0;727.0;547.0;773.0;755.0;252.0;725.0;276.0;587.0;242.0;745.0;136.0;627.0;292.0;277.0;757.0;689.0;687.0;677.0;640.0;274.0;303.0;391.0;716.0;218.0;260.0;206.0;706.0;573.0;337.0;206.0;188.0;166.0;233.0;623.0;586.0;190.0;679.0;787.0;174.0;663.0;713.0;719.0;115.0;308.0;797.0;147.0;61.0;659.0;219.0;223.0;786.0;198.0;551.0;788.0;702.0;495.0;618.0;304.0;455.0;779.0;646.0;315.0;307.0;665.0;125.0;127.0;332.0
7;538.0;777.0;754.0;691.0;887.0;1041.0;694.0;0.0;1150.0;1094.0;1010.0;244.0;461.0;365.0;856.0;748.0;195.0;697.0;264.0;784.0;858.0;712.0;301.0;1004.0;804.0;547.0;726.0;566.0;552.0;1109.0;902.0;987.0;171.0;977.0;537.0;509.0;619.0;84.0;860.0;998.0;677.0;422.0;680.0;746.0;893.0;893.0;609.0;829.0;434.0;671.0;713.0;406.0;767.0;379.0;772.0;775.0;988.0;751.0;718.0;846.0;487.0;297.0;113.0;817.0;1094.0;471.0;889.0;437.0;382.0;452.0;115.0;693.0;910.0;817.0;828.0;748.0;781.0;636.0;1016.0;944.0;595.0;1059.0;887.0;749.0;395.0;483.0;604.0;98.0;597.0;143.0;632.0;55.0;125.0;126.0;110.0;630.0;139.0;769.0;138.0;99.0;572.0;594.0;587.0;99.0;681.0;49.0;207.0;95.0;64.0;759.0;127.0;493.0;117.0;641.0;134.0;621.0;568.0;675.0;669.0;71.0;639.0;55.0;20.0;586.0;520.0;602.0;698.0;35.0;796.0;530.0;534.0;102.0;174.0;539.0;601.0;697.0;576.0;467.0;537.0;651.0;785.0;568.0;102.0;533.0;614.0;654.0;624.0;592.0;653.0;137.0;549.0;678.0;112.0;486.0;685.0;126.0;599.0;808.0;94.0;743.0;643.0;155.0;601.0;644.0;89.0;626.0;683.0;556.0;634.0;614.0;672.0;421.0
8;614.0;385.0;650.0;549.0;484.0;203.0;470.0;1150.0;0.0;144.0;258.0;1074.0;814.0;858.0;437.0;419.0;1023.0;473.0;886.0;374.0;526.0;920.0;860.0;260.0;661.0;884.0;744.0;741.0;827.0;113.0;312.0;171.0;1093.0;444.0;719.0;670.0;724.0;1216.0;438.0;151.0;558.0;950.0;470.0;420.0;282.0;262.0;859.0;834.0;745.0;572.0;862.0;745.0;656.0;1050.0;467.0;643.0;182.0;589.0;773.0;421.0;941.0;858.0;1142.0;334.0;72.0;679.0;324.0;724.0;789.0;906.0;1165.0;667.0;247.0;352.0;516.0;719.0;623.0;513.0;144.0;249.0;555.0;96.0;281.0;887.0;868.0;936.0;556.0;1166.0;976.0;1275.0;692.0;1119.0;1157.0;1267.0;1242.0;691.0;1269.0;749.0;1272.0;1234.0;627.0;557.0;961.0;1179.0;470.0;1178.0;1016.0;1221.0;1207.0;581.0;1161.0;739.0;1037.0;654.0;1180.0;587.0;909.0;678.0;668.0;1208.0;940.0;1134.0;1131.0;913.0;653.0;725.0;760.0;1168.0;375.0;640.0;619.0;1146.0;1008.0;778.0;564.0;470.0;575.0;701.0;921.0;820.0;377.0;964.0;1236.0;617.0;924.0;958.0;981.0;559.0;705.0;1238.0;605.0;473.0;1098.0;688.0;496.0;1228.0;563.0;877.0;1242.0;895.0;892.0;1051.0;726.0;851.0;1231.0;899.0;552.0;645.0;916.0;536.0;480.0;745.0
9;556.0;317.0;694.0;447.0;350.0;67.0;453.0;1094.0;144.0;0.0;121.0;991.0;808.0;776.0;312.0;411.0;987.0;398.0;830.0;311.0;393.0;792.0;796.0;125.0;715.0;772.0;617.0;750.0;718.0;31.0;357.0;203.0;1057.0;302.0;719.0;593.0;744.0;1154.0;492.0;158.0;570.0;946.0;422.0;412.0;306.0;263.0;883.0;893.0;671.0;585.0;902.0;688.0;703.0;953.0;359.0;515.0;229.0;467.0;814.0;467.0;835.0;797.0;1073.0;308.0;175.0;625.0;365.0;658.0;719.0;805.0;1095.0;699.0;255.0;356.0;568.0;764.0;495.0;467.0;106.0;297.0;512.0;103.0;208.0;757.0;854.0;941.0;490.0;1099.0;858.0;1210.0;712.0;1069.0;1086.0;1205.0;1178.0;710.0;1204.0;799.0;1208.0;1172.0;618.0;517.0;844.0;1112.0;418.0;1117.0;982.0;1157.0;1147.0;621.0;1090.0;729.0;977.0;672.0;1109.0;585.0;795.0;706.0;694.0;1147.0;819.0;1072.0;1074.0;797.0;579.0;741.0;797.0;1108.0;298.0;567.0;560.0;1078.0;941.0;784.0;494.0;397.0;520.0;671.0;809.0;699.0;309.0;849.0;1174.0;570.0;805.0;836.0;860.0;519.0;730.0;1170.0;568.0;438.0;1031.0;661.0;414.0;1161.0;495.0;932.0;1183.0;765.0;922.0;982.0;742.0;881.0;1170.0;779.0;451.0;559.0;795.0;487.0;425.0;677.0
10;481.0;248.0;698.0;339.0;229.0;55.0;418.0;1010.0;258.0;121.0;0.0;891.0;767.0;677.0;193.0;386.0;919.0;316.0;750.0;249.0;272.0;671.0;709.0;6.0;728.0;657.0;497.0;723.0;603.0;151.0;383.0;250.0;989.0;189.0;685.0;502.0;725.0;1065.0;513.0;205.0;552.0;904.0;363.0;387.0;322.0;269.0;865.0;905.0;579.0;567.0;898.0;609.0;710.0;844.0;251.0;394.0;278.0;349.0;812.0;484.0;721.0;713.0;980.0;282.0;269.0;550.0;388.0;573.0;629.0;695.0;1002.0;692.0;268.0;348.0;585.0;767.0;374.0;406.0;154.0;334.0;451.0;185.0;157.0;636.0;805.0;907.0;411.0;1008.0;739.0;1120.0;695.0;989.0;992.0;1116.0;1089.0;693.0;1114.0;805.0;1118.0;1083.0;579.0;457.0;726.0;1020.0;355.0;1029.0;915.0;1067.0;1060.0;625.0;997.0;688.0;893.0;654.0;1015.0;554.0;678.0;697.0;683.0;1059.0;699.0;984.0;990.0;679.0;490.0;720.0;792.0;1022.0;223.0;480.0;483.0;986.0;850.0;755.0;410.0;316.0;447.0;614.0;694.0;580.0;243.0;732.0;1084.0;503.0;686.0;716.0;741.0;459.0;717.0;1077.0;508.0;388.0;939.0;608.0;325.0;1068.0;414.0;940.0;1097.0;644.0;908.0;889.0;721.0;868.0;1082.0;660.0;344.0;462.0;675.0;421.0;359.0;589.0
11;476.0;689.0;825.0;552.0;727.0;931.0;667.0;244.0;1074.0;991.0;891.0;0.0;560.0;216.0;714.0;717.0;364.0;601.0;266.0;701.0;691.0;478.0;246.0;885.0;880.0;324.0;521.0;650.0;344.0;1013.0;878.0;927.0;381.0;819.0;604.0;405.0;703.0;236.0;873.0;927.0;701.0;578.0;618.0;715.0;852.0;838.0;739.0;950.0;331.0;700.0;843.0;362.0;840.0;135.0;640.0;589.0;935.0;583.0;824.0;851.0;256.0;261.0;140.0;758.0;1030.0;424.0;867.0;362.0;294.0;235.0;153.0;764.0;855.0;780.0;863.0;839.0;599.0;581.0;932.0;907.0;550.0;979.0;795.0;518.0;509.0;636.0;522.0;168.0;357.0;267.0;706.0;276.0;139.0;278.0;248.0;703.0;262.0;869.0;269.0;248.0;596.0;554.0;349.0;178.0;614.0;221.0;374.0;230.0;248.0;808.0;141.0;557.0;194.0;700.0;152.0;641.0;338.0;748.0;738.0;240.0;402.0;189.0;229.0;355.0;422.0;685.0;800.0;225.0;700.0;435.0;468.0;151.0;136.0;634.0;511.0;604.0;513.0;482.0;307.0;434.0;697.0;330.0;248.0;492.0;380.0;416.0;384.0;552.0;734.0;215.0;523.0;631.0;133.0;503.0;580.0;211.0;513.0;939.0;280.0;511.0;783.0;108.0;684.0;773.0;256.0;396.0;547.0;432.0;401.0;556.0;601.0;337.0
12;338.0;522.0;294.0;563.0;752.0;776.0;355.0;461.0;814.0;808.0;767.0;560.0;0.0;456.0;690.0;399.0;272.0;481.0;299.0;518.0;745.0;833.0;344.0;761.0;343.0;669.0;743.0;106.0;632.0;812.0;516.0;644.0;328.0;822.0;97.0;407.0;158.0;545.0;434.0;672.0;262.0;138.0;408.0;398.0;532.0;555.0;186.0;390.0;389.0;250.0;287.0;293.0;306.0;646.0;603.0;730.0;634.0;669.0;266.0;430.0;657.0;322.0;523.0;500.0;746.0;295.0;503.0;343.0;366.0;599.0;541.0;234.0;569.0;462.0;385.0;288.0;723.0;368.0;708.0;573.0;328.0;739.0;613.0;846.0;68.0;146.0;402.0;531.0;771.0;604.0;174.0;410.0;542.0;584.0;571.0;172.0;600.0;314.0;599.0;560.0;190.0;318.0;755.0;540.0;418.0;507.0;261.0;555.0;524.0;310.0;546.0;79.0;395.0;192.0;563.0;227.0;705.0;215.0;212.0;532.0;784.0;480.0;451.0;723.0;399.0;142.0;243.0;493.0;550.0;396.0;343.0;519.0;427.0;78.0;416.0;477.0;355.0;178.0;687.0;721.0;526.0;741.0;563.0;296.0;754.0;808.0;796.0;316.0;193.0;593.0;272.0;379.0;483.0;173.0;492.0;581.0;408.0;381.0;548.0;844.0;236.0;466.0;141.0;217.0;550.0;749.0;554.0;461.0;766.0;361.0;418.0;356.0
13;271.0;473.0;674.0;341.0;528.0;716.0;467.0;365.0;858.0;776.0;677.0;216.0;456.0;0.0;506.0;514.0;373.0;385.0;182.0;485.0;496.0;398.0;119.0;671.0;730.0;224.0;368.0;521.0;205.0;796.0;675.0;713.0;424.0;619.0;468.0;190.0;570.0;402.0;685.0;712.0;526.0;524.0;407.0;513.0;644.0;626.0;642.0;831.0;120.0;528.0;739.0;183.0;690.0;220.0;427.0;410.0;722.0;388.0;700.0;660.0;202.0;142.0;309.0;546.0;815.0;232.0;664.0;162.0;101.0;144.0;330.0;618.0;643.0;574.0;687.0;702.0;416.0;374.0;716.0;698.0;348.0;762.0;579.0;422.0;427.0;571.0;308.0;338.0;318.0;451.0;565.0;366.0;319.0;452.0;422.0;561.0;445.0;738.0;450.0;418.0;429.0;354.0;302.0;351.0;402.0;371.0;377.0;401.0;402.0;643.0;323.0;425.0;255.0;549.0;340.0;467.0;258.0;604.0;591.0;399.0;338.0;326.0;345.0;277.0;207.0;552.0;674.0;367.0;484.0;221.0;262.0;317.0;191.0;517.0;296.0;388.0;305.0;324.0;235.0;307.0;481.0;287.0;419.0;296.0;308.0;360.0;344.0;353.0;596.0;404.0;333.0;424.0;273.0;343.0;363.0;397.0;299.0;831.0;439.0;418.0;692.0;221.0;552.0;671.0;420.0;309.0;335.0;216.0;323.0;349.0;389.0;137.0
14;363.0;198.0;699.0;166.0;74.0;245.0;384.0;856.0;437.0;312.0;193.0;714.0;690.0;506.0;0.0;377.0;793.0;210.0;607.0;214.0;100.0;483.0;557.0;189.0;740.0;464.0;307.0;672.0;412.0;341.0;449.0;368.0;860.0;133.0;624.0;350.0;689.0;904.0;556.0;336.0;529.0;821.0;294.0;377.0;386.0;335.0;822.0;909.0;423.0;543.0;877.0;474.0;713.0;657.0;90.0;206.0;392.0;155.0;797.0;523.0;530.0;566.0;814.0;297.0;428.0;426.0;448.0;429.0;475.0;507.0;836.0;676.0;344.0;373.0;613.0;763.0;186.0;325.0;304.0;422.0;363.0;349.0;202.0;450.0;714.0;836.0;292.0;843.0;546.0;955.0;662.0;843.0;825.0;955.0;926.0;659.0;949.0;803.0;954.0;921.0;520.0;373.0;533.0;855.0;280.0;870.0;790.0;905.0;902.0;630.0;829.0;614.0;739.0;623.0;846.0;510.0;485.0;676.0;660.0;899.0;507.0;825.0;836.0;486.0;343.0;678.0;774.0;864.0;173.0;336.0;362.0;821.0;689.0;697.0;283.0;213.0;338.0;518.0;501.0;387.0;200.0;538.0;923.0;398.0;493.0;524.0;548.0;374.0;690.0;910.0;418.0;332.0;776.0;518.0;199.0;902.0;290.0;936.0;939.0;458.0;871.0;724.0;679.0;833.0;922.0;467.0;173.0;300.0;483.0;329.0;276.0;441.0
15;243.0;178.0;324.0;338.0;451.0;386.0;53.0;748.0;419.0;411.0;386.0;717.0;399.0;514.0;377.0;0.0;607.0;207.0;490.0;164.0;465.0;735.0;479.0;382.0;363.0;627.0;581.0;340.0;570.0;413.0;162.0;249.0;676.0;492.0;309.0;334.0;339.0;820.0;199.0;273.0;166.0;537.0;123.0;1.0;145.0;157.0;479.0;534.0;394.0;181.0;514.0;359.0;338.0;731.0;316.0;514.0;244.0;441.0;430.0;167.0;660.0;470.0;757.0;105.0;355.0;293.0;150.0;355.0;423.0;609.0;779.0;309.0;172.0;69.0;241.0;390.0;499.0;142.0;309.0;197.0;167.0;340.0;230.0;723.0;450.0;531.0;221.0;778.0;736.0;881.0;309.0;712.0;774.0;870.0;846.0;307.0;875.0;429.0;877.0;838.0;210.0;163.0;719.0;790.0;136.0;781.0;600.0;826.0;808.0;254.0;778.0;322.0;640.0;268.0;797.0;174.0;661.0;312.0;297.0;811.0;721.0;740.0;731.0;673.0;315.0;334.0;409.0;770.0;205.0;301.0;252.0;759.0;625.0;374.0;240.0;201.0;210.0;286.0;660.0;613.0;176.0;714.0;840.0;225.0;695.0;744.0;752.0;165.0;331.0;850.0;200.0;92.0;712.0;271.0;238.0;839.0;233.0;564.0;841.0;726.0;522.0;670.0;335.0;482.0;833.0;677.0;332.0;342.0;696.0;167.0;150.0;380.0
16;439.0;674.0;566.0;635.0;838.0;943.0;555.0;195.0;1023.0;987.0;919.0;364.0;272.0;373.0;793.0;607.0;0.0;605.0;200.0;677.0;817.0;767.0;263.0;914.0;614.0;593.0;735.0;379.0;578.0;999.0;751.0;855.0;70.0;922.0;357.0;447.0;430.0;279.0;691.0;873.0;510.0;230.0;565.0;606.0;752.0;762.0;414.0;634.0;385.0;501.0;518.0;318.0;578.0;485.0;703.0;759.0;851.0;718.0;524.0;682.0;552.0;245.0;280.0;691.0;962.0;370.0;738.0;365.0;336.0;502.0;293.0;506.0;777.0;676.0;651.0;556.0;760.0;520.0;899.0;800.0;475.0;938.0;780.0;794.0;205.0;290.0;510.0;279.0;671.0;335.0;446.0;141.0;298.0;314.0;303.0;444.0;332.0;576.0;330.0;292.0;412.0;471.0;658.0;285.0;570.0;243.0;12.0;290.0;256.0;579.0;301.0;317.0;171.0;460.0;315.0;459.0;623.0;488.0;483.0;265.0;701.0;226.0;189.0;642.0;451.0;414.0;505.0;229.0;698.0;457.0;437.0;273.0;235.0;349.0;514.0;604.0;472.0;322.0;596.0;680.0;681.0;640.0;295.0;418.0;673.0;721.0;699.0;469.0;465.0;332.0;421.0;553.0;250.0;337.0;601.0;320.0;509.0;613.0;277.0;790.0;449.0;256.0;413.0;449.0;281.0;678.0;626.0;502.0;690.0;501.0;564.0;359.0
17;166.0;88.0;509.0;131.0;275.0;345.0;194.0;697.0;473.0;398.0;316.0;601.0;481.0;385.0;210.0;207.0;605.0;0.0;435.0;102.0;277.0;533.0;398.0;310.0;556.0;442.0;374.0;464.0;384.0;416.0;337.0;334.0;674.0;342.0;415.0;197.0;484.0;756.0;405.0;328.0;334.0;613.0;93.0;206.0;287.0;255.0;615.0;716.0;275.0;346.0;674.0;294.0;525.0;583.0;127.0;309.0;347.0;236.0;598.0;372.0;487.0;400.0;675.0;180.0;432.0;235.0;329.0;260.0;321.0;444.0;698.0;479.0;271.0;236.0;445.0;569.0;295.0;117.0;331.0;339.0;153.0;377.0;195.0;518.0;508.0;626.0;95.0;701.0;547.0;812.0;458.0;674.0;689.0;807.0;780.0;455.0;807.0;609.0;810.0;774.0;311.0;163.0;531.0;714.0;78.0;719.0;601.0;759.0;749.0;446.0;693.0;404.0;580.0;421.0;712.0;306.0;474.0;476.0;460.0;749.0;526.0;674.0;677.0;484.0;182.0;472.0;574.0;711.0;100.0;170.0;168.0;680.0;543.0;488.0;96.0;6.0;134.0;312.0;478.0;413.0;96.0;529.0;776.0;193.0;502.0;548.0;560.0;165.0;488.0;772.0;209.0;134.0;633.0;310.0;33.0;763.0;98.0;739.0;786.0;522.0;664.0;584.0;473.0;627.0;772.0;482.0;126.0;174.0;501.0;120.0;70.0;279.0
18;275.0;514.0;559.0;444.0;646.0;779.0;437.0;264.0;886.0;830.0;750.0;266.0;299.0;182.0;607.0;490.0;200.0;435.0;0.0;520.0;623.0;580.0;64.0;744.0;614.0;406.0;536.0;384.0;385.0;846.0;648.0;725.0;260.0;733.0;338.0;256.0;437.0;331.0;623.0;735.0;444.0;347.0;417.0;489.0;634.0;631.0;483.0;687.0;188.0;441.0;585.0;142.0;574.0;348.0;519.0;560.0;727.0;521.0;560.0;604.0;377.0;45.0;269.0;554.0;832.0;207.0;636.0;178.0;137.0;321.0;291.0;499.0;648.0;558.0;604.0;573.0;561.0;373.0;752.0;687.0;332.0;795.0;623.0;603.0;257.0;397.0;341.0;289.0;495.0;391.0;440.0;240.0;286.0;381.0;357.0;437.0;386.0;604.0;388.0;349.0;338.0;332.0;481.0;300.0;417.0;292.0;201.0;337.0;321.0;545.0;291.0;291.0;151.0;435.0;310.0;385.0;439.0;482.0;472.0;322.0;519.0;250.0;245.0;458.0;264.0;419.0;536.0;282.0;533.0;272.0;270.0;270.0;143.0;371.0;339.0;435.0;312.0;224.0;415.0;485.0;521.0;464.0;351.0;271.0;489.0;541.0;522.0;330.0;468.0;360.0;290.0;416.0;224.0;245.0;425.0;349.0;337.0;680.0;356.0;600.0;531.0;188.0;418.0;515.0;345.0;491.0;436.0;309.0;505.0;350.0;408.0;166.0
19;246.0;19.0;487.0;212.0;288.0;266.0;179.0;784.0;374.0;311.0;249.0;701.0;518.0;485.0;214.0;164.0;677.0;102.0;520.0;0.0;305.0;617.0;489.0;244.0;527.0;539.0;450.0;481.0;481.0;325.0;254.0;233.0;747.0;330.0;439.0;296.0;490.0;847.0;346.0;227.0;322.0;655.0;114.0;164.0;197.0;158.0;628.0;698.0;372.0;337.0;672.0;378.0;501.0;684.0;163.0;370.0;247.0;298.0;590.0;312.0;587.0;489.0;770.0;92.0;331.0;314.0;249.0;352.0;416.0;545.0;792.0;469.0;173.0;164.0;400.0;553.0;353.0;158.0;234.0;246.0;203.0;279.0;103.0;597.0;556.0;660.0;183.0;795.0;642.0;905.0;461.0;758.0;784.0;898.0;872.0;458.0;899.0;592.0;902.0;865.0;333.0;209.0;626.0;808.0;107.0;809.0;672.0;851.0;839.0;417.0;788.0;439.0;669.0;421.0;807.0;313.0;570.0;470.0;454.0;840.0;617.0;765.0;765.0;578.0;280.0;482.0;568.0;800.0;41.0;266.0;250.0;774.0;637.0;510.0;191.0;98.0;209.0;366.0;575.0;501.0;13.0;625.0;867.0;259.0;595.0;639.0;653.0;211.0;487.0;866.0;260.0;139.0;726.0;359.0;130.0;857.0;190.0;726.0;875.0;602.0;673.0;679.0;482.0;634.0;862.0;574.0;210.0;276.0;592.0;176.0;114.0;372.0
20;408.0;288.0;782.0;185.0;45.0;327.0;465.0;858.0;526.0;393.0;272.0;691.0;745.0;496.0;100.0;465.0;817.0;277.0;623.0;305.0;0.0;401.0;567.0;268.0;826.0;411.0;229.0;739.0;365.0;423.0;547.0;467.0;881.0;129.0;688.0;370.0;761.0;898.0;650.0;433.0;609.0;870.0;369.0;465.0;485.0;434.0;890.0;991.0;434.0;622.0;951.0;502.0;797.0;618.0;152.0;126.0;492.0;109.0;875.0;617.0;482.0;579.0;804.0;392.0;523.0;464.0;546.0;452.0;486.0;469.0;824.0;755.0;443.0;467.0;704.0;844.0;108.0;393.0;399.0;522.0;424.0;442.0;302.0;364.0;762.0;891.0;343.0;833.0;479.0;945.0;736.0;851.0;812.0;947.0;918.0;733.0;939.0;884.0;945.0;914.0;587.0;435.0;468.0;846.0;354.0;866.0;815.0;897.0;898.0;716.0;816.0;672.0;743.0;698.0;832.0;583.0;426.0;753.0;737.0;895.0;435.0;822.0;838.0;424.0;368.0;749.0;851.0;862.0;265.0;365.0;405.0;812.0;686.0;761.0;329.0;282.0;390.0;569.0;446.0;320.0;291.0;476.0;915.0;449.0;425.0;449.0;477.0;437.0;765.0;897.0;475.0;409.0;769.0;572.0;257.0;890.0;337.0;1015.0;935.0;372.0;940.0;717.0;749.0;903.0;916.0;399.0;194.0;314.0;412.0;391.0;348.0;458.0
21;544.0;598.0;994.0;406.0;445.0;725.0;708.0;712.0;920.0;792.0;671.0;478.0;833.0;398.0;483.0;735.0;767.0;533.0;580.0;617.0;401.0;0.0;517.0;667.0;1047.0;175.0;176.0;878.0;201.0;822.0;868.0;832.0;811.0;516.0;821.0;446.0;919.0;714.0;933.0;808.0;822.0;918.0;612.0;734.0;814.0;773.0;1015.0;1180.0;444.0;829.0;1104.0;540.0;1010.0;352.0;467.0;277.0;853.0;333.0;1050.0;901.0;225.0;539.0;618.0;707.0;906.0;553.0;861.0;493.0;470.0;267.0;631.0;947.0;787.0;769.0;963.0;1038.0;297.0;606.0;784.0;862.0;609.0;830.0;663.0;49.0;816.0;961.0;524.0;646.0;129.0;741.0;905.0;732.0;617.0;754.0;725.0;901.0;736.0;1077.0;744.0;726.0;750.0;619.0;131.0;656.0;598.0;698.0;772.0;708.0;726.0;944.0;619.0;786.0;625.0;879.0;628.0;773.0;146.0;937.0;922.0;717.0;77.0;661.0;695.0;127.0;460.0;902.0;1023.0;700.0;589.0;470.0;535.0;629.0;552.0;883.0;504.0;538.0;556.0;672.0;176.0;122.0;606.0;150.0;726.0;589.0;99.0;71.0;108.0;619.0;938.0;688.0;629.0;648.0;602.0;687.0;500.0;687.0;512.0;1188.0;758.0;40.0;1067.0;558.0;902.0;1040.0;734.0;90.0;409.0;409.0;79.0;588.0;585.0;478.0
22;247.0;481.0;585.0;393.0;593.0;742.0;427.0;301.0;860.0;796.0;709.0;246.0;344.0;119.0;557.0;479.0;263.0;398.0;64.0;489.0;567.0;517.0;0.0;703.0;641.0;343.0;473.0;420.0;321.0;813.0;640.0;704.0;320.0;681.0;370.0;209.0;472.0;358.0;628.0;710.0;455.0;405.0;392.0;478.0;619.0;612.0;531.0;728.0;134.0;454.0;631.0;120.0;602.0;305.0;471.0;499.0;708.0;464.0;599.0;607.0;318.0;23.0;282.0;533.0;810.0;186.0;628.0;138.0;82.0;261.0;305.0;527.0;628.0;545.0;617.0;606.0;502.0;351.0;723.0;673.0;315.0;767.0;591.0;539.0;310.0;453.0;307.0;306.0;436.0;415.0;470.0;286.0;297.0;409.0;383.0;467.0;409.0;639.0;413.0;376.0;351.0;317.0;421.0;319.0;391.0;321.0;265.0;361.0;352.0;564.0;302.0;324.0;183.0;460.0;321.0;395.0;377.0;511.0;500.0;351.0;457.0;276.0;281.0;396.0;219.0;453.0;573.0;313.0;498.0;230.0;241.0;285.0;148.0;411.0;302.0;399.0;286.0;238.0;354.0;421.0;489.0;405.0;378.0;254.0;427.0;479.0;462.0;315.0;500.0;378.0;281.0;398.0;238.0;259.0;384.0;368.0;301.0;724.0;388.0;536.0;580.0;193.0;452.0;561.0;374.0;428.0;385.0;258.0;442.0;327.0;380.0;120.0
23;476.0;242.0;694.0;334.0;225.0;58.0;413.0;1004.0;260.0;125.0;6.0;885.0;761.0;671.0;189.0;382.0;914.0;310.0;744.0;244.0;268.0;667.0;703.0;0.0;724.0;652.0;493.0;718.0;598.0;155.0;380.0;248.0;983.0;188.0;679.0;496.0;721.0;1059.0;510.0;203.0;548.0;899.0;357.0;383.0;318.0;266.0;860.0;901.0;574.0;563.0;894.0;603.0;706.0;839.0;246.0;390.0;276.0;344.0;808.0;480.0;716.0;707.0;974.0;277.0;269.0;544.0;385.0;567.0;624.0;689.0;997.0;688.0;265.0;344.0;581.0;763.0;370.0;401.0;154.0;331.0;445.0;186.0;152.0;632.0;800.0;902.0;405.0;1002.0;735.0;1114.0;690.0;984.0;987.0;1111.0;1083.0;688.0;1108.0;800.0;1112.0;1077.0;574.0;452.0;722.0;1015.0;349.0;1023.0;909.0;1061.0;1055.0;621.0;991.0;682.0;887.0;649.0;1009.0;549.0;673.0;692.0;678.0;1053.0;695.0;978.0;984.0;675.0;484.0;715.0;788.0;1016.0;217.0;474.0;478.0;980.0;845.0;749.0;405.0;310.0;441.0;608.0;689.0;576.0;237.0;727.0;1079.0;497.0;682.0;711.0;737.0;454.0;713.0;1071.0;503.0;382.0;934.0;602.0;319.0;1063.0;408.0;936.0;1091.0;640.0;904.0;883.0;716.0;863.0;1076.0;656.0;339.0;456.0;671.0;415.0;353.0;584.0
24;504.0;542.0;56.0;681.0;814.0;712.0;362.0;804.0;661.0;715.0;728.0;880.0;343.0;730.0;740.0;363.0;614.0;556.0;614.0;527.0;826.0;1047.0;641.0;724.0;0.0;908.0;914.0;238.0;858.0;706.0;358.0;514.0;666.0;854.0;276.0;604.0;185.0;888.0;225.0;557.0;227.0;422.0;463.0;363.0;411.0;460.0;251.0;178.0;628.0;218.0;210.0;546.0;40.0;943.0;675.0;863.0;491.0;791.0;129.0;248.0;918.0;622.0;861.0;454.0;588.0;507.0;350.0;577.0;629.0;860.0;880.0;115.0;464.0;382.0;147.0;73.0;849.0;452.0;610.0;420.0;440.0;620.0;579.0;1045.0;409.0;376.0;529.0;871.0;1018.0;947.0;175.0;753.0;880.0;927.0;913.0;178.0;943.0;90.0;941.0;903.0;303.0;429.0;1001.0;880.0;478.0;849.0;602.0;898.0;867.0;110.0;884.0;323.0;732.0;181.0;902.0;275.0;945.0;132.0;142.0;875.0;1017.0;821.0;794.0;961.0;588.0;202.0;130.0;836.0;568.0;577.0;513.0;858.0;753.0;266.0;549.0;550.0;492.0;406.0;934.0;926.0;540.0;991.0;906.0;460.0;988.0;1041.0;1039.0;429.0;151.0;935.0;419.0;422.0;819.0;386.0;583.0;923.0;540.0;218.0;891.0;1047.0;261.0;796.0;203.0;226.0;893.0;975.0;674.0;639.0;994.0;465.0;487.0;600.0
25;408.0;522.0;853.0;336.0;454.0;707.0;591.0;547.0;884.0;772.0;657.0;324.0;669.0;224.0;464.0;627.0;593.0;442.0;406.0;539.0;411.0;175.0;343.0;652.0;908.0;0.0;205.0;722.0;58.0;799.0;775.0;769.0;637.0;540.0;666.0;306.0;767.0;557.0;820.0;754.0;688.0;747.0;504.0;626.0;729.0;697.0;853.0;1029.0;286.0;694.0;946.0;379.0;870.0;217.0;417.0;291.0;785.0;312.0;898.0;790.0;74.0;366.0;459.0;622.0;857.0;402.0;767.0;336.0;303.0;95.0;475.0;802.0;712.0;673.0;839.0;892.0;306.0;488.0;741.0;781.0;481.0;789.0;608.0;204.0;647.0;792.0;406.0;489.0;111.0;591.0;756.0;562.0;461.0;601.0;571.0;752.0;585.0;930.0;593.0;570.0;606.0;490.0;94.0;499.0;493.0;536.0;597.0;552.0;566.0;810.0;464.0;627.0;453.0;733.0;475.0;634.0;37.0;791.0;777.0;559.0;115.0;497.0;528.0;55.0;323.0;749.0;871.0;537.0;521.0;336.0;398.0;470.0;381.0;724.0;387.0;447.0;429.0;517.0;37.0;112.0;530.0;88.0;571.0;449.0;85.0;139.0;132.0;490.0;788.0;538.0;490.0;536.0;438.0;533.0;411.0;535.0;394.0;1034.0;600.0;199.0;904.0;392.0;749.0;880.0;577.0;85.0;335.0;285.0;99.0;466.0;479.0;318.0
26;422.0;431.0;863.0;243.0;274.0;551.0;561.0;726.0;744.0;617.0;497.0;521.0;743.0;368.0;307.0;581.0;735.0;374.0;536.0;450.0;229.0;176.0;473.0;493.0;914.0;205.0;0.0;770.0;177.0;647.0;704.0;659.0;790.0;352.0;714.0;337.0;805.0;748.0;779.0;633.0;687.0;847.0;460.0;580.0;647.0;604.0;915.0;1059.0;364.0;696.0;995.0;457.0;879.0;421.0;294.0;103.0;680.0;158.0;932.0;746.0;279.0;491.0;650.0;542.0;731.0;449.0;698.0;404.0;405.0;286.0;668.0;822.0;617.0;608.0;816.0;914.0;123.0;463.0;609.0;694.0;475.0;654.0;490.0;148.0;740.0;882.0;385.0;680.0;252.0;787.0;787.0;732.0;655.0;794.0;764.0;783.0;781.0;954.0;788.0;763.0;630.0;486.0;243.0;692.0;446.0;723.0;737.0;745.0;754.0;807.0;658.0;685.0;621.0;756.0;671.0;644.0;208.0;815.0;799.0;748.0;206.0;681.0;707.0;202.0;347.0;790.0;906.0;722.0;419.0;352.0;414.0;660.0;554.0;782.0;365.0;380.0;425.0;570.0;234.0;97.0;438.0;253.0;763.0;469.0;199.0;220.0;249.0;486.0;819.0;735.0;507.0;500.0;623.0;581.0;342.0;731.0;374.0;1074.0;790.0;154.0;967.0;573.0;790.0;937.0;768.0;172.0;248.0;287.0;184.0;449.0;434.0;397.0
27;349.0;489.0;188.0;566.0;739.0;726.0;305.0;566.0;741.0;750.0;723.0;650.0;106.0;521.0;672.0;340.0;379.0;464.0;384.0;481.0;739.0;878.0;420.0;718.0;238.0;722.0;770.0;0.0;679.0;751.0;434.0;572.0;434.0;801.0;57.0;436.0;54.0;650.0;338.0;605.0;182.0;217.0;379.0;339.0;459.0;490.0;151.0;309.0;437.0;168.0;226.0;344.0;201.0;725.0;590.0;742.0;559.0;676.0;179.0;339.0;720.0;399.0;624.0;445.0;671.0;325.0;421.0;386.0;424.0;661.0;642.0;127.0;501.0;396.0;283.0;189.0;733.0;347.0;647.0;494.0;315.0;673.0;566.0;885.0;174.0;195.0;401.0;633.0;828.0;709.0;68.0;516.0;643.0;690.0;676.0;66.0;705.0;220.0;704.0;665.0;153.0;304.0;812.0;642.0;392.0;611.0;367.0;660.0;630.0;206.0;647.0;97.0;494.0;92.0;664.0;169.0;759.0;109.0;106.0;637.0;836.0;583.0;556.0;776.0;424.0;36.0;153.0;598.0;517.0;418.0;356.0;620.0;520.0;38.0;418.0;460.0;354.0;206.0;744.0;761.0;491.0;800.0;668.0;303.0;806.0;860.0;852.0;302.0;88.0;697.0;268.0;344.0;582.0;191.0;482.0;685.0;409.0;312.0;654.0;885.0;201.0;561.0;35.0;167.0;655.0;798.0;557.0;483.0;816.0;348.0;396.0;404.0
28;356.0;464.0;804.0;278.0;406.0;652.0;536.0;552.0;827.0;718.0;603.0;344.0;632.0;205.0;412.0;570.0;578.0;384.0;385.0;481.0;365.0;201.0;321.0;598.0;858.0;58.0;177.0;679.0;0.0;744.0;718.0;711.0;628.0;494.0;623.0;254.0;722.0;571.0;764.0;696.0;636.0;718.0;448.0;569.0;671.0;638.0;815.0;984.0;244.0;643.0;905.0;339.0;821.0;254.0;361.0;250.0;727.0;261.0;853.0;734.0;118.0;342.0;473.0;564.0;800.0;356.0;709.0;293.0;269.0;110.0;491.0;755.0;654.0;615.0;785.0;845.0;263.0;432.0;684.0;723.0;427.0;732.0;551.0;219.0;615.0;760.0;351.0;503.0;166.0;609.0;710.0;561.0;477.0;617.0;587.0;706.0;604.0;883.0;611.0;585.0;558.0;437.0;149.0;514.0;436.0;547.0;582.0;567.0;578.0;759.0;480.0;586.0;451.0;686.0;494.0;584.0;91.0;744.0;729.0;571.0;158.0;505.0;533.0;104.0;271.0;705.0;827.0;546.0;463.0;283.0;347.0;483.0;381.0;683.0;331.0;389.0;375.0;474.0;95.0;102.0;472.0;145.0;586.0;399.0;129.0;182.0;183.0;436.0;743.0;558.0;440.0;480.0;447.0;489.0;352.0;553.0;338.0;991.0;613.0;216.0;866.0;398.0;705.0;840.0;591.0;118.0;277.0;229.0;136.0;411.0;422.0;277.0
29;571.0;332.0;687.0;471.0;380.0;97.0;458.0;1109.0;113.0;31.0;151.0;1013.0;812.0;796.0;341.0;413.0;999.0;416.0;846.0;325.0;423.0;822.0;813.0;155.0;706.0;799.0;647.0;751.0;744.0;0.0;348.0;192.0;1069.0;334.0;722.0;612.0;742.0;1171.0;482.0;150.0;570.0;951.0;434.0;415.0;300.0;262.0;881.0;884.0;690.0;585.0;897.0;703.0;696.0;977.0;384.0;544.0;216.0;495.0;808.0;458.0;860.0;813.0;1091.0;314.0;150.0;639.0;357.0;675.0;737.0;830.0;1114.0;695.0;252.0;356.0;559.0;758.0;524.0;479.0;104.0;286.0;524.0;87.0;223.0;787.0;860.0;943.0;506.0;1117.0;886.0;1228.0;711.0;1083.0;1105.0;1222.0;1195.0;709.0;1222.0;791.0;1226.0;1189.0;622.0;528.0;872.0;1130.0;431.0;1133.0;993.0;1174.0;1164.0;615.0;1109.0;734.0;994.0;670.0;1128.0;587.0;822.0;703.0;691.0;1164.0;847.0;1089.0;1090.0;825.0;598.0;740.0;792.0;1125.0;315.0;586.0;575.0;1096.0;959.0;786.0;511.0;414.0;534.0;680.0;836.0;728.0;325.0;876.0;1191.0;582.0;833.0;864.0;889.0;530.0;728.0;1188.0;578.0;447.0;1049.0;670.0;434.0;1179.0;512.0;924.0;1200.0;795.0;919.0;1000.0;741.0;878.0;1186.0;808.0;474.0;580.0;823.0;499.0;439.0;694.0
30;405.0;273.0;341.0;462.0;522.0;360.0;213.0;902.0;312.0;357.0;383.0;878.0;516.0;675.0;449.0;162.0;751.0;337.0;648.0;254.0;547.0;868.0;640.0;380.0;358.0;775.0;704.0;434.0;718.0;348.0;0.0;156.0;818.0;538.0;419.0;492.0;413.0;977.0;135.0;199.0;254.0;648.0;274.0;163.0;64.0;118.0;547.0;536.0;555.0;267.0;552.0;520.0;349.0;890.0;416.0;624.0;134.0;552.0;463.0;111.0;813.0;631.0;916.0;162.0;240.0;455.0;13.0;517.0;585.0;765.0;939.0;356.0;115.0;103.0;212.0;411.0;606.0;301.0;252.0;63.0;329.0;261.0;254.0;850.0;575.0;628.0;375.0;937.0;882.0;1037.0;382.0;864.0;933.0;1025.0;1003.0;381.0;1032.0;443.0;1034.0;994.0;340.0;325.0;866.0;949.0;283.0;937.0;742.0;983.0;963.0;270.0;938.0;446.0;797.0;345.0;957.0;294.0;808.0;366.0;356.0;967.0;862.0;897.0;886.0;819.0;473.0;415.0;449.0;925.0;288.0;459.0;413.0;918.0;786.0;471.0;393.0;331.0;370.0;435.0;810.0;750.0;266.0;863.0;997.0;387.0;838.0;885.0;896.0;326.0;393.0;1008.0;360.0;251.0;871.0;418.0;369.0;997.0;387.0;576.0;996.0;855.0;580.0;831.0;417.0;539.0;988.0;819.0;459.0;494.0;837.0;326.0;297.0;542.0
31;457.0;249.0;496.0;436.0;433.0;215.0;300.0;987.0;171.0;203.0;250.0;927.0;644.0;713.0;368.0;249.0;855.0;334.0;725.0;233.0;467.0;832.0;704.0;248.0;514.0;769.0;659.0;572.0;711.0;192.0;156.0;0.0;924.0;426.0;549.0;524.0;559.0;1056.0;290.0;47.0;390.0;780.0;312.0;250.0;114.0;94.0;696.0;691.0;597.0;404.0;706.0;586.0;504.0;917.0;365.0;566.0;28.0;501.0;617.0;266.0;819.0;699.0;986.0;171.0;107.0;519.0;165.0;570.0;636.0;778.0;1008.0;507.0;78.0;182.0;367.0;566.0;547.0;353.0;102.0;94.0;393.0;106.0;170.0;807.0;697.0;767.0;406.0;1009.0;869.0;1115.0;527.0;955.0;1001.0;1106.0;1082.0;526.0;1110.0;599.0;1113.0;1074.0;457.0;393.0;854.0;1021.0;314.0;1017.0;848.0;1061.0;1046.0;424.0;1006.0;568.0;876.0;488.0;1025.0;416.0;799.0;516.0;504.0;1047.0;841.0;975.0;969.0;806.0;506.0;558.0;602.0;1007.0;249.0;492.0;463.0;989.0;852.0;609.0;417.0;330.0;419.0;533.0;806.0;722.0;240.0;854.0;1076.0;454.0;821.0;861.0;878.0;395.0;541.0;1081.0;439.0;309.0;941.0;519.0;363.0;1071.0;415.0;731.0;1080.0;813.0;731.0;896.0;559.0;690.0;1070.0;798.0;435.0;508.0;816.0;377.0;326.0;593.0
32;508.0;744.0;620.0;701.0;903.0;1013.0;624.0;171.0;1093.0;1057.0;989.0;381.0;328.0;424.0;860.0;676.0;70.0;674.0;260.0;747.0;881.0;811.0;320.0;983.0;666.0;637.0;790.0;434.0;628.0;1069.0;818.0;924.0;0.0;989.0;418.0;512.0;483.0;249.0;755.0;943.0;574.0;260.0;635.0;675.0;820.0;831.0;451.0;671.0;448.0;565.0;552.0;385.0;631.0;510.0;770.0;819.0;920.0;781.0;568.0;746.0;591.0;304.0;275.0;761.0;1031.0;439.0;805.0;431.0;397.0;545.0;283.0;561.0;846.0;745.0;712.0;604.0;821.0;590.0;969.0;868.0;545.0;1008.0;850.0;841.0;260.0;320.0;579.0;267.0;708.0;300.0;502.0;118.0;291.0;275.0;271.0;500.0;297.0;621.0;293.0;260.0;478.0;541.0;696.0;269.0;640.0;220.0;77.0;261.0;225.0;637.0;293.0;380.0;192.0;519.0;303.0;526.0;665.0;543.0;540.0;235.0;743.0;216.0;173.0;684.0;517.0;469.0;551.0;206.0;767.0;523.0;506.0;265.0;264.0;402.0;582.0;673.0;542.0;392.0;637.0;730.0;750.0;678.0;263.0;488.0;715.0;761.0;736.0;539.0;518.0;306.0;491.0;623.0;254.0;406.0;670.0;295.0;578.0;646.0;237.0;836.0;481.0;274.0;467.0;487.0;247.0;722.0;692.0;567.0;733.0;571.0;633.0;423.0
33;496.0;318.0;816.0;289.0;91.0;242.0;507.0;977.0;444.0;302.0;189.0;819.0;822.0;619.0;133.0;492.0;922.0;342.0;733.0;330.0;129.0;516.0;681.0;188.0;854.0;540.0;352.0;801.0;494.0;334.0;538.0;426.0;989.0;0.0;754.0;477.0;816.0;1020.0;657.0;385.0;652.0;954.0;422.0;493.0;473.0;420.0;951.0;1027.0;547.0;666.0;1001.0;604.0;830.0;747.0;222.0;251.0;454.0;236.0;920.0;624.0;611.0;691.0;928.0;401.0;457.0;558.0;539.0;558.0;599.0;599.0;949.0;798.0;424.0;476.0;720.0;882.0;235.0;456.0;339.0;499.0;495.0;374.0;285.0;475.0;847.0;968.0;425.0;957.0;604.0;1069.0;788.0;967.0;937.0;1070.0;1041.0;785.0;1063.0;922.0;1069.0;1037.0;649.0;504.0;594.0;969.0;409.0;988.0;920.0;1020.0;1020.0;746.0;941.0;746.0;861.0;748.0;957.0;637.0;553.0;799.0;784.0;1017.0;557.0;943.0;957.0;550.0;472.0;806.0;897.0;983.0;290.0;466.0;494.0;935.0;807.0;828.0;416.0;345.0;471.0;651.0;575.0;445.0;318.0;602.0;1038.0;531.0;550.0;570.0;600.0;506.0;815.0;1022.0;550.0;459.0;891.0;651.0;332.0;1015.0;423.0;1056.0;1057.0;484.0;999.0;840.0;807.0;960.0;1038.0;524.0;297.0;424.0;536.0;461.0;407.0;567.0
