Vehicle:
Average speed:;1244
Time limit:;337.512
Fuel comsumption rate:;1
Fuel Capacity:;8438
Depot:
ID;X;Y;Service Time
0;769;259;0
Customers:
ID;X;Y;Service Time
1;91;377;9.14706
3;816;567;9.14706
4;725;520;9.14706
5;117;357;9.14706
6;766;559;9.14706
7;90;417;9.14706
8;255;430;9.14706
9;63;384;9.14706
10;35;276;9.14706
13;267;348;9.14706
14;937;546;9.14706
15;865;461;9.14706
16;863;547;9.14706
18;148;144;9.14706
19;243;571;9.14706
20;871;512;9.14706
21;782;596;9.14706
22;77;272;9.14706
23;776;650;9.14706
24;166;371;9.14706
25;69;239;9.14706
26;972;607;9.14706
27;320;521;9.14706
28;91;434;9.14706
29;20;305;9.14706
30;81;271;9.14706
31;776;669;9.14706
32;830;553;9.14706
33;148;243;9.14706
34;160;202;9.14706
35;741;527;9.14706
36;877;561;9.14706
37;587;551;9.14706
38;808;435;9.14706
39;26;278;9.14706
40;58;394;9.14706
42;817;557;9.14706
43;165;367;9.14706
44;216;510;9.14706
45;124;330;9.14706
47;132;369;9.14706
48;163;234;9.14706
49;915;492;9.14706
50;753;657;9.14706
51;161;319;9.14706
52;37;227;9.14706
53;898;747;9.14706
55;745;582;9.14706
57;124;355;9.14706
58;11;283;9.14706
59;258;406;9.14706
60;72;335;9.14706
62;866;626;9.14706
63;214;344;9.14706
64;213;349;9.14706
65;864;577;9.14706
66;98;440;9.14706
67;701;512;9.14706
68;884;559;9.14706
69;842;518;9.14706
70;125;379;9.14706
71;352;410;9.14706
73;825;592;9.14706
74;93;252;9.14706
75;863;511;9.14706
76;98;347;9.14706
77;115;326;9.14706
78;71;392;9.14706
79;96;248;9.14706
80;65;404;9.14706
81;75;342;9.14706
82;140;300;9.14706
85;846;696;9.14706
86;109;463;9.14706
87;863;586;9.14706
89;77;351;9.14706
90;154;322;9.14706
91;231;323;9.14706
92;115;394;9.14706
93;844;558;9.14706
94;98;454;9.14706
95;739;568;9.14706
96;179;443;9.14706
97;862;618;9.14706
98;764;764;9.14706
99;844;554;9.14706
100;174;319;9.14706
102;151;453;9.14706
103;863;569;9.14706
104;72;473;9.14706
105;632;575;9.14706
106;823;578;9.14706
107;26;42;9.14706
109;71;336;9.14706
111;137;465;9.14706
112;80;355;9.14706
114;28;310;9.14706
115;754;579;9.14706
116;531;662;9.14706
117;87;382;9.14706
118;866;481;9.14706
119;93;337;9.14706
120;942;567;9.14706
121;788;567;9.14706
122;824;451;9.14706
124;182;500;9.14706
125;98;384;9.14706
126;104;370;9.14706
127;48;462;9.14706
128;952;629;9.14706
129;239;324;9.14706
130;138;516;9.14706
131;747;605;9.14706
132;136;460;9.14706
133;748;624;9.14706
134;43;268;9.14706
135;792;597;9.14706
136;95;352;9.14706
137;109;413;9.14706
138;67;224;9.14706
139;104;386;9.14706
140;817;672;9.14706
142;922;652;9.14706
144;863;721;9.14706
145;40;456;9.14706
146;66;395;9.14706
147;862;465;9.14706
148;383;357;9.14706
149;307;434;9.14706
150;233;421;9.14706
151;329;280;9.14706
152;623;554;9.14706
153;103;349;9.14706
154;736;688;9.14706
155;75;266;9.14706
156;174;406;9.14706
AFSs:
ID;X;Y;Service Time
2;108;338;62.2
11;122;318;62.2
12;85;322;62.2
17;724;431;62.2
41;755;444;62.2
46;96;587;62.2
54;770;524;62.2
56;695;469;62.2
61;713;399;62.2
72;206;228;62.2
83;129;340;62.2
84;129;273;62.2
88;139;356;62.2
101;703;319;62.2
108;47;381;62.2
110;754;484;62.2
113;172;296;62.2
123;926;901;62.2
141;183;360;62.2
143;779;419;62.2
Distance matrix:
;0;1;2;3;4;5;6;7;8;9;10;11;12;13;14;15;16;17;18;19;20;21;22;23;24;25;26;27;28;29;30;31;32;33;34;35;36;37;38;39;40;41;42;43;44;45;46;47;48;49;50;51;52;53;54;55;56;57;58;59;60;61;62;63;64;65;66;67;68;69;70;71;72;73;74;75;76;77;78;79;80;81;82;83;84;85;86;87;88;89;90;91;92;93;94;95;96;97;98;99;100;101;102;103;104;105;106;107;108;109;110;111;112;113;114;115;116;117;118;119;120;121;122;123;124;125;126;127;128;129;130;131;132;133;134;135;136;137;138;139;140;141;142;143;144;145;146;147;148;149;150;151;152;153;154;155;156
0;0.0;688.0;666.0;312.0;265.0;659.0;300.0;697.0;542.0;717.0;734.0;650.0;687.0;510.0;333.0;224.0;303.0;178.0;632.0;612.0;273.0;337.0;692.0;391.0;613.0;700.0;403.0;520.0;700.0;750.0;688.0;410.0;300.0;621.0;612.0;269.0;321.0;344.0;180.0;743.0;724.0;186.0;302.0;614.0;607.0;649.0;749.0;646.0;607.0;275.0;398.0;611.0;733.0;505.0;265.0;324.0;223.0;652.0;758.0;532.0;701.0;151.0;380.0;561.0;563.0;332.0;695.0;262.0;321.0;269.0;655.0;443.0;564.0;338.0;676.0;269.0;677.0;657.0;711.0;673.0;719.0;699.0;630.0;645.0;640.0;444.0;691.0;340.0;637.0;698.0;618.0;542.0;668.0;308.0;699.0;310.0;618.0;371.0;505.0;304.0;598.0;89.0;648.0;324.0;729.0;344.0;324.0;774.0;732.0;702.0;225.0;665.0;696.0;598.0;743.0;320.0;468.0;693.0;242.0;680.0;353.0;309.0;200.0;661.0;635.0;683.0;674.0;749.0;413.0;534.0;681.0;347.0;664.0;366.0;726.0;339.0;680.0;678.0;703.0;677.0;416.0;595.0;422.0;160.0;471.0;755.0;716.0;226.0;398.0;494.0;560.0;441.0;329.0;672.0;430.0;694.0;613.0
1;688.0;0.0;43.0;749.0;650.0;33.0;699.0;40.0;172.0;29.0;115.0;67.0;55.0;178.0;863.0;779.0;790.0;635.0;240.0;246.0;792.0;725.0;106.0;737.0;75.0;140.0;911.0;271.0;57.0;101.0;106.0;745.0;760.0;146.0;188.0;667.0;807.0;526.0;719.0;118.0;37.0;667.0;748.0;75.0;183.0;57.0;210.0;42.0;160.0;832.0;719.0;91.0;159.0;888.0;695.0;685.0;611.0;40.0;123.0;169.0;46.0;622.0;814.0;127.0;125.0;798.0;63.0;625.0;814.0;764.0;34.0;263.0;188.0;765.0;125.0;784.0;31.0;56.0;25.0;129.0;37.0;38.0;91.0;53.0;111.0;820.0;88.0;800.0;52.0;30.0;84.0;150.0;29.0;774.0;77.0;676.0;110.0;808.0;776.0;774.0;101.0;615.0;97.0;796.0;98.0;576.0;759.0;341.0;44.0;46.0;672.0;99.0;25.0;115.0;92.0;693.0;524.0;6.0;782.0;40.0;872.0;722.0;737.0;986.0;153.0;10.0;15.0;95.0;897.0;157.0;147.0;694.0;94.0;702.0;119.0;735.0;25.0;40.0;155.0;16.0;784.0;94.0;875.0;689.0;845.0;94.0;31.0;776.0;293.0;223.0;149.0;257.0;561.0;30.0;716.0;112.0;88.0
2;666.0;43.0;0.0;744.0;643.0;21.0;694.0;81.0;173.0;64.0;96.0;24.0;28.0;159.0;855.0;767.0;783.0;623.0;198.0;269.0;783.0;722.0;73.0;737.0;67.0;106.0;905.0;280.0;97.0;94.0;72.0;746.0;753.0;103.0;146.0;661.0;801.0;524.0;707.0;102.0;75.0;656.0;742.0;64.0;203.0;18.0;249.0;39.0;118.0;822.0;720.0;56.0;132.0;890.0;688.0;682.0;601.0;23.0;112.0;165.0;36.0;608.0;811.0;106.0;106.0;793.0;102.0;618.0;807.0;756.0;44.0;254.0;147.0;761.0;87.0;775.0;13.0;14.0;65.0;91.0;79.0;33.0;50.0;21.0;68.0;820.0;125.0;795.0;36.0;34.0;49.0;124.0;56.0;768.0;116.0;672.0;127.0;804.0;782.0;767.0;69.0;595.0;123.0;790.0;140.0;575.0;754.0;307.0;75.0;37.0;662.0;130.0;33.0;77.0;85.0;689.0;533.0;49.0;771.0;15.0;865.0;718.0;725.0;993.0;178.0;47.0;32.0;138.0;893.0;132.0;181.0;693.0;125.0;701.0;96.0;731.0;19.0;75.0;121.0;48.0;784.0;78.0;872.0;676.0;847.0;136.0;71.0;765.0;276.0;221.0;150.0;228.0;558.0;12.0;719.0;79.0;95.0
3;312.0;749.0;744.0;0.0;102.0;730.0;51.0;741.0;577.0;775.0;833.0;737.0;771.0;591.0;123.0;117.0;51.0;164.0;791.0;573.0;78.0;45.0;796.0;92.0;679.0;816.0;161.0;498.0;737.0;838.0;792.0;110.0;20.0;742.0;751.0;85.0;61.0;230.0;132.0;841.0;777.0;137.0;10.0;681.0;603.0;731.0;720.0;712.0;733.0;124.0;110.0;700.0;850.0;198.0;63.0;73.0;156.0;724.0;854.0;581.0;779.0;197.0;77.0;642.0;641.0;49.0;729.0;127.0;68.0;55.0;716.0;490.0;698.0;27.0;789.0;73.0;751.0;741.0;765.0;788.0;768.0;774.0;727.0;724.0;747.0;132.0;715.0;51.0;709.0;770.0;706.0;634.0;722.0;29.0;727.0;77.0;649.0;69.0;204.0;31.0;688.0;273.0;675.0;47.0;750.0;184.0;13.0;949.0;791.0;780.0;104.0;687.0;766.0;699.0;829.0;63.0;300.0;752.0;99.0;759.0;126.0;28.0;116.0;352.0;638.0;741.0;739.0;775.0;149.0;626.0;680.0;79.0;688.0;89.0;829.0;38.0;752.0;724.0;824.0;735.0;105.0;666.0;136.0;153.0;161.0;784.0;769.0;112.0;481.0;526.0;601.0;565.0;193.0;746.0;145.0;800.0;662.0
4;265.0;650.0;643.0;102.0;0.0;629.0;57.0;643.0;479.0;676.0;732.0;636.0;670.0;489.0;214.0;152.0;141.0;89.0;689.0;485.0;146.0;95.0;694.0;140.0;579.0;714.0;262.0;405.0;640.0;737.0;690.0;157.0;110.0;640.0;648.0;17.0;157.0;141.0;119.0;740.0;679.0;82.0;99.0;581.0;509.0;630.0;633.0;612.0;631.0;192.0;140.0;599.0;748.0;285.0;45.0;65.0;59.0;623.0;752.0;481.0;679.0;122.0;176.0;540.0;540.0;150.0;632.0;25.0;164.0;117.0;616.0;389.0;596.0;123.0;686.0;138.0;650.0;640.0;666.0;685.0;670.0;674.0;625.0;623.0;645.0;214.0;619.0;153.0;609.0;670.0;604.0;532.0;623.0;125.0;630.0;50.0;551.0;168.0;247.0;124.0;587.0;202.0;578.0;146.0;655.0;108.0;114.0;847.0;692.0;679.0;46.0;591.0;666.0;597.0;728.0;66.0;240.0;653.0;146.0;658.0;222.0;79.0;121.0;431.0;543.0;642.0;639.0;679.0;252.0;524.0;587.0;88.0;592.0;107.0;727.0;102.0;652.0;625.0;722.0;635.0;178.0;565.0;237.0;115.0;244.0;688.0;671.0;148.0;379.0;427.0;502.0;463.0;108.0;645.0;168.0;698.0;563.0
5;659.0;33.0;21.0;730.0;629.0;0.0;680.0;66.0;156.0;60.0;115.0;39.0;47.0;150.0;841.0;755.0;770.0;611.0;215.0;248.0;770.0;707.0;94.0;721.0;51.0;127.0;891.0;261.0;81.0;110.0;93.0;729.0;739.0;118.0;161.0;647.0;787.0;508.0;695.0;121.0;70.0;644.0;728.0;49.0;182.0;28.0;231.0;19.0;131.0;809.0;703.0;58.0;153.0;873.0;674.0;667.0;589.0;7.0;129.0;149.0;50.0;597.0;796.0;98.0;96.0;779.0;85.0;604.0;793.0;743.0;23.0;241.0;157.0;746.0;108.0;762.0;21.0;31.0;58.0;111.0;70.0;45.0;61.0;21.0;85.0;804.0;106.0;780.0;22.0;40.0;51.0;119.0;37.0;754.0;99.0;657.0;106.0;789.0;764.0;753.0;69.0;587.0;102.0;776.0;124.0;559.0;740.0;328.0;74.0;51.0;650.0;110.0;37.0;82.0;101.0;675.0;514.0;39.0;759.0;31.0;851.0;703.0;713.0;975.0;157.0;33.0;18.0;126.0;878.0;126.0;160.0;677.0;105.0;685.0;116.0;716.0;23.0;57.0;142.0;32.0;768.0;66.0;857.0;665.0;830.0;125.0;64.0;753.0;266.0;205.0;132.0;226.0;543.0;16.0;702.0;100.0;75.0
6;300.0;699.0;694.0;51.0;57.0;680.0;0.0;691.0;527.0;724.0;784.0;688.0;721.0;542.0;171.0;139.0;98.0;135.0;744.0;523.0;115.0;40.0;746.0;92.0;629.0;767.0;212.0;448.0;686.0;788.0;743.0;110.0;64.0;694.0;703.0;41.0;111.0;179.0;131.0;792.0;727.0;116.0;51.0;631.0;552.0;682.0;671.0;662.0;685.0;163.0;99.0;651.0;801.0;230.0;35.0;31.0;115.0;674.0;804.0;531.0;729.0;169.0;120.0;592.0;592.0;100.0;679.0;80.0;118.0;86.0;666.0;440.0;651.0;68.0;740.0;108.0;701.0;691.0;715.0;739.0;718.0;724.0;677.0;674.0;698.0;159.0;664.0;101.0;659.0;720.0;656.0;585.0;672.0;78.0;676.0;28.0;598.0;113.0;205.0;78.0;639.0;248.0;624.0;98.0;699.0;135.0;60.0;903.0;741.0;730.0;76.0;636.0;716.0;650.0;779.0;23.0;257.0;702.0;127.0;709.0;176.0;23.0;123.0;378.0;587.0;691.0;688.0;725.0;199.0;577.0;629.0;50.0;638.0;67.0;779.0;46.0;702.0;673.0;775.0;684.0;124.0;616.0;182.0;141.0;189.0;733.0;719.0;134.0;433.0;476.0;551.0;518.0;143.0;695.0;132.0;751.0;611.0
7;697.0;40.0;81.0;741.0;643.0;66.0;691.0;0.0;166.0;43.0;151.0;104.0;95.0;190.0;857.0;776.0;784.0;634.0;279.0;217.0;787.0;715.0;146.0;724.0;89.0;179.0;902.0;252.0;17.0;132.0;146.0;731.0;752.0;183.0;226.0;660.0;800.0;515.0;718.0;153.0;39.0;666.0;740.0;90.0;157.0;93.0;170.0;64.0;197.0;828.0;705.0;121.0;197.0;873.0;688.0;675.0;607.0;71.0;156.0;168.0;84.0;623.0;804.0;144.0;141.0;790.0;24.0;618.0;807.0;759.0;52.0;262.0;222.0;756.0;165.0;779.0;70.0;94.0;31.0;169.0;28.0;76.0;127.0;86.0;149.0;806.0;50.0;791.0;78.0;67.0;115.0;169.0;34.0;767.0;38.0;666.0;93.0;798.0;758.0;766.0;129.0;621.0;71.0;788.0;59.0;565.0;750.0;380.0;56.0;83.0;667.0;67.0;63.0;146.0;124.0;683.0;504.0;35.0;779.0;80.0;865.0;714.0;735.0;966.0;124.0;34.0;49.0;62.0;888.0;176.0;110.0;683.0;63.0;690.0;156.0;725.0;65.0;19.0;194.0;34.0;770.0;109.0;865.0;689.0;831.0;63.0;33.0;773.0;299.0;218.0;143.0;275.0;550.0;69.0;701.0;152.0;85.0
8;542.0;172.0;173.0;577.0;479.0;156.0;527.0;166.0;0.0;197.0;269.0;174.0;201.0;83.0;692.0;611.0;619.0;469.0;305.0;142.0;621.0;553.0;238.0;566.0;107.0;267.0;739.0;112.0;164.0;266.0;236.0;573.0;588.0;215.0;247.0;496.0;636.0;353.0;553.0;275.0;200.0;500.0;576.0;110.0;89.0;165.0;223.0;137.0;217.0;663.0;547.0;145.0;298.0;717.0;524.0;513.0;442.0;151.0;285.0;24.0;206.0;459.0;642.0;95.0;91.0;626.0;157.0;453.0;642.0;594.0;140.0;99.0;208.0;593.0;241.0;613.0;178.0;174.0;188.0;242.0;192.0;200.0;174.0;155.0;201.0;648.0;150.0;628.0;138.0;195.0;148.0;110.0;145.0;603.0;159.0;503.0;77.0;635.0;609.0;602.0;137.0;462.0;107.0;624.0;188.0;404.0;587.0;451.0;214.0;207.0;502.0;123.0;190.0;158.0;257.0;521.0;361.0;175.0;613.0;187.0;701.0;550.0;569.0;820.0;101.0;164.0;162.0;209.0;725.0;107.0;145.0;522.0;123.0;530.0;267.0;562.0;178.0;147.0;279.0;157.0;612.0;100.0;703.0;524.0;674.0;217.0;192.0;608.0;147.0;52.0;24.0;167.0;388.0;172.0;546.0;244.0;84.0
9;717.0;29.0;64.0;775.0;676.0;60.0;724.0;43.0;197.0;0.0;112.0;89.0;66.0;207.0;889.0;806.0;816.0;663.0;255.0;260.0;818.0;750.0;113.0;761.0;104.0;145.0;936.0;291.0;57.0;90.0;114.0;768.0;785.0;165.0;206.0;693.0;833.0;550.0;747.0;112.0;11.0;695.0;774.0;103.0;198.0;81.0;206.0;71.0;180.0;859.0;742.0;118.0;159.0;910.0;721.0;710.0;638.0;68.0;114.0;196.0;50.0;650.0;839.0;156.0;154.0;824.0;66.0;651.0;839.0;790.0;62.0;290.0;212.0;790.0;135.0;810.0;51.0;78.0;11.0;140.0;20.0;44.0;114.0;79.0;129.0;843.0;91.0;825.0;81.0;36.0;110.0;179.0;53.0;800.0;78.0;701.0;130.0;833.0;797.0;799.0;129.0;643.0;112.0;821.0;89.0;600.0;784.0;344.0;16.0;49.0;698.0;110.0;34.0;140.0;82.0;718.0;544.0;24.0;809.0;56.0;898.0;748.0;764.0;1006.0;166.0;35.0;43.0;79.0;922.0;186.0;152.0;719.0;105.0;726.0;118.0;759.0;45.0;54.0;160.0;41.0;807.0;122.0;900.0;717.0;868.0;76.0;11.0;803.0;321.0;249.0;174.0;286.0;585.0;53.0;738.0;119.0;113.0
10;734.0;115.0;96.0;833.0;732.0;115.0;784.0;151.0;269.0;112.0;0.0;97.0;68.0;243.0;942.0;850.0;871.0;706.0;174.0;361.0;869.0;813.0;42.0;830.0;162.0;50.0;994.0;376.0;168.0;33.0;46.0;839.0;842.0;118.0;145.0;749.0;889.0;617.0;789.0;9.0;120.0;739.0;831.0;159.0;296.0;104.0;317.0;134.0;135.0;906.0;813.0;133.0;49.0;983.0;776.0;773.0;688.0;119.0;25.0;258.0;70.0;689.0;902.0;191.0;192.0;882.0;176.0;707.0;895.0;843.0;137.0;344.0;178.0;851.0;63.0;861.0;95.0;94.0;121.0;67.0;131.0;77.0;108.0;114.0;94.0;913.0;201.0;884.0;131.0;86.0;128.0;202.0;143.0;857.0;189.0;762.0;221.0;895.0;877.0;855.0;145.0;669.0;212.0;878.0;200.0;668.0;844.0;234.0;106.0;70.0;748.0;215.0;91.0;138.0;35.0;780.0;628.0;118.0;856.0;84.0;953.0;807.0;808.0;1088.0;268.0;125.0;117.0;186.0;983.0;210.0;261.0;784.0;210.0;793.0;11.0;822.0;97.0;156.0;61.0;130.0;877.0;170.0;963.0;758.0;940.0;180.0;123.0;848.0;357.0;315.0;245.0;294.0;650.0;100.0;813.0;41.0;190.0
11;650.0;67.0;24.0;737.0;636.0;39.0;688.0;104.0;174.0;89.0;97.0;0.0;37.0;148.0;846.0;757.0;776.0;613.0;176.0;280.0;774.0;716.0;64.0;733.0;69.0;95.0;898.0;284.0;120.0;103.0;62.0;742.0;746.0;79.0;122.0;653.0;793.0;520.0;696.0;104.0;99.0;645.0;735.0;65.0;214.0;12.0;270.0;52.0;93.0;812.0;716.0;39.0;125.0;887.0;680.0;677.0;593.0;37.0;116.0;162.0;53.0;597.0;805.0;96.0;96.0;786.0;124.0;611.0;799.0;747.0;61.0;248.0;123.0;755.0;72.0;766.0;38.0;11.0;90.0;75.0;103.0;53.0;25.0;23.0;46.0;817.0;146.0;788.0;42.0;56.0;32.0;109.0;76.0;761.0;138.0;666.0;137.0;798.0;782.0;760.0;52.0;581.0;138.0;782.0;163.0;571.0;748.0;292.0;98.0;54.0;653.0;148.0;56.0;55.0;94.0;684.0;534.0;73.0;762.0;35.0;857.0;711.0;714.0;993.0;192.0;70.0;55.0;162.0;886.0;117.0;199.0;688.0;143.0;697.0;93.0;726.0;43.0;96.0;109.0;70.0;780.0;74.0;867.0;665.0;843.0;161.0;95.0;754.0;264.0;218.0;151.0;210.0;554.0;36.0;717.0;70.0;102.0
12;687.0;55.0;28.0;771.0;670.0;47.0;721.0;95.0;201.0;66.0;68.0;37.0;0.0;184.0;881.0;792.0;810.0;648.0;189.0;295.0;809.0;749.0;51.0;765.0;95.0;85.0;932.0;308.0;112.0;67.0;51.0;773.0;780.0;101.0;142.0;687.0;827.0;552.0;732.0;74.0;77.0;681.0;769.0;92.0;229.0;40.0;265.0;66.0;118.0;847.0;747.0;76.0;106.0;917.0;714.0;709.0;627.0;51.0;84.0;192.0;18.0;633.0;838.0;131.0;131.0;820.0;119.0;645.0;833.0;782.0;70.0;281.0;153.0;788.0;70.0;801.0;28.0;30.0;71.0;75.0;84.0;22.0;59.0;48.0;66.0;848.0;143.0;822.0;64.0;30.0;69.0;146.0;78.0;795.0;133.0;699.0;153.0;831.0;810.0;794.0;89.0;618.0;147.0;816.0;152.0;603.0;781.0;286.0;70.0;20.0;688.0;152.0;33.0;91.0;58.0;717.0;561.0;60.0;797.0;17.0;891.0;744.0;750.0;1021.0;203.0;63.0;52.0;145.0;920.0;154.0;201.0;720.0;147.0;729.0;68.0;759.0;32.0;94.0;100.0;67.0;811.0;105.0;900.0;701.0;874.0;141.0;75.0;790.0;300.0;249.0;178.0;248.0;586.0;32.0;747.0;57.0;122.0
13;510.0;178.0;159.0;591.0;489.0;150.0;542.0;190.0;83.0;207.0;243.0;148.0;184.0;0.0;699.0;609.0;628.0;464.0;236.0;224.0;626.0;572.0;205.0;592.0;104.0;226.0;751.0;181.0;196.0;251.0;201.0;602.0;599.0;159.0;181.0;507.0;646.0;379.0;548.0;251.0;214.0;497.0;588.0;104.0;170.0;144.0;294.0;137.0;154.0;664.0;576.0;110.0;260.0;747.0;533.0;532.0;445.0;143.0;264.0;59.0;195.0;449.0;660.0;53.0;54.0;639.0;192.0;464.0;652.0;600.0;145.0;105.0;135.0;609.0;199.0;618.0;169.0;154.0;201.0;198.0;210.0;192.0;136.0;138.0;157.0;676.0;195.0;642.0;128.0;190.0;116.0;44.0;159.0;614.0;199.0;521.0;129.0;653.0;648.0;613.0;97.0;437.0;156.0;636.0;232.0;430.0;602.0;390.0;222.0;196.0;506.0;175.0;187.0;108.0;242.0;539.0;410.0;183.0;614.0;174.0;710.0;565.0;566.0;860.0;174.0;173.0;164.0;247.0;740.0;37.0;212.0;544.0;172.0;555.0;238.0;581.0;172.0;171.0;235.0;167.0;638.0;85.0;722.0;517.0;703.0;251.0;206.0;606.0;116.0;95.0;81.0;92.0;411.0;164.0;579.0;209.0;110.0
14;333.0;863.0;855.0;123.0;214.0;841.0;171.0;857.0;692.0;889.0;942.0;846.0;881.0;699.0;0.0;111.0;74.0;242.0;886.0;694.0;74.0;163.0;903.0;192.0;791.0;921.0;70.0;618.0;853.0;948.0;899.0;203.0;107.0;845.0;850.0;197.0;62.0;350.0;170.0;950.0;892.0;209.0;121.0;792.0;722.0;841.0;842.0;824.0;835.0;58.0;215.0;809.0;955.0;205.0;168.0;195.0;254.0;835.0;963.0;693.0;890.0;268.0;107.0;751.0;750.0;79.0;846.0;238.0;55.0;99.0;829.0;601.0;797.0;121.0;894.0;82.0;862.0;851.0;880.0;892.0;883.0;886.0;834.0;834.0;853.0;175.0;832.0;84.0;820.0;882.0;814.0;740.0;836.0;94.0;844.0;199.0;765.0;104.0;278.0;93.0;796.0;326.0;791.0;77.0;868.0;306.0;118.0;1041.0;905.0;891.0;193.0;804.0;878.0;805.0;939.0;186.0;422.0;866.0;96.0;869.0;22.0;150.0;148.0;355.0;756.0;854.0;851.0;893.0;84.0;732.0;800.0;199.0;806.0;204.0;936.0;154.0;864.0;839.0;928.0;848.0;174.0;777.0;107.0;203.0;190.0;902.0;884.0;110.0;585.0;640.0;715.0;664.0;314.0;857.0;246.0;906.0;776.0
15;224.0;779.0;767.0;117.0;152.0;755.0;139.0;776.0;611.0;806.0;850.0;757.0;792.0;609.0;111.0;0.0;86.0;144.0;784.0;632.0;51.0;158.0;810.0;209.0;705.0;826.0;181.0;548.0;774.0;859.0;807.0;226.0;98.0;749.0;751.0;140.0;101.0;292.0;63.0;859.0;810.0;111.0;107.0;706.0;651.0;752.0;779.0;739.0;738.0;59.0;226.0;718.0;860.0;288.0;114.0;170.0;170.0;749.0;872.0;609.0;803.0;164.0;165.0;661.0;662.0;116.0;767.0;172.0;100.0;61.0;745.0;516.0;699.0;137.0;800.0;50.0;775.0;762.0;797.0;798.0;802.0;799.0;743.0;746.0;760.0;236.0;756.0;125.0;734.0;796.0;724.0;649.0;753.0;99.0;767.0;165.0;686.0;157.0;319.0;95.0;705.0;215.0;714.0;108.0;793.0;259.0;124.0;938.0;822.0;804.0;113.0;728.0;792.0;712.0;851.0;162.0;390.0;782.0;20.0;782.0;131.0;131.0;42.0;444.0;684.0;771.0;766.0;817.0;189.0;641.0;729.0;186.0;729.0;201.0;844.0;154.0;778.0;758.0;832.0;765.0;216.0;689.0;199.0;96.0;260.0;825.0;802.0;5.0;493.0;559.0;633.0;566.0;259.0;770.0;261.0;814.0;693.0
16;303.0;790.0;783.0;51.0;141.0;770.0;98.0;784.0;619.0;816.0;871.0;776.0;810.0;628.0;74.0;86.0;0.0;181.0;821.0;620.0;36.0;95.0;833.0;135.0;719.0;852.0;124.0;544.0;780.0;877.0;829.0;150.0;34.0;777.0;783.0;124.0;20.0;276.0;125.0;879.0;819.0;149.0;47.0;721.0;648.0;770.0;768.0;752.0;767.0;76.0;156.0;738.0;886.0;203.0;96.0;123.0;185.0;764.0;892.0;621.0;819.0;211.0;79.0;680.0;679.0;30.0;772.0;166.0;24.0;36.0;757.0;529.0;730.0;59.0;825.0;36.0;791.0;780.0;807.0;823.0;811.0;814.0;764.0;763.0;783.0;150.0;759.0;39.0;749.0;810.0;744.0;671.0;763.0;22.0;771.0;126.0;692.0;71.0;239.0;20.0;726.0;279.0;718.0;22.0;794.0;233.0;51.0;978.0;833.0;820.0;126.0;731.0;806.0;735.0;868.0;114.0;351.0;793.0;66.0;798.0;81.0;78.0;104.0;360.0;683.0;782.0;779.0;819.0;121.0;663.0;726.0;130.0;732.0;138.0;866.0;87.0;792.0;766.0;859.0;776.0;133.0;705.0;120.0;153.0;174.0;828.0;811.0;82.0;516.0;567.0;642.0;597.0;240.0;785.0;190.0;837.0;703.0
17;178.0;635.0;623.0;164.0;89.0;611.0;135.0;634.0;469.0;663.0;706.0;613.0;648.0;464.0;242.0;144.0;181.0;0.0;644.0;501.0;168.0;175.0;666.0;225.0;561.0;683.0;304.0;414.0;633.0;715.0;663.0;244.0;162.0;606.0;609.0;97.0;201.0;182.0;84.0;715.0;667.0;34.0;157.0;563.0;514.0;608.0;647.0;595.0;595.0;201.0;228.0;574.0;717.0;361.0;104.0;152.0;48.0;605.0;728.0;467.0;659.0;34.0;241.0;517.0;518.0;202.0;626.0;84.0;205.0;147.0;601.0;373.0;556.0;190.0;656.0;160.0;632.0;618.0;654.0;654.0;660.0;655.0;599.0;602.0;616.0;292.0;616.0;208.0;590.0;652.0;580.0;505.0;610.0;175.0;626.0;138.0;545.0;232.0;335.0;172.0;561.0;114.0;573.0;196.0;653.0;171.0;177.0;799.0;679.0;660.0;61.0;588.0;648.0;568.0;706.0;151.0;301.0;639.0;151.0;638.0;257.0;150.0;102.0;512.0;546.0;628.0;623.0;677.0;302.0;497.0;592.0;176.0;589.0;194.0;700.0;179.0;634.0;615.0;689.0;622.0;258.0;546.0;297.0;56.0;322.0;684.0;659.0;142.0;349.0;417.0;491.0;423.0;159.0;626.0;257.0;670.0;551.0
18;632.0;240.0;198.0;791.0;689.0;215.0;744.0;279.0;305.0;255.0;174.0;176.0;189.0;236.0;886.0;784.0;821.0;644.0;0.0;437.0;811.0;779.0;146.0;806.0;228.0;124.0;945.0;414.0;296.0;206.0;144.0;819.0;795.0;99.0;59.0;706.0;840.0;599.0;721.0;181.0;266.0;677.0;786.0;224.0;372.0;188.0;446.0;226.0;91.0;842.0;793.0;175.0;139.0;962.0;729.0;740.0;636.0;212.0;195.0;284.0;206.0;620.0;865.0;211.0;215.0;837.0;300.0;664.0;845.0;788.0;236.0;335.0;102.0;812.0;121.0;804.0;209.0;185.0;260.0;116.0;273.0;211.0;156.0;197.0;130.0;890.0;321.0;841.0;212.0;219.0;178.0;197.0;252.0;810.0;314.0;727.0;301.0;857.0;874.0;808.0;177.0;582.0;309.0;832.0;338.0;648.0;802.0;159.0;258.0;207.0;695.0;321.0;222.0;154.0;205.0;746.0;644.0;246.0;793.0;201.0;900.0;767.0;742.0;1086.0;358.0;245.0;230.0;333.0;939.0;202.0;372.0;756.0;316.0;768.0;162.0;787.0;215.0;272.0;114.0;246.0;852.0;219.0;926.0;688.0;919.0;330.0;264.0;783.0;317.0;331.0;290.0;226.0;627.0;210.0;801.0;142.0;263.0
19;612.0;246.0;269.0;573.0;485.0;248.0;523.0;217.0;142.0;260.0;361.0;280.0;295.0;224.0;694.0;632.0;620.0;501.0;437.0;0.0;631.0;540.0;342.0;539.0;214.0;375.0;730.0;92.0;205.0;347.0;341.0;542.0;587.0;341.0;378.0;500.0;634.0;345.0;581.0;365.0;256.0;528.0;574.0;218.0;67.0;269.0;148.0;230.0;346.0;677.0;517.0;265.0;401.0;678.0;529.0;502.0;463.0;247.0;370.0;166.0;291.0;500.0;625.0;229.0;224.0;621.0;195.0;462.0;641.0;601.0;225.0;194.0;345.0;582.0;353.0;623.0;267.0;276.0;248.0;355.0;244.0;284.0;290.0;258.0;319.0;616.0;172.0;620.0;239.0;276.0;264.0;248.0;218.0;601.0;186.0;496.0;143.0;621.0;556.0;601.0;261.0;525.0;150.0;620.0;197.0;389.0;580.0;572.0;273.0;291.0;518.0;150.0;271.0;284.0;338.0;511.0;302.0;245.0;629.0;278.0;699.0;545.0;593.0;759.0;94.0;237.0;244.0;223.0;711.0;247.0;119.0;505.0;154.0;508.0;363.0;550.0;264.0;207.0;389.0;231.0;583.0;219.0;684.0;557.0;638.0;233.0;250.0;628.0;256.0;151.0;150.0;303.0;380.0;262.0;507.0;348.0;179.0
20;273.0;792.0;783.0;78.0;146.0;770.0;115.0;787.0;621.0;818.0;869.0;774.0;809.0;626.0;74.0;51.0;36.0;168.0;811.0;631.0;0.0;122.0;829.0;168.0;719.0;847.0;139.0;551.0;784.0;876.0;826.0;184.0;58.0;771.0;776.0;131.0;49.0;287.0;99.0;877.0;822.0;134.0;70.0;721.0;655.0;769.0;779.0;753.0;761.0;48.0;187.0;736.0;881.0;237.0;102.0;144.0;181.0;763.0;890.0;622.0;818.0;194.0;114.0;678.0;678.0;65.0;776.0;170.0;49.0;30.0;758.0;529.0;723.0;92.0;820.0;8.0;790.0;779.0;809.0;819.0;813.0;814.0;761.0;762.0;780.0;186.0;764.0;74.0;748.0;810.0;742.0;667.0;765.0;53.0;775.0;143.0;695.0;106.0;274.0;50.0;723.0;256.0;722.0;58.0;800.0;247.0;82.0;967.0;834.0;819.0;120.0;736.0;806.0;732.0;867.0;135.0;372.0;795.0;31.0;797.0;90.0;100.0;77.0;393.0;689.0;784.0;780.0;825.0;142.0;659.0;733.0;155.0;737.0;166.0;863.0;116.0;792.0;768.0;854.0;777.0;169.0;705.0;149.0;131.0;209.0;833.0;813.0;48.0;512.0;569.0;644.0;590.0;252.0;785.0;222.0;833.0;705.0
21;337.0;725.0;722.0;45.0;95.0;707.0;40.0;715.0;553.0;750.0;813.0;716.0;749.0;572.0;163.0;158.0;95.0;175.0;779.0;540.0;122.0;0.0;776.0;54.0;656.0;797.0;190.0;468.0;710.0;816.0;773.0;73.0;64.0;726.0;736.0;80.0;101.0;200.0;163.0;820.0;752.0;154.0;52.0;658.0;572.0;710.0;686.0;688.0;717.0;169.0;68.0;680.0;831.0;190.0;73.0;40.0;154.0;701.0;832.0;557.0;756.0;209.0;89.0;621.0;620.0;84.0;702.0;117.0;109.0;98.0;692.0;469.0;684.0;43.0;770.0;117.0;728.0;720.0;740.0;769.0;742.0;751.0;707.0;701.0;729.0;119.0;686.0;82.0;686.0;746.0;685.0;615.0;697.0;73.0;699.0;51.0;622.0;83.0;169.0;75.0;668.0;288.0;647.0;85.0;721.0;151.0;45.0;937.0;766.0;757.0;115.0;658.0;742.0;680.0;806.0;33.0;260.0;727.0;142.0;736.0;163.0;30.0;151.0;337.0;608.0;716.0;715.0;746.0;173.0;607.0;649.0;36.0;660.0;44.0;809.0;10.0;729.0;697.0;806.0;710.0;84.0;644.0;151.0;177.0;149.0;755.0;744.0;153.0;465.0;502.0;576.0;552.0;164.0;723.0;103.0;780.0;637.0
22;692.0;106.0;73.0;796.0;694.0;94.0;746.0;146.0;238.0;113.0;42.0;64.0;51.0;205.0;903.0;810.0;833.0;666.0;146.0;342.0;829.0;776.0;0.0;795.0;133.0;34.0;956.0;348.0;163.0;66.0;4.0;804.0;804.0;77.0;109.0;711.0;851.0;581.0;749.0;51.0;123.0;699.0;793.0;129.0;276.0;75.0;316.0;112.0;94.0;866.0;778.0;96.0;60.0;949.0;737.0;736.0;649.0;95.0;67.0;225.0;63.0;649.0;865.0;155.0;156.0;844.0;169.0;669.0;857.0;804.0;117.0;308.0;136.0;814.0;26.0;822.0;78.0;66.0;120.0;31.0;133.0;70.0;69.0;86.0;52.0;878.0;194.0;846.0;104.0;79.0;92.0;162.0;128.0;819.0;183.0;725.0;199.0;858.0;845.0;817.0;108.0;628.0;196.0;840.0;201.0;632.0;806.0;236.0;113.0;64.0;709.0;202.0;83.0;98.0;62.0;743.0;599.0;110.0;816.0;67.0;914.0;770.0;768.0;1057.0;251.0;114.0;102.0;192.0;945.0;170.0;252.0;748.0;197.0;758.0;34.0;785.0;82.0;145.0;49.0;117.0;841.0;138.0;927.0;717.0;905.0;188.0;123.0;808.0;318.0;281.0;216.0;252.0;615.0;81.0;779.0;6.0;165.0
23;391.0;737.0;737.0;92.0;140.0;721.0;92.0;724.0;566.0;761.0;830.0;733.0;765.0;592.0;192.0;209.0;135.0;225.0;806.0;539.0;168.0;54.0;795.0;0.0;671.0;818.0;201.0;474.0;718.0;831.0;792.0;19.0;111.0;748.0;762.0;128.0;135.0;213.0;217.0;837.0;762.0;207.0;102.0;673.0;577.0;726.0;683.0;703.0;741.0;210.0;24.0;698.0;851.0;156.0;126.0;75.0;198.0;716.0;848.0;573.0;771.0;259.0;93.0;640.0;638.0;114.0;710.0;157.0;141.0;148.0;705.0;487.0;709.0;76.0;791.0;164.0;743.0;736.0;751.0;790.0;752.0;766.0;726.0;717.0;749.0;84.0;693.0;108.0;702.0;760.0;703.0;636.0;709.0;114.0;706.0;90.0;632.0;92.0;115.0;118.0;687.0;339.0;655.0;119.0;726.0;162.0;86.0;965.0;777.0;772.0;167.0;665.0;756.0;700.0;822.0;74.0;245.0;739.0;191.0;751.0;186.0;84.0;205.0;292.0;613.0;728.0;728.0;752.0;177.0;628.0;652.0;54.0;668.0;38.0;827.0;55.0;743.0;708.0;827.0;722.0;47.0;660.0;146.0;231.0;112.0;761.0;754.0;204.0;490.0;516.0;589.0;580.0;181.0;737.0;55.0;799.0;650.0
24;613.0;75.0;67.0;679.0;579.0;51.0;629.0;89.0;107.0;104.0;162.0;69.0;95.0;104.0;791.0;705.0;719.0;561.0;228.0;214.0;719.0;656.0;133.0;671.0;0.0;164.0;840.0;215.0;98.0;160.0;131.0;679.0;688.0;129.0;169.0;596.0;736.0;458.0;645.0;168.0;110.0;594.0;677.0;4.0;148.0;59.0;227.0;34.0;137.0;759.0;653.0;52.0;193.0;823.0;623.0;616.0;538.0;45.0;178.0;98.0;101.0;548.0;745.0;55.0;52.0;728.0;97.0;553.0;742.0;692.0;42.0;190.0;148.0;695.0;140.0;711.0;72.0;68.0;97.0;142.0;106.0;96.0;76.0;48.0;105.0;754.0;108.0;729.0;31.0;91.0;50.0;81.0;56.0;703.0;107.0;606.0;73.0;739.0;716.0;702.0;53.0;540.0;83.0;725.0;139.0;509.0;689.0;358.0;119.0;101.0;599.0;98.0;87.0;75.0;151.0;624.0;467.0;80.0;709.0;81.0;800.0;652.0;663.0;927.0;130.0;69.0;62.0;149.0;827.0;87.0;148.0;626.0;94.0;635.0;160.0;666.0;73.0;71.0;177.0;64.0;717.0;20.0;807.0;615.0;780.0;152.0;103.0;702.0;217.0;154.0;84.0;187.0;492.0;67.0;652.0;139.0;36.0
25;700.0;140.0;106.0;816.0;714.0;127.0;767.0;179.0;267.0;145.0;50.0;95.0;85.0;226.0;921.0;826.0;852.0;683.0;124.0;375.0;847.0;797.0;34.0;818.0;164.0;0.0;975.0;378.0;196.0;82.0;34.0;827.0;823.0;79.0;98.0;731.0;870.0;605.0;765.0;58.0;155.0;716.0;813.0;160.0;308.0;106.0;349.0;144.0;94.0;883.0;802.0;122.0;34.0;972.0;757.0;758.0;667.0;128.0;73.0;252.0;96.0;664.0;886.0;179.0;181.0;864.0;203.0;688.0;876.0;822.0;151.0;331.0;137.0;834.0;27.0;839.0;112.0;98.0;153.0;28.0;165.0;103.0;94.0;117.0;69.0;901.0;228.0;867.0;136.0;112.0;119.0;182.0;162.0;838.0;217.0;746.0;232.0;879.0;871.0;837.0;132.0;639.0;229.0;860.0;234.0;656.0;827.0;202.0;144.0;97.0;727.0;236.0;117.0;118.0;82.0;765.0;626.0;144.0;833.0;101.0;933.0;790.0;784.0;1083.0;284.0;148.0;136.0;224.0;965.0;190.0;285.0;770.0;231.0;781.0;39.0;807.0;116.0;179.0;15.0;151.0;864.0;166.0;948.0;732.0;929.0;219.0;156.0;825.0;335.0;308.0;245.0;263.0;637.0;115.0;804.0;28.0;197.0
26;403.0;911.0;905.0;161.0;262.0;891.0;212.0;902.0;739.0;936.0;994.0;898.0;932.0;751.0;70.0;181.0;124.0;304.0;945.0;730.0;139.0;190.0;956.0;201.0;840.0;975.0;0.0;658.0;898.0;999.0;952.0;206.0;152.0;901.0;907.0;244.0;106.0;389.0;238.0;1002.0;938.0;271.0;163.0;842.0;762.0;892.0;876.0;873.0;891.0;128.0;225.0;861.0;1009.0;158.0;218.0;228.0;309.0;885.0;1014.0;742.0;940.0;332.0;108.0;802.0;802.0;112.0;890.0;287.0;100.0;158.0;877.0;651.0;855.0;148.0;948.0;145.0;912.0;902.0;926.0;947.0;929.0;935.0;887.0;884.0;907.0;154.0;875.0;111.0;870.0;931.0;866.0;794.0;883.0;137.0;887.0;236.0;810.0;111.0;261.0;139.0;848.0;394.0;835.0;115.0;910.0;342.0;152.0;1102.0;952.0;941.0;250.0;847.0;927.0;858.0;990.0;220.0;444.0;913.0;165.0;920.0;50.0;188.0;215.0;298.0;797.0;902.0;900.0;935.0;30.0;786.0;839.0;225.0;849.0;225.0;989.0;180.0;913.0;885.0;983.0;896.0;168.0;827.0;67.0;269.0;158.0;944.0;930.0;180.0;640.0;687.0;762.0;721.0;353.0;906.0;250.0;960.0;823.0
27;520.0;271.0;280.0;498.0;405.0;261.0;448.0;252.0;112.0;291.0;376.0;284.0;308.0;181.0;618.0;548.0;544.0;414.0;414.0;92.0;551.0;468.0;348.0;474.0;215.0;378.0;658.0;0.0;245.0;370.0;346.0;479.0;511.0;327.0;357.0;421.0;558.0;269.0;496.0;381.0;291.0;442.0;498.0;218.0;105.0;274.0;234.0;242.0;327.0;596.0;454.0;257.0;408.0;621.0;450.0;429.0;379.0;257.0;390.0;131.0;310.0;412.0;556.0;206.0;203.0;547.0;236.0;381.0;565.0;522.0;241.0;116.0;314.0;510.0;352.0;543.0;282.0;283.0;280.0;353.0;281.0;303.0;285.0;263.0;313.0;554.0;219.0;547.0;245.0;297.0;259.0;217.0;241.0;525.0;232.0;422.0;161.0;551.0;506.0;525.0;249.0;433.0;182.0;545.0;253.0;317.0;506.0;562.0;307.0;310.0;436.0;191.0;292.0;269.0;360.0;438.0;254.0;271.0;547.0;292.0;624.0;470.0;509.0;715.0;140.0;261.0;264.0;278.0;641.0;213.0;182.0;435.0;194.0;440.0;375.0;478.0;281.0;237.0;390.0;255.0;519.0;211.0;616.0;470.0;579.0;287.0;284.0;545.0;176.0;88.0;133.0;241.0;305.0;277.0;448.0;354.0;186.0
28;700.0;57.0;97.0;737.0;640.0;81.0;686.0;17.0;164.0;57.0;168.0;120.0;112.0;196.0;853.0;774.0;780.0;633.0;296.0;205.0;784.0;710.0;163.0;718.0;98.0;196.0;898.0;245.0;0.0;147.0;163.0;724.0;749.0;199.0;242.0;657.0;796.0;510.0;717.0;169.0;52.0;664.0;736.0;100.0;146.0;109.0;153.0;77.0;213.0;826.0;699.0;135.0;214.0;866.0;685.0;671.0;605.0;86.0;171.0;169.0;101.0;623.0;798.0;152.0;149.0;786.0;9.0;615.0;803.0;756.0;65.0;262.0;236.0;751.0;182.0;776.0;87.0;111.0;47.0;186.0;40.0;93.0;143.0;101.0;165.0;799.0;34.0;787.0;92.0;84.0;129.0;179.0;47.0;763.0;21.0;662.0;88.0;793.0;750.0;763.0;142.0;623.0;63.0;784.0;43.0;559.0;746.0;397.0;69.0;100.0;665.0;55.0;80.0;160.0;139.0;679.0;496.0;52.0;776.0;97.0;861.0;710.0;733.0;957.0;112.0;50.0;65.0;51.0;883.0;184.0;95.0;678.0;52.0;684.0;173.0;720.0;82.0;28.0;211.0;50.0;764.0;118.0;859.0;688.0;824.0;56.0;46.0;772.0;302.0;216.0;143.0;283.0;545.0;86.0;693.0;169.0;88.0
29;750.0;101.0;94.0;838.0;737.0;110.0;788.0;132.0;266.0;90.0;33.0;103.0;67.0;251.0;948.0;859.0;877.0;715.0;206.0;347.0;876.0;816.0;66.0;831.0;160.0;82.0;999.0;370.0;147.0;0.0;70.0;839.0;847.0;142.0;174.0;754.0;894.0;618.0;799.0;28.0;97.0;748.0;836.0;158.0;284.0;107.0;292.0;129.0;160.0;914.0;813.0;142.0;80.0;983.0;781.0;776.0;695.0;115.0;24.0;259.0;60.0;699.0;905.0;198.0;198.0;887.0;156.0;712.0;901.0;849.0;128.0;348.0;201.0;855.0;90.0;868.0;89.0;97.0;101.0;95.0;109.0;66.0;120.0;114.0;114.0;914.0;181.0;889.0;129.0;73.0;135.0;212.0;130.0;862.0;168.0;766.0;211.0;898.0;874.0;861.0;155.0;683.0;198.0;883.0;176.0;669.0;848.0;263.0;81.0;60.0;756.0;198.0;78.0;152.0;9.0;783.0;623.0;102.0;864.0;80.0;959.0;811.0;817.0;1084.0;254.0;111.0;106.0;159.0;987.0;220.0;242.0;786.0;194.0;795.0;44.0;825.0;89.0;140.0;94.0;117.0;877.0;172.0;966.0;768.0;940.0;152.0;101.0;857.0;367.0;315.0;243.0;310.0;652.0;94.0;812.0;67.0;184.0
30;688.0;106.0;72.0;792.0;690.0;93.0;743.0;146.0;236.0;114.0;46.0;62.0;51.0;201.0;899.0;807.0;829.0;663.0;144.0;341.0;826.0;773.0;4.0;792.0;131.0;34.0;952.0;346.0;163.0;70.0;0.0;801.0;800.0;73.0;105.0;708.0;847.0;578.0;745.0;55.0;125.0;696.0;790.0;128.0;274.0;73.0;316.0;110.0;90.0;863.0;775.0;93.0;62.0;946.0;734.0;733.0;645.0;94.0;71.0;223.0;65.0;645.0;862.0;152.0;153.0;841.0;170.0;665.0;853.0;800.0;117.0;305.0;132.0;810.0;22.0;818.0;78.0;65.0;121.0;27.0;134.0;71.0;66.0;84.0;48.0;875.0;194.0;843.0;103.0;80.0;89.0;159.0;128.0;815.0;184.0;722.0;198.0;855.0;842.0;814.0;105.0;624.0;195.0;837.0;202.0;629.0;803.0;236.0;115.0;66.0;706.0;202.0;84.0;94.0;66.0;740.0;596.0;111.0;813.0;67.0;910.0;766.0;764.0;1054.0;250.0;114.0;102.0;194.0;942.0;167.0;252.0;745.0;197.0;755.0;38.0;782.0;82.0;145.0;49.0;117.0;838.0;135.0;923.0;714.0;902.0;189.0;125.0;805.0;314.0;279.0;214.0;248.0;611.0;81.0;776.0;8.0;164.0
31;410.0;745.0;746.0;110.0;157.0;729.0;110.0;731.0;573.0;768.0;839.0;742.0;773.0;602.0;203.0;226.0;150.0;244.0;819.0;542.0;184.0;73.0;804.0;19.0;679.0;827.0;206.0;479.0;724.0;839.0;801.0;0.0;128.0;759.0;773.0;146.0;148.0;223.0;236.0;846.0;769.0;226.0;119.0;682.0;582.0;735.0;685.0;710.0;752.0;225.0;26.0;708.0;861.0;145.0;145.0;92.0;216.0;724.0;857.0;581.0;779.0;277.0;100.0;649.0;648.0;127.0;716.0;174.0;154.0;165.0;713.0;497.0;721.0;91.0;800.0;180.0;751.0;745.0;757.0;800.0;759.0;774.0;735.0;726.0;759.0;75.0;698.0;120.0;710.0;768.0;712.0;646.0;716.0;130.0;711.0;108.0;638.0;100.0;96.0;134.0;696.0;358.0;661.0;133.0;731.0;172.0;102.0;978.0;784.0;780.0;186.0;671.0;764.0;710.0;830.0;93.0;245.0;746.0;208.0;759.0;195.0;103.0;223.0;276.0;618.0;735.0;736.0;757.0;180.0;638.0;656.0;70.0;673.0;53.0;836.0;74.0;751.0;714.0;837.0;729.0;41.0;669.0;147.0;250.0;101.0;766.0;761.0;221.0;502.0;525.0;597.0;593.0;191.0;745.0;44.0;809.0;657.0
32;300.0;760.0;753.0;20.0;110.0;739.0;64.0;752.0;588.0;785.0;842.0;746.0;780.0;599.0;107.0;98.0;34.0;162.0;795.0;587.0;58.0;64.0;804.0;111.0;688.0;823.0;152.0;511.0;749.0;847.0;800.0;128.0;0.0;749.0;756.0;93.0;48.0;243.0;120.0;850.0;788.0;132.0;14.0;691.0;616.0;740.0;735.0;722.0;739.0;105.0;129.0;709.0;857.0;206.0;67.0;90.0;159.0;733.0;862.0;591.0;789.0;193.0;81.0;650.0;650.0;42.0;741.0;135.0;54.0;37.0;726.0;499.0;704.0;39.0;796.0;53.0;760.0;750.0;776.0;795.0;779.0;784.0;735.0;733.0;755.0;144.0;727.0;47.0;719.0;780.0;714.0;642.0;732.0;15.0;739.0;92.0;660.0;72.0;221.0;14.0;696.0;266.0;686.0;37.0;762.0;199.0;26.0;953.0;802.0;789.0;103.0;699.0;776.0;706.0;838.0;80.0;318.0;762.0;80.0;768.0;113.0;44.0;102.0;361.0;650.0;751.0;749.0;787.0;144.0;634.0;693.0;98.0;700.0;108.0;837.0;58.0;762.0;734.0;831.0;745.0;120.0;675.0;135.0;143.0;171.0;796.0;780.0;94.0;488.0;536.0;611.0;571.0;207.0;755.0;165.0;808.0;672.0
33;621.0;146.0;103.0;742.0;640.0;118.0;694.0;183.0;215.0;165.0;118.0;79.0;101.0;159.0;845.0;749.0;777.0;606.0;99.0;341.0;771.0;726.0;77.0;748.0;129.0;79.0;901.0;327.0;199.0;142.0;73.0;759.0;749.0;0.0;43.0;657.0;795.0;536.0;687.0;127.0;176.0;639.0;739.0;125.0;276.0;90.0;348.0;127.0;17.0;806.0;733.0;77.0;112.0;904.0;683.0;687.0;592.0;115.0;143.0;197.0;119.0;586.0;814.0;121.0;124.0;790.0;203.0;615.0;801.0;746.0;138.0;264.0;60.0;762.0;56.0;764.0;115.0;89.0;168.0;52.0;181.0;123.0;58.0;99.0;36.0;832.0;223.0;793.0;113.0;129.0;79.0;115.0;155.0;764.0;217.0;674.0;202.0;806.0;807.0;762.0;80.0;560.0;210.0;786.0;242.0;587.0;754.0;235.0;171.0;121.0;652.0;222.0;131.0;58.0;137.0;693.0;568.0;152.0;756.0;109.0;858.0;717.0;707.0;1019.0;259.0;150.0;134.0;241.0;892.0;122.0;273.0;700.0;217.0;711.0;108.0;735.0;121.0;174.0;83.0;150.0;795.0;122.0;875.0;655.0;860.0;239.0;173.0;748.0;261.0;249.0;197.0;185.0;568.0;115.0;737.0;77.0;165.0
34;612.0;188.0;146.0;751.0;648.0;161.0;703.0;226.0;247.0;206.0;145.0;122.0;142.0;181.0;850.0;751.0;783.0;609.0;59.0;378.0;776.0;736.0;109.0;762.0;169.0;98.0;907.0;357.0;242.0;174.0;105.0;773.0;756.0;43.0;0.0;666.0;802.0;551.0;689.0;154.0;217.0;642.0;747.0;165.0;313.0;133.0;390.0;169.0;32.0;809.0;747.0;117.0;126.0;917.0;690.0;698.0;598.0;157.0;170.0;226.0;159.0;587.0;824.0;152.0;156.0;798.0;246.0;624.0;807.0;752.0;180.0;283.0;53.0;771.0;84.0;768.0;158.0;132.0;210.0;79.0;223.0;164.0;100.0;141.0;77.0;845.0;266.0;801.0;155.0;171.0;120.0;140.0;197.0;771.0;260.0;685.0;242.0;816.0;825.0;769.0;118.0;555.0;251.0;793.0;285.0;602.0;762.0;209.0;212.0;161.0;658.0;264.0;173.0;95.0;171.0;704.0;591.0;194.0;759.0;151.0;863.0;726.0;709.0;1037.0;299.0;192.0;177.0;283.0;900.0;145.0;315.0;712.0;259.0;724.0;134.0;745.0;163.0;217.0;96.0;192.0;808.0;160.0;885.0;656.0;874.0;281.0;215.0;750.0;272.0;275.0;231.0;186.0;582.0;158.0;754.0;106.0;204.0
35;269.0;667.0;661.0;85.0;17.0;647.0;41.0;660.0;496.0;693.0;749.0;653.0;687.0;507.0;197.0;140.0;124.0;97.0;706.0;500.0;131.0;80.0;711.0;128.0;596.0;731.0;244.0;421.0;657.0;754.0;708.0;146.0;93.0;657.0;666.0;0.0;140.0;156.0;114.0;757.0;696.0;84.0;82.0;598.0;525.0;648.0;648.0;629.0;648.0;177.0;131.0;616.0;765.0;270.0;29.0;55.0;74.0;641.0;770.0;498.0;696.0;131.0;159.0;558.0;557.0;133.0;649.0;43.0;147.0;101.0;634.0;406.0;613.0;106.0;704.0;123.0;668.0;657.0;683.0;703.0;687.0;691.0;642.0;640.0;663.0;199.0;635.0;136.0;626.0;687.0;622.0;549.0;640.0;108.0;647.0;41.0;568.0;151.0;238.0;106.0;604.0;211.0;595.0;129.0;671.0;119.0;97.0;864.0;709.0;697.0;45.0;607.0;683.0;614.0;745.0;54.0;250.0;670.0;133.0;675.0;205.0;62.0;113.0;417.0;560.0;659.0;656.0;696.0;234.0;541.0;603.0;78.0;609.0;97.0;745.0;87.0;669.0;642.0;739.0;652.0;164.0;582.0;220.0;114.0;229.0;705.0;688.0;136.0;396.0;444.0;519.0;480.0;121.0;662.0;161.0;715.0;580.0
36;321.0;807.0;801.0;61.0;157.0;787.0;111.0;800.0;636.0;833.0;889.0;793.0;827.0;646.0;62.0;101.0;20.0;201.0;840.0;634.0;49.0;101.0;851.0;135.0;736.0;870.0;106.0;558.0;796.0;894.0;847.0;148.0;48.0;795.0;802.0;140.0;0.0;290.0;144.0;897.0;836.0;169.0;60.0;738.0;663.0;788.0;781.0;769.0;785.0;79.0;157.0;756.0;904.0;187.0;113.0;134.0;204.0;781.0;910.0;638.0;836.0;231.0;66.0;698.0;697.0;21.0;788.0;183.0;7.0;55.0;774.0;546.0;749.0;61.0;843.0;52.0;808.0;797.0;824.0;841.0;827.0;831.0;782.0;780.0;802.0;139.0;774.0;29.0;766.0;827.0;761.0;688.0;780.0;33.0;786.0;138.0;708.0;59.0;232.0;34.0;743.0;298.0;734.0;16.0;810.0;245.0;57.0;997.0;849.0;837.0;145.0;746.0;823.0;753.0;885.0;124.0;360.0;810.0;81.0;815.0;65.0;89.0;122.0;344.0;698.0;799.0;796.0;835.0;101.0;681.0;740.0;137.0;748.0;144.0;884.0;92.0;809.0;782.0;877.0;793.0;126.0;723.0;102.0;173.0;161.0;844.0;828.0;97.0;534.0;584.0;659.0;616.0;254.0;803.0;190.0;855.0;720.0
37;344.0;526.0;524.0;230.0;141.0;508.0;179.0;515.0;353.0;550.0;617.0;520.0;552.0;379.0;350.0;292.0;276.0;182.0;599.0;345.0;287.0;200.0;581.0;213.0;458.0;605.0;389.0;269.0;510.0;618.0;578.0;223.0;243.0;536.0;551.0;156.0;290.0;0.0;250.0;624.0;552.0;199.0;230.0;460.0;373.0;513.0;492.0;490.0;529.0;333.0;197.0;485.0;638.0;368.0;185.0;161.0;136.0;503.0;635.0;360.0;558.0;197.0;289.0;427.0;425.0;278.0;501.0;120.0;297.0;257.0;493.0;274.0;499.0;242.0;577.0;279.0;530.0;523.0;540.0;577.0;542.0;553.0;513.0;504.0;536.0;297.0;486.0;278.0;489.0;548.0;490.0;423.0;497.0;257.0;499.0;153.0;422.0;283.0;277.0;257.0;474.0;259.0;447.0;277.0;521.0;51.0;238.0;757.0;566.0;559.0;180.0;458.0;544.0;487.0;609.0;169.0;124.0;528.0;288.0;538.0;355.0;202.0;257.0;487.0;408.0;517.0;516.0;546.0;373.0;415.0;450.0;169.0;460.0;177.0;613.0;210.0;531.0;498.0;614.0;510.0;260.0;447.0;350.0;233.0;324.0;555.0;544.0;288.0;282.0;303.0;377.0;374.0;36.0;524.0;202.0;586.0;438.0
38;180.0;719.0;707.0;132.0;119.0;695.0;131.0;718.0;553.0;747.0;789.0;696.0;732.0;548.0;170.0;63.0;125.0;84.0;721.0;581.0;99.0;163.0;749.0;217.0;645.0;765.0;238.0;496.0;717.0;799.0;745.0;236.0;120.0;687.0;689.0;114.0;144.0;250.0;0.0;798.0;751.0;54.0;122.0;647.0;597.0;692.0;728.0;679.0;676.0;121.0;229.0;657.0;799.0;325.0;97.0;160.0;118.0;689.0;811.0;551.0;743.0;102.0;200.0;601.0;601.0;153.0;710.0;132.0;145.0;90.0;685.0;457.0;637.0;158.0;738.0;94.0;715.0;702.0;738.0;736.0;744.0;739.0;682.0;686.0;698.0;264.0;700.0;161.0;674.0;736.0;664.0;588.0;694.0;128.0;710.0;150.0;629.0;191.0;332.0;124.0;645.0;156.0;657.0;145.0;737.0;225.0;144.0;875.0;763.0;744.0;73.0;672.0;732.0;651.0;790.0;154.0;358.0;723.0;74.0;722.0;188.0;134.0;23.0;481.0;629.0;712.0;707.0;760.0;242.0;580.0;675.0;181.0;672.0;198.0;783.0;163.0;718.0;699.0;770.0;706.0;237.0;629.0;245.0;33.0;291.0;768.0;743.0;62.0;432.0;501.0;575.0;503.0;220.0;710.0;263.0;752.0;635.0
