Vehicle:
Average speed:;818
Time limit:;378.953
Fuel comsumption rate:;1
Fuel Capacity:;5428
Depot:
ID;X;Y;Service Time
0;500;500;0
Customers:
ID;X;Y;Service Time
1;753;355;4.11055
2;663;83;4.11055
3;725;286;4.11055
4;581;444;4.11055
5;700;205;4.11055
6;630;475;4.11055
7;560;407;4.11055
8;848;374;4.11055
9;752;315;4.11055
10;454;310;4.11055
11;685;227;4.11055
12;747;468;4.11055
13;540;348;4.11055
14;882;346;4.11055
15;762;228;4.11055
16;884;307;4.11055
17;681;274;4.11055
18;761;254;4.11055
19;791;205;4.11055
20;699;559;4.11055
21;694;352;4.11055
22;679;11;4.11055
23;656;446;4.11055
25;838;395;4.11055
26;554;590;4.11055
27;567;250;4.11055
28;769;381;4.11055
29;753;20;4.11055
30;710;296;4.11055
31;653;489;4.11055
32;711;447;4.11055
33;516;322;4.11055
34;704;265;4.11055
35;742;358;4.11055
36;578;423;4.11055
37;923;378;4.11055
41;701;203;4.11055
42;751;293;4.11055
43;835;0;4.11055
44;810;318;4.11055
45;640;218;4.11055
46;493;226;4.11055
47;483;445;4.11055
48;671;134;4.11055
49;465;361;4.11055
50;521;69;4.11055
51;894;399;4.11055
52;824;388;4.11055
53;605;238;4.11055
54;848;251;4.11055
55;561;443;4.11055
56;663;9;4.11055
57;768;339;4.11055
58;634;426;4.11055
59;590;60;4.11055
60;735;280;4.11055
61;842;365;4.11055
62;671;124;4.11055
64;615;361;4.11055
65;558;451;4.11055
66;884;356;4.11055
67;746;384;4.11055
68;687;227;4.11055
69;855;350;4.11055
70;656;450;4.11055
71;560;459;4.11055
72;591;433;4.11055
73;451;36;4.11055
74;747;26;4.11055
75;753;384;4.11055
76;530;259;4.11055
77;739;215;4.11055
78;537;267;4.11055
79;742;304;4.11055
80;509;418;4.11055
81;667;17;4.11055
82;534;297;4.11055
83;605;382;4.11055
84;470;482;4.11055
85;817;366;4.11055
86;815;268;4.11055
87;728;264;4.11055
88;778;44;4.11055
89;856;360;4.11055
90;818;284;4.11055
91;666;107;4.11055
92;628;378;4.11055
93;538;317;4.11055
94;715;34;4.11055
95;875;290;4.11055
96;495;468;4.11055
97;584;145;4.11055
99;563;394;4.11055
100;775;378;4.11055
101;587;443;4.11055
102;535;665;4.11055
104;704;153;4.11055
105;667;448;4.11055
106;557;440;4.11055
107;682;461;4.11055
108;762;279;4.11055
109;824;522;4.11055
110;764;259;4.11055
111;759;334;4.11055
112;750;391;4.11055
113;893;283;4.11055
114;900;308;4.11055
115;595;73;4.11055
116;641;474;4.11055
117;597;236;4.11055
118;294;448;4.11055
119;852;182;4.11055
120;526;330;4.11055
121;735;460;4.11055
122;901;303;4.11055
123;639;390;4.11055
124;545;395;4.11055
125;494;2;4.11055
127;795;456;4.11055
128;783;343;4.11055
130;756;99;4.11055
131;698;323;4.11055
133;704;269;4.11055
134;769;321;4.11055
135;596;321;4.11055
136;605;103;4.11055
137;507;448;4.11055
138;567;464;4.11055
139;743;205;4.11055
140;622;449;4.11055
141;767;116;4.11055
142;745;269;4.11055
143;603;447;4.11055
144;634;194;4.11055
145;832;312;4.11055
147;662;86;4.11055
148;608;618;4.11055
149;489;267;4.11055
150;837;289;4.11055
152;569;497;4.11055
153;611;550;4.11055
154;749;387;4.11055
155;683;355;4.11055
156;682;81;4.11055
158;653;414;4.11055
159;584;21;4.11055
160;683;308;4.11055
161;659;582;4.11055
162;668;329;4.11055
163;662;288;4.11055
164;897;399;4.11055
165;770;366;4.11055
166;540;212;4.11055
167;606;309;4.11055
168;581;254;4.11055
169;582;485;4.11055
170;848;381;4.11055
171;828;150;4.11055
173;531;56;4.11055
174;707;424;4.11055
175;587;191;4.11055
176;770;259;4.11055
177;702;94;4.11055
178;823;162;4.11055
179;644;364;4.11055
180;570;186;4.11055
181;552;317;4.11055
182;626;88;4.11055
183;999;631;4.11055
184;860;274;4.11055
185;354;662;4.11055
186;625;323;4.11055
187;654;285;4.11055
188;785;82;4.11055
189;650;335;4.11055
190;637;568;4.11055
191;449;359;4.11055
192;885;77;4.11055
193;552;440;4.11055
194;810;205;4.11055
195;628;24;4.11055
196;728;294;4.11055
197;733;311;4.11055
198;750;327;4.11055
199;727;278;4.11055
200;618;336;4.11055
201;537;137;4.11055
202;718;413;4.11055
203;725;355;4.11055
204;710;139;4.11055
205;723;556;4.11055
206;449;346;4.11055
207;731;373;4.11055
208;349;465;4.11055
209;572;542;4.11055
210;612;377;4.11055
211;711;417;4.11055
212;678;44;4.11055
213;604;593;4.11055
AFSs:
ID;X;Y;Service Time
24;428;487;58.4286
38;451;120;58.4286
39;449;254;58.4286
40;626;264;58.4286
63;680;251;58.4286
98;725;237;58.4286
103;696;387;58.4286
126;741;339;58.4286
129;694;224;58.4286
132;683;222;58.4286
146;796;292;58.4286
151;478;510;58.4286
157;701;170;58.4286
172;536;445;58.4286
Distance matrix:
;0;1;2;3;4;5;6;7;8;9;10;11;12;13;14;15;16;17;18;19;20;21;22;23;24;25;26;27;28;29;30;31;32;33;34;35;36;37;38;39;40;41;42;43;44;45;46;47;48;49;50;51;52;53;54;55;56;57;58;59;60;61;62;63;64;65;66;67;68;69;70;71;72;73;74;75;76;77;78;79;80;81;82;83;84;85;86;87;88;89;90;91;92;93;94;95;96;97;98;99;100;101;102;103;104;105;106;107;108;109;110;111;112;113;114;115;116;117;118;119;120;121;122;123;124;125;126;127;128;129;130;131;132;133;134;135;136;137;138;139;140;141;142;143;144;145;146;147;148;149;150;151;152;153;154;155;156;157;158;159;160;161;162;163;164;165;166;167;168;169;170;171;172;173;174;175;176;177;178;179;180;181;182;183;184;185;186;187;188;189;190;191;192;193;194;195;196;197;198;199;200;201;202;203;204;205;206;207;208;209;210;211;212;213
0;0.0;292.0;448.0;311.0;98.0;356.0;132.0;111.0;370.0;313.0;195.0;330.0;249.0;157.0;412.0;378.0;430.0;290.0;359.0;414.0;208.0;244.0;521.0;165.0;73.0;354.0;105.0;259.0;294.0;543.0;293.0;153.0;218.0;179.0;311.0;281.0;110.0;440.0;383.0;251.0;268.0;359.0;325.0;602.0;359.0;315.0;274.0;58.0;404.0;143.0;432.0;407.0;343.0;282.0;428.0;83.0;517.0;313.0;153.0;449.0;322.0;368.0;413.0;307.0;180.0;76.0;410.0;272.0;331.0;385.0;164.0;73.0;113.0;467.0;534.0;278.0;243.0;372.0;236.0;311.0;82.0;511.0;206.0;158.0;35.0;344.0;391.0;328.0;534.0;383.0;384.0;427.0;177.0;187.0;513.0;430.0;32.0;365.0;346.0;123.0;301.0;104.0;169.0;226.0;403.0;175.0;83.0;186.0;343.0;325.0;357.0;308.0;273.0;449.0;444.0;437.0;143.0;281.0;212.0;474.0;172.0;238.0;447.0;177.0;114.0;498.0;290.0;298.0;324.0;337.0;476.0;266.0;333.0;308.0;323.0;203.0;411.0;52.0;76.0;382.0;132.0;468.0;337.0;116.0;334.0;382.0;362.0;445.0;160.0;233.0;398.0;24.0;69.0;122.0;273.0;233.0;457.0;386.0;176.0;486.0;265.0;179.0;240.0;267.0;410.0;301.0;291.0;218.0;259.0;83.0;368.0;480.0;66.0;445.0;221.0;321.0;362.0;453.0;468.0;198.0;322.0;190.0;431.0;516.0;425.0;218.0;217.0;264.0;506.0;223.0;153.0;150.0;572.0;79.0;428.0;493.0;307.0;300.0;304.0;318.0;202.0;365.0;235.0;268.0;418.0;230.0;162.0;264.0;155.0;83.0;166.0;227.0;490.0;140.0
1;292.0;0.0;287.0;74.0;194.0;159.0;172.0;200.0;97.0;40.0;302.0;145.0;113.0;213.0;129.0;127.0;140.0;108.0;101.0;155.0;211.0;59.0;352.0;133.0;351.0;94.0;308.0;214.0;31.0;335.0;73.0;167.0;101.0;239.0;102.0;11.0;188.0;172.0;383.0;320.0;156.0;161.0;62.0;364.0;68.0;178.0;290.0;285.0;236.0;288.0;368.0;148.0;78.0;189.0;141.0;211.0;358.0;22.0;139.0;337.0;77.0;90.0;245.0;127.0;138.0;217.0;131.0;30.0;144.0;102.0;136.0;219.0;180.0;439.0;329.0;29.0;243.0;141.0;233.0;52.0;252.0;349.0;227.0;150.0;310.0;65.0;107.0;94.0;312.0;103.0;96.0;263.0;127.0;218.0;323.0;138.0;282.0;270.0;121.0;194.0;32.0;188.0;379.0;65.0;208.0;127.0;214.0;128.0;77.0;181.0;97.0;22.0;36.0;157.0;154.0;323.0;163.0;196.0;468.0;199.0;228.0;107.0;157.0;119.0;212.0;438.0;20.0;109.0;32.0;144.0;256.0;64.0;150.0;99.0;38.0;161.0;292.0;263.0;216.0;150.0;161.0;239.0;86.0;176.0;200.0;90.0;76.0;284.0;300.0;278.0;107.0;316.0;232.0;241.0;32.0;70.0;283.0;192.0;116.0;374.0;84.0;246.0;89.0;113.0;151.0;20.0;257.0;154.0;199.0;215.0;98.0;218.0;235.0;372.0;83.0;233.0;97.0;266.0;205.0;109.0;249.0;205.0;296.0;370.0;134.0;503.0;132.0;121.0;275.0;105.0;243.0;304.0;308.0;218.0;160.0;354.0;66.0;48.0;28.0;81.0;136.0;307.0;68.0;28.0;220.0;203.0;304.0;28.0;419.0;260.0;143.0;75.0;320.0;281.0
2;448.0;287.0;0.0;212.0;370.0;127.0;393.0;340.0;345.0;248.0;309.0;146.0;394.0;292.0;342.0;176.0;315.0;192.0;197.0;177.0;477.0;271.0;74.0;363.0;467.0;358.0;519.0;193.0;316.0;110.0;218.0;406.0;367.0;281.0;187.0;286.0;350.0;393.0;215.0;274.0;185.0;126.0;228.0;191.0;277.0;137.0;222.0;404.0;52.0;341.0;143.0;391.0;345.0;165.0;250.0;374.0;74.0;277.0;344.0;77.0;210.0;334.0;42.0;169.0;282.0;383.0;351.0;312.0;146.0;329.0;367.0;390.0;357.0;217.0;102.0;314.0;221.0;152.0;223.0;235.0;369.0;66.0;250.0;305.0;443.0;322.0;239.0;192.0;121.0;338.0;254.0;24.0;297.0;265.0;71.0;296.0;420.0;100.0;166.0;327.0;316.0;368.0;596.0;306.0;81.0;365.0;372.0;378.0;220.0;468.0;203.0;269.0;320.0;305.0;327.0;69.0;392.0;167.0;519.0;213.0;282.0;384.0;324.0;308.0;334.0;187.0;268.0;396.0;286.0;144.0;94.0;243.0;140.0;190.0;261.0;247.0;61.0;397.0;393.0;146.0;368.0;109.0;203.0;369.0;115.0;285.0;248.0;3.0;538.0;253.0;270.0;465.0;425.0;470.0;316.0;273.0;19.0;95.0;331.0;100.0;226.0;499.0;246.0;205.0;393.0;303.0;178.0;233.0;190.0;410.0;351.0;178.0;384.0;135.0;344.0;132.0;206.0;41.0;178.0;282.0;139.0;259.0;37.0;643.0;274.0;656.0;243.0;202.0;122.0;252.0;486.0;349.0;222.0;374.0;191.0;69.0;221.0;239.0;259.0;205.0;257.0;137.0;335.0;279.0;73.0;477.0;339.0;298.0;494.0;468.0;298.0;337.0;42.0;513.0
3;311.0;74.0;212.0;0.0;214.0;85.0;212.0;205.0;151.0;40.0;272.0;71.0;183.0;195.0;168.0;69.0;160.0;46.0;48.0;104.0;274.0;73.0;279.0;174.0;359.0;157.0;349.0;162.0;105.0;267.0;18.0;215.0;162.0;212.0;30.0;74.0;201.0;218.0;320.0;278.0;101.0;86.0;27.0;306.0;91.0;109.0;240.0;290.0;161.0;271.0;298.0;203.0;142.0;129.0;128.0;227.0;284.0;68.0;167.0;263.0;12.0;141.0;171.0;57.0;133.0;235.0;174.0;100.0;70.0;145.0;178.0;239.0;199.0;371.0;261.0;102.0;197.0;72.0;189.0;25.0;253.0;275.0;191.0;154.0;322.0;122.0;92.0;22.0;248.0;150.0;93.0;188.0;134.0;190.0;252.0;150.0;293.0;199.0;49.0;195.0;105.0;209.0;424.0;105.0;135.0;172.0;228.0;180.0;38.0;256.0;47.0;59.0;108.0;168.0;176.0;250.0;206.0;137.0;460.0;164.0;204.0;174.0;177.0;135.0;210.0;366.0;55.0;184.0;81.0;69.0;190.0;46.0;77.0;27.0;56.0;134.0;219.0;272.0;238.0;83.0;193.0;175.0;26.0;202.0;129.0;110.0;71.0;210.0;352.0;237.0;112.0;333.0;262.0;288.0;104.0;81.0;209.0;118.0;147.0;300.0;47.0;303.0;71.0;63.0;206.0;92.0;199.0;121.0;148.0;245.0;155.0;171.0;247.0;301.0;139.0;168.0;52.0;193.0;158.0;112.0;184.0;176.0;221.0;441.0;136.0;528.0;107.0;71.0;213.0;90.0;295.0;285.0;263.0;232.0;117.0;279.0;9.0;26.0;48.0;8.0;118.0;240.0;127.0;69.0;148.0;270.0;282.0;87.0;416.0;298.0;145.0;132.0;247.0;330.0
4;98.0;194.0;370.0;214.0;0.0;267.0;58.0;43.0;276.0;214.0;185.0;241.0;168.0;104.0;317.0;282.0;333.0;197.0;262.0;318.0;165.0;146.0;444.0;75.0;159.0;262.0;148.0;195.0;198.0;458.0;196.0;85.0;130.0;138.0;217.0;183.0;21.0;348.0;349.0;231.0;186.0;269.0;227.0;512.0;261.0;234.0;235.0;98.0;323.0;143.0;380.0;316.0;249.0;207.0;329.0;20.0;443.0;214.0;56.0;384.0;225.0;273.0;332.0;217.0;90.0;24.0;316.0;176.0;242.0;290.0;75.0;26.0;15.0;428.0;450.0;182.0;192.0;278.0;182.0;213.0;77.0;436.0;154.0;66.0;117.0;249.0;293.0;232.0;446.0;288.0;286.0;348.0;81.0;134.0;431.0;332.0;89.0;299.0;252.0;53.0;205.0;6.0;226.0;128.0;316.0;86.0;24.0;102.0;245.0;255.0;260.0;209.0;177.0;351.0;347.0;371.0;67.0;209.0;287.0;377.0;127.0;155.0;350.0;79.0;61.0;450.0;191.0;214.0;226.0;247.0;387.0;168.0;244.0;214.0;225.0;124.0;342.0;74.0;24.0;289.0;41.0;377.0;240.0;22.0;256.0;284.0;263.0;367.0;176.0;199.0;299.0;122.0;54.0;110.0;177.0;135.0;377.0;299.0;78.0;423.0;170.0;159.0;144.0;176.0;319.0;204.0;236.0;137.0;190.0;41.0;274.0;384.0;45.0;391.0;128.0;253.0;264.0;370.0;372.0;102.0;258.0;130.0;359.0;458.0;327.0;315.0;129.0;175.0;416.0;129.0;136.0;157.0;477.0;29.0;331.0;423.0;210.0;202.0;206.0;221.0;114.0;310.0;140.0;169.0;331.0;181.0;164.0;166.0;233.0;98.0;74.0;133.0;412.0;151.0
5;356.0;159.0;127.0;85.0;267.0;0.0;279.0;246.0;225.0;122.0;267.0;27.0;267.0;215.0;230.0;66.0;210.0;72.0;78.0;91.0;354.0;147.0;195.0;245.0;392.0;235.0;412.0;140.0;189.0;192.0;92.0;288.0;242.0;218.0;60.0;159.0;250.0;282.0;263.0;256.0;95.0;2.0;102.0;245.0;158.0;61.0;208.0;324.0;77.0;282.0;225.0;274.0;221.0;101.0;155.0;276.0;199.0;150.0;231.0;182.0;83.0;214.0;86.0;50.0;178.0;284.0;238.0;185.0;26.0;212.0;249.0;290.0;253.0;301.0;185.0;187.0;178.0;40.0;174.0;108.0;286.0;191.0;190.0;201.0;360.0;199.0;131.0;65.0;179.0;220.0;142.0;104.0;187.0;197.0;172.0;195.0;333.0;131.0;41.0;233.0;189.0;263.0;489.0;182.0;52.0;245.0;275.0;257.0;97.0;340.0;84.0;142.0;193.0;208.0;225.0;169.0;275.0;108.0;473.0;154.0;214.0;257.0;224.0;195.0;245.0;289.0;140.0;268.0;161.0;20.0;120.0;118.0;24.0;64.0;135.0;156.0;139.0;310.0;291.0;43.0;256.0;111.0;78.0;261.0;67.0;170.0;130.0;125.0;423.0;220.0;161.0;377.0;320.0;356.0;188.0;151.0;125.0;35.0;214.0;218.0;104.0;379.0;128.0;91.0;276.0;176.0;160.0;140.0;129.0;304.0;230.0;139.0;291.0;225.0;219.0;114.0;88.0;111.0;130.0;169.0;131.0;186.0;138.0;520.0;174.0;573.0;140.0;92.0;150.0;139.0;368.0;294.0;225.0;278.0;110.0;195.0;93.0;111.0;132.0;78.0;155.0;177.0;209.0;152.0;67.0;352.0;288.0;171.0;437.0;360.0;193.0;212.0;162.0;400.0
6;132.0;172.0;393.0;212.0;58.0;279.0;0.0;98.0;240.0;201.0;241.0;254.0;117.0;156.0;283.0;280.0;305.0;207.0;257.0;314.0;109.0;139.0;467.0;39.0;202.0;223.0;138.0;234.0;168.0;471.0;196.0;27.0;86.0;191.0;223.0;162.0;74.0;309.0;398.0;286.0;211.0;281.0;219.0;517.0;239.0;257.0;284.0;150.0;343.0;201.0;420.0;275.0;213.0;238.0;313.0;76.0;467.0;194.0;49.0;417.0;221.0;239.0;353.0;230.0;115.0;76.0;280.0;147.0;254.0;257.0;36.0;72.0;57.0;474.0;464.0;153.0;238.0;282.0;228.0;204.0;134.0;459.0;202.0;96.0;160.0;216.0;278.0;233.0;456.0;254.0;268.0;370.0;97.0;183.0;449.0;307.0;135.0;333.0;256.0;105.0;174.0;54.0;212.0;110.0;330.0;46.0;81.0;54.0;236.0;200.0;254.0;191.0;146.0;326.0;317.0;404.0;11.0;241.0;337.0;368.0;178.0;106.0;321.0;85.0;117.0;492.0;176.0;166.0;202.0;259.0;397.0;167.0;258.0;219.0;207.0;158.0;373.0;126.0;64.0;293.0;27.0;384.0;236.0;39.0;281.0;260.0;247.0;390.0;145.0;251.0;278.0;156.0;65.0;77.0;148.0;131.0;397.0;313.0;65.0;456.0;175.0;111.0;151.0;190.0;278.0;177.0;278.0;168.0;226.0;49.0;237.0;381.0;99.0;431.0;92.0;287.0;257.0;388.0;368.0;112.0;295.0;176.0;387.0;401.0;305.0;333.0;152.0;192.0;422.0;141.0;93.0;215.0;473.0;85.0;324.0;451.0;206.0;194.0;191.0;220.0;140.0;351.0;108.0;153.0;345.0;123.0;222.0;144.0;281.0;89.0;100.0;100.0;434.0;121.0
7;111.0;200.0;340.0;205.0;43.0;246.0;98.0;0.0;290.0;213.0;144.0;219.0;197.0;62.0;328.0;270.0;339.0;180.0;253.0;307.0;206.0;145.0;413.0;104.0;154.0;278.0;183.0;157.0;211.0;432.0;187.0;124.0;156.0;96.0;202.0;188.0;24.0;364.0;307.0;189.0;157.0;248.0;222.0;491.0;265.0;205.0;193.0;86.0;295.0;106.0;340.0;334.0;265.0;175.0;328.0;36.0;411.0;219.0;76.0;348.0;216.0;285.0;304.0;197.0;72.0;44.0;328.0;187.0;220.0;300.0;105.0;52.0;40.0;387.0;424.0;194.0;151.0;262.0;142.0;209.0;52.0;404.0;113.0;51.0;117.0;260.0;290.0;221.0;423.0;300.0;286.0;318.0;74.0;93.0;404.0;336.0;89.0;263.0;237.0;13.0;217.0;45.0;259.0;137.0;292.0;115.0;33.0;133.0;239.0;288.0;252.0;212.0;191.0;355.0;354.0;336.0;105.0;175.0;269.0;369.0;84.0;183.0;357.0;81.0;19.0;410.0;193.0;240.0;232.0;227.0;365.0;162.0;222.0;199.0;226.0;93.0;307.0;67.0;57.0;273.0;75.0;357.0;231.0;59.0;225.0;288.0;263.0;337.0;216.0;157.0;301.0;132.0;90.0;152.0;190.0;134.0;348.0;276.0;93.0;387.0;158.0;201.0;133.0;157.0;337.0;214.0;196.0;108.0;154.0;81.0;289.0;371.0;45.0;352.0;148.0;218.0;257.0;344.0;359.0;94.0;221.0;90.0;326.0;493.0;328.0;328.0;106.0;154.0;395.0;115.0;178.0;121.0;463.0;34.0;321.0;389.0;202.0;198.0;206.0;211.0;92.0;271.0;158.0;173.0;307.0;221.0;127.0;174.0;219.0;136.0;60.0;151.0;382.0;191.0
8;370.0;97.0;345.0;151.0;276.0;225.0;240.0;290.0;0.0;113.0;399.0;219.0;138.0;309.0;44.0;169.0;76.0;195.0;148.0;178.0;238.0;156.0;400.0;205.0;435.0;23.0;365.0;307.0;79.0;367.0;159.0;226.0;155.0;336.0;181.0;107.0;274.0;75.0;471.0;417.0;248.0;225.0;126.0;374.0;68.0;260.0;385.0;372.0;298.0;383.0;447.0;52.0;28.0;278.0;123.0;295.0;409.0;87.0;220.0;406.0;147.0;11.0;306.0;208.0;233.0;300.0;40.0;102.0;218.0;25.0;206.0;300.0;264.0;521.0;362.0;96.0;338.0;193.0;329.0;127.0;342.0;400.0;323.0;243.0;393.0;32.0;111.0;163.0;337.0;16.0;95.0;323.0;220.0;315.0;365.0;88.0;365.0;349.0;184.0;286.0;73.0;270.0;427.0;153.0;264.0;196.0;298.0;187.0;128.0;150.0;142.0;98.0;99.0;102.0;84.0;393.0;230.0;286.0;559.0;192.0;325.0;142.0;89.0;210.0;304.0;514.0;113.0;98.0;72.0;215.0;290.0;158.0;224.0;178.0;95.0;258.0;364.0;349.0;295.0;199.0;238.0;270.0;147.0;256.0;280.0;64.0;97.0;343.0;342.0;375.0;86.0;394.0;305.0;295.0;100.0;166.0;337.0;251.0;199.0;441.0;178.0;281.0;186.0;205.0;55.0;78.0;348.0;251.0;293.0;288.0;7.0;225.0;320.0;449.0;150.0;319.0;139.0;316.0;213.0;204.0;336.0;301.0;362.0;298.0;101.0;572.0;229.0;213.0;299.0;202.0;287.0;399.0;299.0;303.0;173.0;413.0;144.0;131.0;109.0;154.0;233.0;391.0;136.0;124.0;273.0;221.0;400.0;117.0;507.0;323.0;236.0;144.0;371.0;328.0
9;313.0;40.0;248.0;40.0;214.0;122.0;201.0;213.0;113.0;0.0;298.0;111.0;153.0;215.0;134.0;88.0;132.0;82.0;62.0;117.0;250.0;69.0;313.0;162.0;367.0;117.0;339.0;196.0;68.0;295.0;46.0;200.0;138.0;236.0;69.0;44.0;205.0;182.0;359.0;309.0;136.0;123.0;22.0;326.0;58.0;148.0;274.0;299.0;198.0;291.0;337.0;165.0;103.0;166.0;115.0;230.0;319.0;29.0;162.0;302.0;39.0;103.0;207.0;96.0;145.0;237.0;138.0;69.0;109.0;109.0;166.0;240.0;200.0;410.0;289.0;69.0;229.0;101.0;220.0;15.0;264.0;310.0;219.0;162.0;328.0;83.0;79.0;56.0;272.0;113.0;73.0;225.0;139.0;214.0;283.0;126.0;299.0;239.0;83.0;205.0;67.0;209.0;412.0;91.0;169.0;158.0;232.0;162.0;37.0;219.0;57.0;20.0;76.0;145.0;148.0;288.0;194.0;174.0;477.0;166.0;226.0;146.0;149.0;136.0;222.0;406.0;26.0;147.0;42.0;108.0;216.0;55.0;116.0;66.0;18.0;156.0;258.0;279.0;238.0;110.0;187.0;200.0;47.0;199.0;169.0;80.0;50.0;246.0;335.0;267.0;89.0;336.0;258.0;274.0;72.0;80.0;244.0;154.0;140.0;339.0;69.0;283.0;85.0;94.0;168.0;54.0;236.0;146.0;182.0;240.0;116.0;182.0;252.0;340.0;118.0;206.0;59.0;227.0;169.0;119.0;223.0;200.0;260.0;401.0;116.0;528.0;127.0;102.0;235.0;104.0;278.0;306.0;273.0;236.0;124.0;316.0;32.0;19.0;12.0;45.0;136.0;279.0;104.0;48.0;181.0;243.0;305.0;62.0;430.0;290.0;153.0;110.0;281.0;315.0
10;195.0;302.0;309.0;272.0;185.0;267.0;241.0;144.0;399.0;298.0;0.0;245.0;333.0;94.0;430.0;319.0;430.0;230.0;312.0;353.0;349.0;244.0;374.0;244.0;179.0;393.0;297.0;128.0;323.0;417.0;256.0;268.0;291.0;63.0;254.0;292.0;168.0;474.0;190.0;56.0;178.0;269.0;297.0;491.0;356.0;208.0;93.0;138.0;279.0;52.0;250.0;449.0;378.0;167.0;398.0;171.0;366.0;315.0;214.0;285.0;283.0;392.0;286.0;234.0;169.0;175.0;432.0;301.0;247.0;403.0;246.0;183.0;184.0;274.0;408.0;308.0;92.0;300.0;93.0;288.0;121.0;362.0;81.0;167.0;173.0;367.0;363.0;278.0;419.0;405.0;365.0;294.0;187.0;84.0;380.0;421.0;163.0;210.0;281.0;138.0;328.0;188.0;364.0;254.0;295.0;254.0;166.0;273.0;310.0;426.0;314.0;306.0;307.0;440.0;446.0;276.0;249.0;161.0;211.0;418.0;75.0;319.0;447.0;202.0;125.0;311.0;288.0;371.0;331.0;255.0;368.0;244.0;245.0;253.0;315.0;142.0;256.0;148.0;191.0;307.0;218.0;368.0;294.0;202.0;214.0;378.0;342.0;306.0;344.0;55.0;384.0;201.0;220.0;287.0;305.0;233.0;323.0;284.0;225.0;317.0;229.0;341.0;215.0;209.0;452.0;321.0;130.0;152.0;139.0;217.0;400.0;407.0;158.0;265.0;277.0;178.0;320.0;329.0;398.0;198.0;170.0;98.0;281.0;633.0;408.0;366.0;171.0;202.0;402.0;198.0;316.0;49.0;490.0;163.0;371.0;335.0;274.0;279.0;296.0;275.0;166.0;192.0;283.0;275.0;308.0;365.0;36.0;284.0;187.0;260.0;172.0;278.0;348.0;320.0
11;330.0;145.0;146.0;71.0;241.0;27.0;254.0;219.0;219.0;111.0;245.0;0.0;249.0;189.0;230.0;77.0;214.0;47.0;81.0;108.0;332.0;125.0;216.0;221.0;366.0;227.0;386.0;120.0;175.0;218.0;73.0;264.0;222.0;194.0;42.0;143.0;223.0;282.0;257.0;238.0;70.0;29.0;93.0;272.0;155.0;46.0;192.0;297.0;94.0;258.0;228.0;271.0;213.0;81.0;165.0;249.0;219.0;139.0;205.0;192.0;73.0;209.0;104.0;25.0;151.0;257.0;237.0;168.0;2.0;210.0;225.0;264.0;226.0;302.0;210.0;171.0;158.0;55.0;153.0;96.0;260.0;211.0;166.0;174.0;334.0;192.0;136.0;57.0;205.0;217.0;145.0;121.0;161.0;172.0;195.0;200.0;307.0;130.0;41.0;207.0;176.0;237.0;463.0;160.0;76.0;222.0;249.0;234.0;93.0;326.0;85.0;130.0;176.0;215.0;230.0;178.0;251.0;88.0;449.0;173.0;189.0;238.0;229.0;169.0;219.0;295.0;125.0;254.0;152.0;9.0;146.0;97.0;5.0;46.0;126.0;129.0;148.0;284.0;265.0;62.0;231.0;138.0;73.0;235.0;61.0;170.0;129.0;143.0;399.0;200.0;164.0;351.0;294.0;331.0;172.0;128.0;146.0;59.0;190.0;229.0;81.0;356.0;103.0;65.0;273.0;163.0;146.0;114.0;107.0;278.0;224.0;162.0;264.0;230.0;198.0;104.0;91.0;134.0;153.0;143.0;122.0;161.0;151.0;512.0;181.0;547.0;113.0;66.0;176.0;114.0;344.0;270.0;250.0;251.0;127.0;211.0;80.0;97.0;119.0;66.0;128.0;173.0;189.0;134.0;91.0;331.0;264.0;153.0;412.0;335.0;167.0;192.0;183.0;375.0
12;249.0;113.0;394.0;183.0;168.0;267.0;117.0;197.0;138.0;153.0;333.0;249.0;0.0;239.0;182.0;240.0;211.0;205.0;214.0;267.0;103.0;128.0;462.0;94.0;320.0;117.0;228.0;283.0;90.0;448.0;176.0;96.0;42.0;273.0;208.0;110.0;175.0;198.0;457.0;367.0;237.0;269.0;175.0;476.0;163.0;272.0;351.0;265.0;343.0;302.0;459.0;162.0;111.0;270.0;239.0;188.0;467.0;131.0;121.0;437.0;188.0;140.0;352.0;227.0;170.0;190.0;177.0;84.0;248.0;160.0;93.0;187.0;160.0;524.0;442.0;84.0;301.0;253.0;291.0;164.0;243.0;458.0;273.0;166.0;277.0;124.0;211.0;205.0;425.0;153.0;197.0;370.0;149.0;258.0;435.0;219.0;252.0;362.0;232.0;198.0;94.0;162.0;289.0;96.0;318.0;82.0;192.0;65.0;190.0;94.0;210.0;135.0;77.0;236.0;221.0;423.0;106.0;276.0;453.0;305.0;261.0;14.0;226.0;133.0;215.0;530.0;129.0;49.0;130.0;250.0;369.0;153.0;254.0;204.0;149.0;211.0;392.0;241.0;180.0;263.0;126.0;353.0;199.0;146.0;296.0;178.0;183.0;391.0;205.0;327.0;200.0;272.0;180.0;159.0;81.0;130.0;392.0;302.0;108.0;476.0;172.0;144.0;160.0;199.0;165.0;105.0;329.0;213.0;271.0;166.0;133.0;328.0;212.0;465.0;59.0;320.0;210.0;377.0;315.0;146.0;333.0;247.0;399.0;300.0;225.0;438.0;189.0;205.0;388.0;165.0;149.0;317.0;415.0;197.0;270.0;460.0;175.0;158.0;141.0;191.0;185.0;392.0;62.0;115.0;331.0;91.0;322.0;96.0;398.0;190.0;163.0;62.0;430.0;190.0
13;157.0;213.0;292.0;195.0;104.0;215.0;156.0;62.0;309.0;215.0;94.0;189.0;239.0;0.0;342.0;252.0;346.0;159.0;240.0;289.0;264.0;154.0;365.0;152.0;179.0;302.0;242.0;102.0;231.0;391.0;178.0;181.0;198.0;35.0;184.0;202.0;84.0;384.0;245.0;131.0;120.0;217.0;218.0;456.0;272.0;164.0;131.0;113.0;251.0;76.0;280.0;358.0;287.0;128.0;323.0;97.0;361.0;228.0;122.0;292.0;207.0;302.0;259.0;170.0;76.0;105.0;344.0;209.0;190.0;315.0;154.0;113.0;99.0;324.0;383.0;216.0;90.0;239.0;81.0;207.0;77.0;355.0;51.0;73.0;151.0;278.0;286.0;206.0;386.0;316.0;285.0;272.0;93.0;31.0;359.0;340.0;128.0;208.0;216.0;51.0;237.0;106.0;317.0;161.0;255.0;162.0;94.0;181.0;232.0;333.0;241.0;219.0;214.0;359.0;362.0;280.0;161.0;126.0;266.0;353.0;23.0;225.0;364.0;108.0;47.0;349.0;201.0;277.0;243.0;198.0;330.0;160.0;191.0;182.0;231.0;62.0;253.0;105.0;119.0;248.0;130.0;325.0;220.0;117.0;180.0;294.0;262.0;289.0;278.0;96.0;303.0;173.0;152.0;214.0;213.0;143.0;302.0;240.0;131.0;330.0;148.0;263.0;129.0;136.0;361.0;231.0;136.0;77.0;103.0;143.0;310.0;349.0;97.0;292.0;183.0;164.0;247.0;301.0;339.0;105.0;165.0;33.0;274.0;539.0;328.0;365.0;89.0;130.0;362.0;111.0;240.0;92.0;439.0;93.0;306.0;336.0;196.0;197.0;211.0;200.0;79.0;211.0;189.0;185.0;269.0;277.0;91.0;193.0;224.0;197.0;78.0;184.0;334.0;253.0
14;412.0;129.0;342.0;168.0;317.0;230.0;283.0;328.0;44.0;134.0;430.0;230.0;182.0;342.0;0.0;168.0;39.0;214.0;152.0;168.0;281.0;188.0;392.0;247.0;475.0;66.0;409.0;329.0;118.0;351.0;179.0;270.0;199.0;367.0;196.0;141.0;314.0;52.0;487.0;443.0;269.0;231.0;141.0;349.0;77.0;274.0;407.0;411.0;299.0;417.0;455.0;54.0;72.0;297.0;101.0;335.0;402.0;114.0;261.0;409.0;161.0;44.0;306.0;223.0;267.0;341.0;10.0;141.0;228.0;27.0;249.0;341.0;304.0;531.0;347.0;134.0;363.0;194.0;354.0;146.0;380.0;393.0;351.0;279.0;434.0;68.0;103.0;174.0;319.0;30.0;89.0;322.0;256.0;345.0;354.0;56.0;406.0;359.0;191.0;323.0;112.0;311.0;471.0;190.0;263.0;238.0;338.0;231.0;137.0;185.0;147.0;124.0;139.0;64.0;42.0;396.0;273.0;305.0;597.0;167.0;356.0;186.0;47.0;247.0;341.0;519.0;141.0;140.0;99.0;224.0;277.0;185.0;234.0;194.0;116.0;287.0;368.0;389.0;336.0;198.0;280.0;257.0;157.0;297.0;291.0;60.0;102.0;341.0;386.0;401.0;73.0;436.0;348.0;339.0;139.0;199.0;332.0;252.0;239.0;441.0;203.0;325.0;215.0;228.0;55.0;114.0;367.0;278.0;315.0;331.0;49.0;203.0;360.0;455.0;192.0;333.0;142.0;310.0;193.0;239.0;351.0;331.0;363.0;308.0;75.0;615.0;258.0;236.0;281.0;232.0;331.0;433.0;269.0;343.0;158.0;410.0;163.0;153.0;133.0;169.0;264.0;403.0;177.0;157.0;269.0;263.0;433.0;153.0;546.0;367.0;272.0;185.0;364.0;372.0
15;378.0;127.0;176.0;69.0;282.0;66.0;280.0;270.0;169.0;88.0;319.0;77.0;240.0;252.0;168.0;0.0;145.0;93.0;26.0;37.0;337.0;141.0;232.0;242.0;423.0;183.0;418.0;196.0;153.0;208.0;86.0;283.0;225.0;263.0;69.0;132.0;268.0;220.0;329.0;314.0;141.0;66.0;66.0;239.0;102.0;122.0;269.0;353.0;131.0;325.0;289.0;216.0;172.0;157.0;89.0;294.0;240.0;111.0;236.0;240.0;59.0;159.0;138.0;85.0;198.0;302.0;177.0;157.0;75.0;153.0;246.0;307.0;267.0;365.0;203.0;156.0;234.0;26.0;228.0;79.0;316.0;231.0;238.0;220.0;387.0;149.0;66.0;50.0;185.0;162.0;79.0;154.0;201.0;241.0;200.0;129.0;359.0;196.0;38.0;259.0;151.0;277.0;492.0;172.0;95.0;240.0;295.0;246.0;51.0;300.0;31.0;106.0;163.0;142.0;160.0;228.0;274.0;165.0;517.0;101.0;257.0;234.0;158.0;203.0;274.0;351.0;113.0;230.0;117.0;68.0;129.0;115.0;79.0;71.0;93.0;190.0;201.0;337.0;306.0;30.0;262.0;112.0;44.0;271.0;132.0;109.0;72.0;174.0;419.0;276.0;97.0;400.0;331.0;356.0;160.0;150.0;167.0;84.0;216.0;273.0;112.0;369.0;138.0;117.0;218.0;138.0;223.0;176.0;183.0;314.0;176.0;102.0;313.0;288.0;204.0;179.0;32.0;147.0;90.0;180.0;197.0;228.0;195.0;468.0;108.0;596.0;167.0;122.0;148.0;155.0;362.0;339.0;195.0;298.0;53.0;244.0;74.0;88.0;100.0;61.0;180.0;243.0;190.0;132.0;103.0;330.0;335.0;148.0;476.0;367.0;211.0;196.0;202.0;398.0
16;430.0;140.0;315.0;160.0;333.0;210.0;305.0;339.0;76.0;132.0;430.0;214.0;211.0;346.0;39.0;145.0;0.0;206.0;134.0;138.0;313.0;195.0;360.0;267.0;490.0;99.0;435.0;322.0;137.0;315.0;174.0;294.0;223.0;368.0;185.0;151.0;327.0;81.0;472.0;438.0;262.0;210.0;134.0;311.0;75.0;260.0;399.0;424.0;274.0;422.0;434.0;93.0;101.0;287.0;67.0;350.0;371.0;120.0;277.0;384.0;151.0;72.0;281.0;212.0;274.0;356.0;49.0;158.0;213.0;52.0;269.0;358.0;319.0;511.0;313.0;152.0;357.0;172.0;349.0;142.0;391.0;362.0;350.0;289.0;449.0;89.0;79.0;162.0;284.0;60.0;70.0;296.0;266.0;346.0;321.0;19.0;421.0;341.0;174.0;333.0;130.0;327.0;500.0;204.0;237.0;259.0;353.0;254.0;125.0;223.0;129.0;128.0;158.0;26.0;16.0;372.0;295.0;296.0;607.0;129.0;359.0;214.0;17.0;259.0;350.0;495.0;147.0;174.0;107.0;207.0;244.0;187.0;218.0;184.0;116.0;288.0;346.0;403.0;354.0;174.0;298.0;224.0;144.0;314.0;274.0;52.0;89.0;313.0;416.0;397.0;50.0;454.0;368.0;365.0;157.0;207.0;303.0;229.0;255.0;414.0;201.0;355.0;217.0;223.0;93.0;128.0;357.0;278.0;308.0;351.0;82.0;167.0;374.0;433.0;212.0;319.0;124.0;280.0;157.0;247.0;337.0;332.0;338.0;344.0;41.0;638.0;259.0;231.0;246.0;236.0;359.0;438.0;230.0;358.0;126.0;382.0;157.0;151.0;135.0;160.0;268.0;386.0;197.0;166.0;242.0;297.0;437.0;167.0;558.0;391.0;281.0;205.0;334.0;400.0
17;290.0;108.0;192.0;46.0;197.0;72.0;207.0;180.0;195.0;82.0;230.0;47.0;205.0;159.0;214.0;93.0;206.0;0.0;82.0;130.0;286.0;79.0;263.0;174.0;331.0;198.0;341.0;116.0;139.0;264.0;36.0;217.0;176.0;172.0;25.0;104.0;181.0;263.0;277.0;233.0;56.0;74.0;73.0;314.0;136.0;69.0;194.0;262.0;140.0;233.0;260.0;247.0;183.0;84.0;169.0;207.0;266.0;109.0;159.0;233.0;54.0;185.0;150.0;23.0;109.0;216.0;219.0;128.0;47.0;190.0;178.0;221.0;183.0;331.0;257.0;131.0;152.0;83.0;144.0;68.0;224.0;257.0;149.0;132.0;296.0;164.0;134.0;48.0;250.0;195.0;137.0;168.0;117.0;149.0;242.0;195.0;269.0;161.0;57.0;168.0;140.0;193.0;417.0;114.0;123.0;175.0;207.0;187.0;81.0;286.0;84.0;98.0;136.0;212.0;222.0;219.0;204.0;92.0;424.0;194.0;165.0;194.0;222.0;123.0;182.0;330.0;88.0;215.0;123.0;52.0;190.0;52.0;52.0;24.0;100.0;97.0;187.0;246.0;222.0;93.0;185.0;180.0;64.0;190.0;93.0;156.0;116.0;189.0;352.0;192.0;157.0;311.0;250.0;285.0;132.0;81.0;193.0;106.0;143.0;271.0;34.0;309.0;57.0;24.0;250.0;128.0;154.0;83.0;102.0;233.0;198.0;192.0;224.0;265.0;152.0;125.0;90.0;181.0;181.0;97.0;142.0;136.0;194.0;478.0;179.0;507.0;74.0;29.0;218.0;68.0;297.0;247.0;284.0;210.0;146.0;256.0;51.0;64.0;87.0;46.0;88.0;199.0;144.0;92.0;138.0;285.0;243.0;111.0;383.0;289.0;124.0;146.0;230.0;328.0
18;359.0;101.0;197.0;48.0;262.0;78.0;257.0;253.0;148.0;62.0;312.0;81.0;214.0;240.0;152.0;26.0;134.0;82.0;0.0;57.0;311.0;119.0;256.0;219.0;406.0;161.0;395.0;194.0;127.0;234.0;66.0;259.0;199.0;254.0;58.0;106.0;249.0;204.0;338.0;312.0;135.0;79.0;40.0;265.0;81.0;126.0;269.0;337.0;150.0;315.0;303.0;197.0;148.0;157.0;87.0;275.0;264.0;85.0;214.0;259.0;37.0;137.0;158.0;81.0;181.0;283.0;160.0;131.0;79.0;134.0;222.0;287.0;247.0;379.0;228.0;130.0;231.0;45.0;224.0;53.0;301.0;255.0;231.0;202.0;370.0;125.0;56.0;34.0;211.0;142.0;64.0;175.0;182.0;232.0;225.0;120.0;341.0;208.0;40.0;242.0;125.0;257.0;469.0;148.0;116.0;216.0;276.0;222.0;25.0;275.0;6.0;80.0;137.0;135.0;149.0;246.0;251.0;165.0;506.0;116.0;247.0;208.0;148.0;183.0;258.0;367.0;87.0;205.0;92.0;73.0;155.0;93.0;84.0;59.0;67.0;178.0;217.0;320.0;286.0;52.0;239.0;138.0;22.0;249.0;140.0;92.0;52.0;195.0;395.0;272.0;84.0;382.0;310.0;332.0;134.0;128.0;190.0;103.0;193.0;293.0;95.0;343.0;119.0;105.0;199.0;112.0;225.0;164.0;180.0;292.0;154.0;124.0;295.0;303.0;178.0;185.0;10.0;171.0;111.0;161.0;203.0;218.0;214.0;446.0;101.0;576.0;153.0;111.0;174.0;137.0;338.0;329.0;216.0;280.0;69.0;266.0;52.0;64.0;74.0;42.0;165.0;253.0;165.0;107.0;126.0;304.0;325.0;123.0;463.0;344.0;193.0;170.0;226.0;374.0
19;414.0;155.0;177.0;104.0;318.0;91.0;314.0;307.0;178.0;117.0;353.0;108.0;267.0;289.0;168.0;37.0;138.0;130.0;57.0;0.0;366.0;176.0;224.0;276.0;460.0;196.0;452.0;228.0;177.0;189.0;122.0;316.0;255.0;299.0;106.0;161.0;305.0;218.0;350.0;345.0;175.0;90.0;97.0;210.0;115.0;152.0;299.0;390.0;139.0;361.0;302.0;220.0;186.0;189.0;73.0;331.0;234.0;136.0;271.0;248.0;94.0;168.0;145.0;120.0;235.0;339.0;177.0;185.0;106.0;158.0;280.0;343.0;303.0;380.0;184.0;183.0;267.0;53.0;261.0;110.0;353.0;225.0;273.0;257.0;424.0;163.0;67.0;86.0;162.0;168.0;83.0;159.0;238.0;277.0;187.0;120.0;396.0;216.0;73.0;296.0;174.0;313.0;526.0;205.0;101.0;273.0;332.0;278.0;79.0;319.0;60.0;133.0;190.0;128.0;150.0;236.0;308.0;196.0;553.0;65.0;293.0;261.0;147.0;239.0;311.0;360.0;143.0;251.0;138.0;99.0;112.0;150.0;109.0;108.0;118.0;227.0;212.0;374.0;342.0;48.0;297.0;92.0;79.0;306.0;157.0;115.0;87.0;176.0;452.0;308.0;96.0;437.0;367.0;389.0;187.0;185.0;165.0;97.0;250.0;277.0;149.0;399.0;175.0;153.0;221.0;162.0;251.0;212.0;216.0;349.0;185.0;66.0;350.0;300.0;235.0;204.0;58.0;142.0;54.0;217.0;222.0;264.0;202.0;474.0;98.0;632.0;204.0;159.0;123.0;192.0;394.0;375.0;159.0;335.0;19.0;244.0;109.0;121.0;129.0;97.0;217.0;263.0;220.0;164.0;104.0;358.0;370.0;178.0;513.0;402.0;248.0;227.0;197.0;431.0
20;208.0;211.0;477.0;274.0;165.0;354.0;109.0;206.0;238.0;250.0;349.0;332.0;103.0;264.0;281.0;337.0;313.0;286.0;311.0;366.0;0.0;207.0;548.0;121.0;280.0;215.0;148.0;336.0;191.0;542.0;263.0;84.0;113.0;299.0;294.0;206.0;182.0;288.0;504.0;394.0;304.0;356.0;271.0;575.0;265.0;346.0;392.0;244.0;426.0;307.0;521.0;252.0;212.0;334.0;342.0;180.0;551.0;231.0;148.0;511.0;281.0;241.0;436.0;309.0;215.0;178.0;275.0;181.0;332.0;261.0;117.0;171.0;166.0;579.0;535.0;183.0;344.0;346.0;334.0;259.0;237.0;543.0;310.0;200.0;242.0;226.0;313.0;296.0;521.0;253.0;300.0;453.0;194.0;291.0;525.0;321.0;223.0;430.0;323.0;214.0;196.0;161.0;195.0;172.0;406.0;116.0;185.0;99.0;287.0;130.0;307.0;233.0;176.0;337.0;322.0;497.0;103.0;339.0;420.0;407.0;287.0;105.0;326.0;179.0;225.0;594.0;224.0;141.0;232.0;335.0;464.0;236.0;337.0;290.0;248.0;259.0;466.0;222.0;163.0;357.0;134.0;448.0;294.0;148.0;371.0;281.0;284.0;474.0;108.0;360.0;303.0;226.0;144.0;88.0;179.0;205.0;478.0;389.0;152.0;550.0;252.0;46.0;232.0;274.0;255.0;206.0;382.0;267.0;327.0;138.0;232.0;429.0;199.0;530.0;135.0;385.0;308.0;465.0;416.0;203.0;395.0;283.0;477.0;309.0;327.0;360.0;247.0;278.0;485.0;229.0;63.0;320.0;517.0;189.0;371.0;540.0;267.0;250.0;238.0;282.0;237.0;452.0;147.0;206.0;420.0;24.0;328.0;189.0;362.0;128.0;202.0;143.0;515.0;101.0
21;244.0;59.0;271.0;73.0;146.0;147.0;139.0;145.0;156.0;69.0;244.0;125.0;128.0;154.0;188.0;141.0;195.0;79.0;119.0;176.0;207.0;0.0;341.0;101.0;298.0;150.0;276.0;163.0;80.0;337.0;58.0;143.0;97.0;181.0;88.0;48.0;136.0;230.0;336.0;264.0;111.0;149.0;82.0;379.0;121.0;144.0;237.0;231.0;219.0;229.0;332.0;205.0;135.0;145.0;184.0;161.0;344.0;75.0;95.0;310.0;83.0;149.0;229.0;102.0;80.0;168.0;190.0;61.0;125.0;161.0;105.0;171.0;131.0;399.0;330.0;67.0;189.0;144.0;179.0;68.0;196.0;336.0;169.0;94.0;259.0;124.0;147.0;94.0;319.0;162.0;141.0;247.0;71.0;160.0;319.0;191.0;230.0;234.0;119.0;138.0;85.0;140.0;351.0;35.0;199.0;100.0;163.0;110.0;100.0;214.0;116.0;67.0;68.0;211.0;211.0;296.0;133.0;151.0;411.0;232.0;169.0;116.0;213.0;67.0;155.0;403.0;49.0;145.0;89.0;128.0;260.0;29.0;130.0;84.0;81.0;103.0;264.0;210.0;169.0;155.0;121.0;247.0;97.0;132.0;169.0;144.0;118.0;268.0;280.0;222.0;156.0;268.0;191.0;215.0;65.0;11.0;271.0;182.0;74.0;349.0;45.0;233.0;35.0;72.0;208.0;77.0;208.0;98.0;150.0;174.0;157.0;242.0;183.0;338.0;73.0;193.0;120.0;258.0;230.0;51.0;207.0;146.0;273.0;413.0;183.0;460.0;75.0;78.0;285.0;47.0;223.0;245.0;335.0;167.0;187.0;335.0;67.0;57.0;61.0;81.0;78.0;266.0;66.0;31.0;214.0;206.0;245.0;43.0;363.0;226.0;86.0;67.0;308.0;257.0
22;521.0;352.0;74.0;279.0;444.0;195.0;467.0;413.0;400.0;313.0;374.0;216.0;462.0;365.0;392.0;232.0;360.0;263.0;256.0;224.0;548.0;341.0;0.0;436.0;538.0;416.0;592.0;264.0;381.0;75.0;287.0;479.0;437.0;351.0;255.0;353.0;424.0;441.0;253.0;335.0;258.0;193.0;291.0;156.0;334.0;211.0;284.0;476.0;123.0;410.0;168.0;444.0;404.0;239.0;294.0;448.0;16.0;340.0;417.0;102.0;275.0;390.0;113.0;240.0;356.0;456.0;401.0;379.0;216.0;382.0;440.0;464.0;431.0;229.0;70.0;380.0;289.0;213.0;293.0;300.0;441.0;13.0;321.0;378.0;515.0;381.0;291.0;258.0;104.0;391.0;306.0;97.0;371.0;337.0;43.0;341.0;493.0;164.0;231.0;400.0;379.0;442.0;670.0;376.0;144.0;437.0;446.0;450.0;281.0;531.0;262.0;333.0;387.0;346.0;370.0;104.0;465.0;239.0;582.0;243.0;354.0;452.0;367.0;381.0;407.0;185.0;334.0;460.0;348.0;214.0;117.0;313.0;211.0;259.0;323.0;321.0;118.0;470.0;467.0;204.0;442.0;137.0;266.0;443.0;188.0;338.0;304.0;77.0;611.0;319.0;320.0;538.0;498.0;543.0;382.0;344.0;70.0;161.0;404.0;96.0;297.0;571.0;318.0;278.0;445.0;366.0;244.0;307.0;262.0;484.0;407.0;204.0;457.0;155.0;414.0;202.0;264.0;86.0;209.0;355.0;206.0;331.0;93.0;698.0;319.0;728.0;317.0;275.0;128.0;325.0;559.0;417.0;216.0;447.0;234.0;53.0;287.0;305.0;324.0;271.0;331.0;190.0;404.0;347.0;132.0;547.0;406.0;366.0;561.0;542.0;372.0;407.0;33.0;587.0
23;165.0;133.0;363.0;174.0;75.0;245.0;39.0;104.0;205.0;162.0;244.0;221.0;94.0;152.0;247.0;242.0;267.0;174.0;219.0;276.0;121.0;101.0;436.0;0.0;232.0;189.0;176.0;215.0;130.0;437.0;159.0;43.0;55.0;187.0;187.0;123.0;81.0;276.0;385.0;282.0;184.0;247.0;180.0;481.0;200.0;229.0;274.0;173.0;312.0;209.0;400.0;243.0;178.0;214.0;274.0;95.0;437.0;155.0;30.0;392.0;184.0;203.0;322.0;196.0;94.0;98.0;245.0;109.0;221.0;221.0;4.0;97.0;66.0;458.0;430.0;115.0;225.0;245.0;215.0;166.0;150.0;429.0;193.0;82.0;189.0;180.0;239.0;196.0;420.0;218.0;229.0;339.0;74.0;175.0;416.0;269.0;162.0;309.0;220.0;107.0;137.0;69.0;250.0;71.0;297.0;11.0;99.0;30.0;198.0;184.0;216.0;152.0;109.0;288.0;280.0;378.0;32.0;218.0;362.0;329.0;174.0;80.0;284.0;59.0;122.0;473.0;137.0;139.0;164.0;225.0;361.0;130.0;226.0;183.0;169.0;139.0;347.0;149.0;91.0;256.0;34.0;348.0;198.0;53.0;253.0;221.0;208.0;360.0;179.0;245.0;240.0;189.0;101.0;113.0;110.0;95.0;366.0;280.0;32.0;431.0;141.0;136.0;118.0;158.0;246.0;139.0;261.0;146.0;206.0;84.0;203.0;342.0;120.0;410.0;56.0;264.0;219.0;355.0;329.0;83.0;274.0;166.0;359.0;390.0;267.0;371.0;127.0;161.0;386.0;111.0;123.0;225.0;434.0;104.0;286.0;423.0;168.0;155.0;152.0;182.0;116.0;331.0;70.0;114.0;312.0;129.0;230.0;105.0;308.0;128.0;82.0;62.0;403.0;156.0
24;73.0;351.0;467.0;359.0;159.0;392.0;202.0;154.0;435.0;367.0;179.0;366.0;320.0;179.0;475.0;423.0;490.0;331.0;406.0;460.0;280.0;298.0;538.0;232.0;0.0;420.0;163.0;275.0;357.0;569.0;341.0;225.0;286.0;187.0;354.0;339.0;163.0;507.0;368.0;234.0;298.0;394.0;377.0;635.0;418.0;342.0;269.0;69.0;429.0;131.0;428.0;474.0;408.0;305.0;482.0;140.0;533.0;371.0;215.0;457.0;370.0;432.0;437.0;345.0;225.0;135.0;474.0;334.0;367.0;448.0;231.0;135.0;172.0;452.0;561.0;341.0;250.0;413.0;246.0;363.0;106.0;527.0;218.0;206.0;42.0;407.0;445.0;374.0;565.0;446.0;440.0;448.0;228.0;202.0;536.0;488.0;70.0;376.0;388.0;164.0;364.0;165.0;208.0;286.0;433.0;242.0;137.0;255.0;393.0;398.0;406.0;365.0;336.0;508.0;505.0;446.0;213.0;303.0;140.0;522.0;185.0;308.0;508.0;232.0;149.0;489.0;346.0;368.0;383.0;374.0;508.0;316.0;368.0;352.0;379.0;236.0;423.0;88.0;141.0;423.0;198.0;503.0;385.0;180.0;358.0;440.0;416.0;464.0;223.0;228.0;454.0;55.0;141.0;194.0;336.0;287.0;479.0;418.0;237.0;491.0;312.0;250.0;287.0;307.0;477.0;363.0;297.0;252.0;279.0;154.0;433.0;523.0;116.0;443.0;286.0;336.0;411.0;479.0;512.0;249.0;333.0;210.0;445.0;589.0;482.0;190.0;256.0;303.0;540.0;269.0;224.0;130.0;614.0;133.0;475.0;504.0;357.0;352.0;360.0;365.0;243.0;367.0;299.0;325.0;448.0;303.0;143.0;324.0;82.0;154.0;214.0;292.0;509.0;205.0
25;354.0;94.0;358.0;157.0;262.0;235.0;223.0;278.0;23.0;117.0;393.0;227.0;117.0;302.0;66.0;183.0;99.0;198.0;161.0;196.0;215.0;150.0;416.0;189.0;420.0;0.0;345.0;307.0;70.0;385.0;162.0;208.0;137.0;330.0;187.0;103.0;262.0;87.0;475.0;414.0;249.0;236.0;134.0;395.0;82.0;266.0;384.0;359.0;310.0;375.0;455.0;56.0;16.0;281.0;144.0;281.0;424.0;90.0;206.0;417.0;154.0;30.0;318.0;214.0;226.0;286.0;60.0;93.0;226.0;48.0;190.0;285.0;250.0;528.0;380.0;86.0;337.0;205.0;327.0;132.0;330.0;415.0;319.0;233.0;378.0;36.0;129.0;171.0;356.0;39.0;113.0;335.0;211.0;310.0;381.0;111.0;351.0;356.0;194.0;275.0;65.0;256.0;406.0;142.0;277.0;179.0;285.0;169.0;139.0;128.0;155.0;100.0;88.0;125.0;107.0;403.0;212.0;289.0;547.0;213.0;319.0;122.0;112.0;199.0;293.0;522.0;112.0;75.0;76.0;224.0;307.0;157.0;232.0;184.0;101.0;253.0;374.0;335.0;280.0;212.0;223.0;288.0;157.0;241.0;286.0;83.0;111.0;356.0;320.0;372.0;106.0;378.0;288.0;275.0;89.0;160.0;351.0;263.0;186.0;452.0;178.0;259.0;182.0;206.0;59.0;74.0;350.0;247.0;293.0;271.0;17.0;245.0;306.0;457.0;134.0;323.0;152.0;330.0;233.0;196.0;340.0;296.0;373.0;286.0;123.0;553.0;225.0;214.0;317.0;197.0;265.0;391.0;321.0;290.0;192.0;426.0;149.0;134.0;111.0;161.0;228.0;396.0;121.0;120.0;286.0;198.0;392.0;109.0;494.0;304.0;227.0;129.0;386.0;307.0
26;105.0;308.0;519.0;349.0;148.0;412.0;138.0;183.0;365.0;339.0;297.0;386.0;228.0;242.0;409.0;418.0;435.0;341.0;395.0;452.0;148.0;276.0;592.0;176.0;163.0;345.0;0.0;340.0;300.0;604.0;333.0;141.0;212.0;271.0;358.0;299.0;169.0;426.0;481.0;352.0;334.0;414.0;356.0;653.0;374.0;382.0;369.0;161.0;471.0;246.0;522.0;390.0;337.0;356.0;449.0;147.0;591.0;330.0;182.0;531.0;359.0;365.0;480.0;362.0;237.0;139.0;405.0;282.0;387.0;385.0;173.0;131.0;161.0;563.0;596.0;286.0;332.0;418.0;323.0;342.0;178.0;584.0;294.0;214.0;137.0;345.0;414.0;370.0;590.0;380.0;404.0;496.0;225.0;273.0;579.0;439.0;136.0;446.0;392.0;196.0;306.0;151.0;77.0;248.0;462.0;181.0;150.0;182.0;374.0;278.0;392.0;328.0;279.0;457.0;446.0;519.0;145.0;357.0;296.0;505.0;262.0;223.0;450.0;217.0;195.0;591.0;313.0;276.0;337.0;392.0;531.0;303.0;390.0;354.0;344.0;272.0;490.0;150.0;127.0;429.0;157.0;520.0;374.0;151.0;404.0;393.0;384.0;515.0;61.0;329.0;413.0;110.0;94.0;70.0;281.0;268.0;525.0;445.0;202.0;570.0;310.0;105.0;285.0;321.0;393.0;311.0;378.0;286.0;337.0;109.0;361.0;518.0;146.0;534.0;226.0;400.0;395.0;518.0;506.0;243.0;404.0;273.0;507.0;447.0;440.0;213.0;276.0;321.0;558.0;272.0;86.0;254.0;611.0;150.0;462.0;571.0;343.0;331.0;328.0;357.0;262.0;453.0;241.0;291.0;477.0;172.0;266.0;280.0;240.0;51.0;221.0;234.0;560.0;50.0
