Vehicle:
Average speed:;1173
Time limit:;1330.03
Fuel comsumption rate:;1
Fuel Capacity:;586.5
Depot:
ID;X;Y;Service Time
0;500;500;0
Customers:
ID;X;Y;Service Time
1;238;446;7.92568
2;749;750;7.92568
3;960;879;7.92568
4;955;866;7.92568
5;202;336;7.92568
6;720;788;7.92568
7;695;743;7.92568
8;739;603;7.92568
9;217;419;7.92568
10;922;870;7.92568
11;703;733;7.92568
12;843;856;7.92568
13;233;682;7.92568
14;259;459;7.92568
15;226;305;7.92568
16;732;722;7.92568
17;747;858;7.92568
18;949;784;7.92568
19;904;891;7.92568
20;880;795;7.92568
21;591;661;7.92568
22;984;926;7.92568
23;246;438;7.92568
24;183;501;7.92568
25;546;966;7.92568
26;742;771;7.92568
27;110;698;7.92568
28;193;441;7.92568
29;215;388;7.92568
30;232;516;7.92568
31;907;954;7.92568
32;133;526;7.92568
33;750;680;7.92568
34;397;553;7.92568
35;103;488;7.92568
36;663;731;7.92568
37;784;686;7.92568
38;754;821;7.92568
39;280;456;7.92568
40;236;424;7.92568
41;287;454;7.92568
42;598;728;7.92568
43;996;821;7.92568
44;853;710;7.92568
45;744;473;7.92568
46;887;907;7.92568
47;286;422;7.92568
48;857;633;7.92568
49;272;484;7.92568
50;934;625;7.92568
51;939;892;7.92568
52;810;732;7.92568
53;631;723;7.92568
54;822;694;7.92568
55;769;768;7.92568
56;977;840;7.92568
57;639;736;7.92568
58;727;765;7.92568
59;950;896;7.92568
60;206;433;7.92568
61;207;535;7.92568
62;164;586;7.92568
63;754;691;7.92568
64;662;768;7.92568
65;348;308;7.92568
66;254;455;7.92568
67;130;482;7.92568
68;764;726;7.92568
69;713;758;7.92568
70;965;934;7.92568
71;693;734;7.92568
72;890;801;7.92568
73;808;675;7.92568
74;393;484;7.92568
75;727;808;7.92568
76;955;756;7.92568
77;854;640;7.92568
78;249;552;7.92568
79;188;479;7.92568
80;187;506;7.92568
81;901;767;7.92568
82;664;770;7.92568
83;558;530;7.92568
84;714;742;7.92568
85;979;683;7.92568
86;200;416;7.92568
87;294;391;7.92568
88;344;471;7.92568
89;240;449;7.92568
90;735;633;7.92568
91;944;952;7.92568
92;157;421;7.92568
93;768;750;7.92568
94;813;936;7.92568
95;534;720;7.92568
96;986;914;7.92568
97;963;798;7.92568
98;905;579;7.92568
99;175;397;7.92568
100;972;940;7.92568
101;184;561;7.92568
102;357;399;7.92568
103;859;770;7.92568
104;661;762;7.92568
105;298;469;7.92568
106;14;438;7.92568
107;275;561;7.92568
108;856;919;7.92568
109;219;453;7.92568
110;272;465;7.92568
111;294;296;7.92568
112;754;775;7.92568
113;229;467;7.92568
114;946;778;7.92568
115;711;803;7.92568
116;858;879;7.92568
117;665;347;7.92568
118;981;802;7.92568
119;924;973;7.92568
120;267;545;7.92568
121;760;764;7.92568
122;942;894;7.92568
123;219;465;7.92568
124;665;756;7.92568
125;92;212;7.92568
126;920;940;7.92568
127;937;814;7.92568
128;804;654;7.92568
129;281;489;7.92568
130;669;647;7.92568
131;308;309;7.92568
132;998;876;7.92568
133;900;910;7.92568
135;873;706;7.92568
136;209;467;7.92568
137;991;966;7.92568
138;766;729;7.92568
139;341;458;7.92568
140;897;957;7.92568
141;224;368;7.92568
142;818;679;7.92568
143;707;703;7.92568
144;280;450;7.92568
145;252;462;7.92568
146;717;683;7.92568
147;458;236;7.92568
149;278;356;7.92568
151;991;818;7.92568
AFSs:
ID;X;Y;Service Time
134;753;900;293.25
148;989;489;293.25
150;144;446;293.25
152;831;812;293.25
Distance matrix:
;0;1;2;3;4;5;6;7;8;9;10;11;12;13;14;15;16;17;18;19;20;21;22;23;24;25;26;27;28;29;30;31;32;33;34;35;36;37;38;39;40;41;42;43;44;45;46;47;48;49;50;51;52;53;54;55;56;57;58;59;60;61;62;63;64;65;66;67;68;69;70;71;72;73;74;75;76;77;78;79;80;81;82;83;84;85;86;87;88;89;90;91;92;93;94;95;96;97;98;99;100;101;102;103;104;105;106;107;108;109;110;111;112;113;114;115;116;117;118;119;120;121;122;123;124;125;126;127;128;129;130;131;132;133;134;135;136;137;138;139;140;141;142;143;144;145;146;147;148;149;150;151;152
0;0.0;268.0;353.0;596.0;584.0;340.0;362.0;312.0;260.0;294.0;561.0;309.0;494.0;323.0;244.0;336.0;321.0;435.0;531.0;562.0;481.0;185.0;645.0;261.0;317.0;468.0;363.0;437.0;313.0;306.0;268.0;610.0;368.0;308.0;116.0;397.0;283.0;339.0;409.0;224.0;275.0;218.0;248.0;591.0;411.0;245.0;562.0;228.0;381.0;229.0;452.0;589.0;387.0;259.0;376.0;380.0;586.0;274.0;349.0;599.0;302.0;295.0;347.0;318.0;313.0;245.0;250.0;370.0;348.0;335.0;636.0;303.0;493.0;354.0;108.0;383.0;522.0;381.0;256.0;313.0;313.0;482.0;316.0;65.0;323.0;513.0;312.0;233.0;159.0;265.0;270.0;634.0;352.0;367.0;537.0;223.0;638.0;551.0;413.0;341.0;645.0;322.0;175.0;449.0;308.0;204.0;490.0;233.0;550.0;285.0;231.0;290.0;374.0;273.0;526.0;369.0;521.0;225.0;568.0;635.0;237.0;371.0;592.0;283.0;305.0;499.0;608.0;538.0;341.0;219.0;224.0;271.0;624.0;573.0;473.0;426.0;293.0;677.0;351.0;164.0;605.0;306.0;365.0;290.0;226.0;251.0;284.0;267.0;489.0;265.0;360.0;585.0;455.0
1;268.0;0.0;595.0;842.0;831.0;116.0;591.0;545.0;525.0;34.0;805.0;546.0;731.0;236.0;25.0;142.0;566.0;655.0;787.0;801.0;731.0;413.0;887.0;11.0;78.0;604.0;600.0;283.0;45.0;62.0;70.0;840.0;132.0;563.0;192.0;141.0;512.0;596.0;638.0;43.0;22.0;50.0;457.0;846.0;669.0;507.0;796.0;54.0;647.0;51.0;719.0;831.0;640.0;481.0;634.0;621.0;837.0;495.0;584.0;842.0;35.0;94.0;158.0;571.0;532.0;176.0;18.0;114.0;596.0;568.0;876.0;538.0;742.0;614.0;160.0;608.0;781.0;646.0;107.0;60.0;79.0;737.0;535.0;331.0;561.0;778.0;48.0;78.0;109.0;4.0;531.0;869.0;85.0;611.0;755.0;403.0;882.0;806.0;680.0;80.0;885.0;127.0;128.0;700.0;528.0;64.0;224.0;121.0;778.0;20.0;39.0;160.0;612.0;23.0;782.0;593.0;756.0;438.0;824.0;865.0;103.0;611.0;834.0;27.0;528.0;276.0;842.0;790.0;603.0;61.0;476.0;154.0;873.0;808.0;687.0;686.0;36.0;915.0;599.0;104.0;834.0;79.0;625.0;535.0;42.0;21.0;534.0;304.0;752.0;98.0;94.0;840.0;697.0
2;353.0;595.0;0.0;247.0;236.0;686.0;48.0;54.0;147.0;627.0;211.0;49.0;142.0;520.0;570.0;687.0;33.0;108.0;203.0;210.0;139.0;181.0;294.0;592.0;618.0;296.0;22.0;641.0;636.0;645.0;567.0;258.0;655.0;70.0;403.0;697.0;88.0;73.0;71.0;554.0;608.0;549.0;153.0;257.0;111.0;277.0;209.0;567.0;159.0;546.0;223.0;237.0;64.0;121.0;92.0;27.0;245.0;111.0;27.0;248.0;629.0;583.0;608.0;59.0;89.0;597.0;576.0;675.0;28.0;37.0;284.0;58.0;150.0;95.0;444.0;62.0;206.0;152.0;538.0;623.0;613.0;153.0;87.0;291.0;36.0;240.0;643.0;580.0;492.0;591.0;118.0;281.0;677.0;19.0;197.0;217.0;288.0;219.0;231.0;674.0;293.0;596.0;526.0;112.0;89.0;531.0;798.0;510.0;200.0;608.0;556.0;643.0;25.0;592.0;199.0;65.0;169.0;412.0;238.0;283.0;524.0;18.0;241.0;602.0;84.0;849.0;256.0;199.0;111.0;536.0;130.0;624.0;279.0;220.0;150.0;132.0;610.0;324.0;27.0;502.0;254.0;649.0;99.0;63.0;557.0;574.0;74.0;591.0;355.0;614.0;677.0;251.0;103.0
3;596.0;842.0;247.0;0.0;14.0;932.0;257.0;298.0;354.0;874.0;39.0;296.0;119.0;753.0;817.0;932.0;277.0;214.0;96.0;57.0;116.0;429.0;53.0;839.0;864.0;423.0;243.0;869.0;883.0;892.0;813.0;92.0;899.0;289.0;651.0;942.0;332.0;261.0;214.0;801.0;855.0;796.0;392.0;68.0;200.0;460.0;78.0;814.0;267.0;793.0;255.0;25.0;210.0;364.0;231.0;221.0;43.0;351.0;259.0;20.0;876.0;828.0;848.0;279.0;318.0;837.0;824.0;920.0;249.0;275.0;55.0;304.0;105.0;254.0;691.0;244.0;123.0;261.0;783.0;869.0;858.0;127.0;315.0;532.0;282.0;197.0;890.0;826.0;739.0;839.0;333.0;75.0;924.0;231.0;158.0;455.0;44.0;81.0;305.0;921.0;62.0;839.0;771.0;149.0;321.0;779.0;1044.0;755.0;111.0;855.0;803.0;885.0;231.0;839.0;102.0;260.0;102.0;608.0;80.0;101.0;769.0;231.0;23.0;849.0;320.0;1095.0;73.0;69.0;274.0;783.0;372.0;866.0;38.0;68.0;208.0;194.0;857.0;92.0;245.0;749.0;100.0;896.0;245.0;308.0;804.0;822.0;312.0;816.0;391.0;859.0;924.0;68.0;145.0
4;584.0;831.0;236.0;14.0;0.0;921.0;248.0;288.0;340.0;863.0;33.0;285.0;112.0;745.0;806.0;920.0;265.0;208.0;82.0;57.0;103.0;418.0;67.0;828.0;854.0;421.0;233.0;862.0;873.0;881.0;803.0;100.0;890.0;277.0;640.0;932.0;322.0;248.0;206.0;790.0;844.0;785.0;383.0;61.0;186.0;446.0;79.0;803.0;253.0;783.0;242.0;31.0;197.0;354.0;217.0;210.0;34.0;342.0;249.0;30.0;865.0;818.0;839.0;267.0;309.0;825.0;813.0;910.0;237.0;265.0;69.0;293.0;92.0;241.0;680.0;235.0;110.0;248.0;773.0;859.0;848.0;113.0;306.0;520.0;271.0;185.0;879.0;814.0;728.0;828.0;320.0;87.0;914.0;220.0;158.0;446.0;57.0;68.0;291.0;910.0;76.0;829.0;759.0;136.0;312.0;768.0;1034.0;745.0;112.0;844.0;792.0;873.0;221.0;828.0;88.0;252.0;98.0;595.0;69.0;111.0;759.0;220.0;31.0;838.0;310.0;1083.0;82.0;55.0;260.0;772.0;360.0;854.0;44.0;70.0;205.0;180.0;846.0;106.0;233.0;737.0;108.0;885.0;232.0;297.0;793.0;811.0;300.0;802.0;379.0;848.0;913.0;60.0;135.0
5;340.0;116.0;686.0;932.0;921.0;0.0;687.0;639.0;600.0;84.0;896.0;639.0;825.0;347.0;136.0;39.0;656.0;755.0;871.0;895.0;819.0;507.0;980.0;111.0;166.0;718.0;693.0;374.0;105.0;54.0;182.0;938.0;202.0;647.0;292.0;181.0;607.0;679.0;735.0;143.0;94.0;145.0;557.0;930.0;751.0;559.0;892.0;120.0;719.0;164.0;787.0;923.0;726.0;578.0;716.0;713.0;924.0;592.0;678.0;934.0;97.0;199.0;253.0;656.0;631.0;149.0;130.0;163.0;684.0;663.0;969.0;632.0;830.0;694.0;242.0;706.0;862.0;719.0;221.0;144.0;171.0;821.0;634.0;405.0;653.0;851.0;80.0;107.0;196.0;119.0;610.0;964.0;96.0;701.0;856.0;508.0;974.0;890.0;744.0;67.0;979.0;226.0;167.0;787.0;626.0;164.0;214.0;237.0;876.0;118.0;147.0;100.0;705.0;134.0;865.0;691.0;852.0;463.0;908.0;963.0;219.0;703.0;927.0;130.0;625.0;166.0;938.0;877.0;681.0;172.0;561.0;109.0;962.0;904.0;788.0;766.0;131.0;1010.0;687.0;185.0;932.0;39.0;705.0;624.0;138.0;136.0;621.0;275.0;802.0;79.0;124.0;925.0;789.0
6;362.0;591.0;48.0;257.0;248.0;687.0;0.0;51.0;186.0;624.0;218.0;58.0;141.0;498.0;566.0;691.0;67.0;75.0;229.0;211.0;160.0;181.0;298.0;589.0;609.0;249.0;28.0;617.0;631.0;644.0;559.0;250.0;643.0;112.0;399.0;686.0;81.0;120.0;47.0;551.0;606.0;547.0;136.0;278.0;154.0;316.0;205.0;568.0;207.0;541.0;269.0;242.0;106.0;110.0;139.0;53.0;262.0;96.0;24.0;254.0;625.0;572.0;592.0;103.0;61.0;607.0;573.0;665.0;76.0;31.0;285.0;60.0;170.0;143.0;446.0;21.0;237.0;200.0;527.0;615.0;603.0;182.0;59.0;305.0;46.0;279.0;639.0;582.0;492.0;588.0;156.0;278.0;672.0;61.0;175.0;198.0;294.0;243.0;279.0;671.0;294.0;582.0;532.0;140.0;64.0;529.0;788.0;500.0;189.0;603.0;552.0;651.0;36.0;587.0;226.0;17.0;165.0;444.0;261.0;275.0;514.0;47.0;246.0;596.0;64.0;852.0;251.0;219.0;158.0;531.0;150.0;632.0;292.0;217.0;117.0;174.0;603.0;324.0;75.0;503.0;245.0;650.0;147.0;86.0;555.0;570.0;105.0;611.0;402.0;618.0;670.0;273.0;114.0
7;312.0;545.0;54.0;298.0;288.0;639.0;51.0;0.0;147.0;577.0;260.0;13.0;186.0;466.0;520.0;642.0;43.0;126.0;257.0;256.0;192.0;132.0;342.0;543.0;566.0;268.0;55.0;587.0;586.0;597.0;516.0;299.0;602.0;84.0;353.0;645.0;34.0;106.0;98.0;505.0;559.0;500.0;98.0;311.0;161.0;274.0;253.0;520.0;196.0;496.0;267.0;286.0;116.0;67.0;136.0;78.0;298.0;56.0;39.0;297.0;579.0;530.0;554.0;79.0;41.0;556.0;527.0;622.0;71.0;23.0;331.0;9.0;203.0;132.0;398.0;72.0;260.0;189.0;485.0;572.0;561.0;207.0;41.0;253.0;19.0;290.0;593.0;534.0;444.0;542.0;117.0;325.0;627.0;73.0;226.0;163.0;338.0;274.0;266.0;625.0;340.0;542.0;482.0;166.0;39.0;482.0;746.0;458.0;239.0;557.0;506.0;601.0;67.0;542.0;253.0;62.0;212.0;397.0;292.0;325.0;472.0;68.0;289.0;551.0;33.0;803.0;299.0;252.0;141.0;486.0;99.0;581.0;331.0;264.0;167.0;182.0;559.0;371.0;72.0;454.0;294.0;602.0;139.0;42.0;508.0;525.0;64.0;560.0;389.0;569.0;626.0;305.0;153.0
8;260.0;525.0;147.0;354.0;340.0;600.0;186.0;147.0;0.0;553.0;324.0;135.0;274.0;512.0;501.0;593.0;119.0;255.0;277.0;332.0;238.0;159.0;405.0;520.0;565.0;411.0;168.0;636.0;570.0;566.0;514.0;389.0;611.0;78.0;346.0;646.0;149.0;94.0;219.0;482.0;534.0;476.0;188.0;337.0;156.0;130.0;338.0;488.0;122.0;482.0;196.0;351.0;147.0;161.0;123.0;168.0;336.0;166.0;162.0;361.0;559.0;536.0;575.0;89.0;182.0;490.0;507.0;621.0;126.0;157.0;401.0;139.0;249.0;100.0;366.0;205.0;265.0;121.0;493.0;565.0;560.0;231.0;183.0;195.0;141.0;253.0;571.0;493.0;416.0;522.0;30.0;405.0;610.0;150.0;341.0;236.0;397.0;297.0;168.0;600.0;410.0;557.0;433.0;206.0;177.0;461.0;744.0;466.0;337.0;541.0;487.0;541.0;173.0;528.0;271.0;202.0;301.0;266.0;313.0;414.0;476.0;162.0;355.0;538.0;170.0;756.0;383.0;289.0;83.0;472.0;83.0;522.0;376.0;347.0;297.0;169.0;547.0;442.0;129.0;424.0;388.0;566.0;110.0;105.0;484.0;507.0;83.0;462.0;275.0;523.0;615.0;331.0;228.0
9;294.0;34.0;627.0;874.0;863.0;84.0;624.0;577.0;553.0;0.0;837.0;579.0;763.0;263.0;58.0;114.0;598.0;688.0;818.0;834.0;762.0;445.0;919.0;35.0;89.0;638.0;632.0;299.0;33.0;31.0;98.0;873.0;136.0;593.0;224.0;133.0;544.0;627.0;671.0;73.0;20.0;78.0;491.0;877.0;699.0;530.0;829.0;69.0;675.0;85.0;746.0;863.0;671.0;514.0;665.0;653.0;869.0;528.0;616.0;875.0;18.0;116.0;175.0;602.0;566.0;172.0;52.0;107.0;627.0;601.0;908.0;571.0;774.0;644.0;188.0;641.0;811.0;674.0;137.0;67.0;92.0;767.0;568.0;359.0;593.0;806.0;17.0;82.0;137.0;38.0;560.0;901.0;60.0;643.0;789.0;437.0;915.0;837.0;706.0;47.0;917.0;146.0;141.0;732.0;561.0;95.0;204.0;153.0;811.0;34.0;72.0;145.0;644.0;49.0;813.0;626.0;789.0;454.0;855.0;898.0;136.0;643.0;867.0;46.0;561.0;242.0;875.0;821.0;632.0;95.0;506.0;143.0;905.0;841.0;720.0;716.0;49.0;948.0;630.0;130.0;867.0;51.0;655.0;566.0;70.0;55.0;565.0;303.0;775.0;88.0;78.0;871.0;729.0
10;561.0;805.0;211.0;39.0;33.0;896.0;218.0;260.0;324.0;837.0;0.0;258.0;80.0;714.0;780.0;896.0;241.0;175.0;90.0;28.0;86.0;391.0;84.0;802.0;826.0;388.0;205.0;830.0;846.0;856.0;776.0;85.0;861.0;256.0;613.0;904.0;294.0;230.0;175.0;764.0;818.0;759.0;354.0;89.0;174.0;435.0;51.0;778.0;246.0;756.0;245.0;28.0;178.0;326.0;202.0;184.0;63.0;313.0;221.0;38.0;839.0;790.0;809.0;245.0;279.0;803.0;786.0;882.0;214.0;237.0;77.0;266.0;76.0;226.0;655.0;205.0;119.0;240.0;744.0;832.0;820.0;105.0;277.0;498.0;244.0;195.0;853.0;790.0;702.0;801.0;302.0;85.0;887.0;195.0;127.0;416.0;78.0;83.0;291.0;884.0;86.0;800.0;736.0;118.0;282.0;742.0;1006.0;717.0;82.0;817.0;766.0;851.0;193.0;802.0;95.0;221.0;65.0;583.0;90.0;103.0;731.0;194.0;31.0;811.0;281.0;1059.0;70.0;58.0;246.0;746.0;337.0;832.0;76.0;46.0;172.0;171.0;819.0;118.0;210.0;712.0;91.0;860.0;217.0;272.0;767.0;784.0;277.0;786.0;387.0;824.0;886.0;86.0;108.0
11;309.0;546.0;49.0;296.0;285.0;639.0;58.0;13.0;135.0;579.0;258.0;0.0;186.0;473.0;522.0;641.0;31.0;133.0;251.0;256.0;188.0;133.0;341.0;544.0;569.0;281.0;54.0;594.0;588.0;598.0;519.0;301.0;606.0;71.0;355.0;648.0;40.0;94.0;102.0;506.0;560.0;501.0;105.0;306.0;152.0;263.0;253.0;520.0;184.0;498.0;255.0;285.0;107.0;73.0;125.0;75.0;294.0;64.0;40.0;296.0;581.0;534.0;559.0;66.0;54.0;554.0;528.0;626.0;61.0;27.0;330.0;10.0;199.0;120.0;398.0;79.0;253.0;177.0;489.0;574.0;564.0;201.0;54.0;249.0;14.0;280.0;595.0;533.0;444.0;543.0;105.0;326.0;629.0;67.0;231.0;169.0;336.0;268.0;254.0;626.0;339.0;547.0;481.0;160.0;51.0;483.0;749.0;461.0;241.0;559.0;508.0;599.0;66.0;544.0;247.0;70.0;213.0;388.0;286.0;326.0;475.0;65.0;288.0;553.0;44.0;803.0;300.0;248.0;128.0;487.0;92.0;579.0;328.0;265.0;174.0;172.0;561.0;370.0;63.0;455.0;296.0;602.0;127.0;30.0;509.0;526.0;52.0;554.0;376.0;568.0;628.0;300.0;150.0
12;494.0;731.0;142.0;119.0;112.0;825.0;141.0;186.0;274.0;763.0;80.0;186.0;0.0;634.0;706.0;827.0;174.0;96.0;128.0;70.0;71.0;319.0;157.0;729.0;749.0;317.0;132.0;750.0;771.0;783.0;699.0;117.0;783.0;199.0;539.0;826.0;219.0;180.0;96.0;691.0;745.0;686.0;276.0;157.0;146.0;396.0;67.0;706.0;223.0;681.0;248.0;103.0;128.0;250.0;163.0;115.0;135.0;237.0;147.0;114.0;765.0;712.0;731.0;187.0;201.0;738.0;713.0;805.0;152.0;163.0;145.0;193.0;72.0;184.0;584.0;126.0;150.0;216.0;667.0;756.0;744.0;106.0;199.0;433.0;172.0;220.0;779.0;719.0;630.0;728.0;248.0;139.0;812.0;130.0;85.0;338.0;154.0;133.0;284.0;810.0;154.0;722.0;667.0;87.0;205.0;668.0;928.0;640.0;64.0;743.0;692.0;784.0;120.0;727.0;129.0;142.0;27.0;539.0;148.0;142.0;655.0;124.0;106.0;736.0;204.0;989.0;114.0;103.0;206.0;671.0;272.0;765.0;156.0;79.0;100.0;153.0;744.0;184.0;149.0;641.0;115.0;788.0;179.0;205.0;694.0;710.0;214.0;730.0;395.0;754.0;810.0;153.0;46.0
13;323.0;236.0;520.0;753.0;745.0;347.0;498.0;466.0;512.0;263.0;714.0;473.0;634.0;0.0;225.0;377.0;501.0;543.0;723.0;703.0;657.0;359.0;790.0;244.0;188.0;423.0;517.0;124.0;244.0;295.0;166.0;727.0;185.0;517.0;209.0;234.0;433.0;551.0;539.0;231.0;258.0;234.0;368.0;776.0;621.0;552.0;692.0;265.0;626.0;202.0;703.0;737.0;579.0;400.0;589.0;543.0;761.0;410.0;501.0;748.0;250.0;149.0;118.0;521.0;438.0;391.0;228.0;225.0;533.0;486.0;774.0;463.0;668.0;575.0;255.0;510.0;726.0;622.0;131.0;208.0;182.0;673.0;440.0;359.0;485.0;746.0;268.0;297.0;238.0;233.0;504.0;761.0;272.0;539.0;633.0;303.0;788.0;739.0;680.0;291.0;783.0;131.0;309.0;632.0;435.0;223.0;328.0;128.0;667.0;229.0;220.0;391.0;529.0;215.0;719.0;493.0;655.0;547.0;758.0;750.0;141.0;533.0;740.0;217.0;438.0;491.0;734.0;716.0;572.0;199.0;437.0;380.0;789.0;705.0;564.0;640.0;216.0;809.0;535.0;249.0;719.0;314.0;585.0;474.0;237.0;221.0;484.0;500.0;780.0;329.0;252.0;770.0;612.0
14;244.0;25.0;570.0;817.0;806.0;136.0;566.0;520.0;501.0;58.0;780.0;522.0;706.0;225.0;0.0;157.0;541.0;630.0;763.0;776.0;706.0;389.0;862.0;25.0;87.0;583.0;575.0;282.0;68.0;84.0;63.0;815.0;143.0;538.0;167.0;159.0;487.0;572.0;613.0;21.0;42.0;28.0;433.0;821.0;645.0;485.0;771.0;46.0;623.0;28.0;695.0;806.0;615.0;456.0;610.0;596.0;813.0;470.0;559.0;818.0;59.0;92.0;159.0;547.0;508.0;175.0;6.0;131.0;571.0;544.0;851.0;514.0;718.0;590.0;136.0;584.0;757.0;622.0;94.0;74.0;86.0;712.0;511.0;307.0;536.0;754.0;73.0;76.0;86.0;21.0;507.0;844.0;109.0;586.0;731.0;379.0;858.0;781.0;657.0;104.0;860.0;127.0;115.0;676.0;503.0;40.0;246.0;103.0;754.0;40.0;14.0;167.0;587.0;31.0;757.0;568.0;732.0;421.0;799.0;840.0;86.0;587.0;810.0;40.0;503.0;298.0;817.0;765.0;579.0;37.0;451.0;158.0;849.0;784.0;662.0;662.0;51.0;890.0;574.0;82.0;809.0;97.0;601.0;510.0;23.0;8.0;510.0;299.0;731.0;105.0;116.0;815.0;672.0
15;336.0;142.0;687.0;932.0;920.0;39.0;691.0;642.0;593.0;114.0;896.0;641.0;827.0;377.0;157.0;0.0;656.0;760.0;867.0;896.0;817.0;510.0;980.0;134.0;201.0;734.0;695.0;410.0;140.0;84.0;211.0;941.0;240.0;644.0;301.0;220.0;610.0;676.0;738.0;160.0;119.0;161.0;563.0;927.0;746.0;545.0;894.0;131.0;711.0;185.0;777.0;924.0;723.0;582.0;712.0;714.0;922.0;597.0;680.0;935.0;130.0;231.0;288.0;654.0;636.0;122.0;153.0;201.0;683.0;665.0;970.0;634.0;829.0;690.0;245.0;710.0;857.0;712.0;248.0;178.0;205.0;818.0;639.0;401.0;655.0;843.0;114.0;110.0;204.0;145.0;606.0;967.0;135.0;701.0;862.0;517.0;974.0;887.0;732.0;105.0;980.0;259.0;161.0;785.0;631.0;179.0;250.0;261.0;880.0;148.0;166.0;69.0;707.0;162.0;861.0;695.0;854.0;441.0;904.0;966.0;243.0;704.0;927.0;160.0;629.0;163.0;941.0;874.0;675.0;192.0;560.0;82.0;960.0;906.0;795.0;761.0;163.0;1011.0;687.0;191.0;936.0;63.0;700.0;624.0;155.0;159.0;620.0;242.0;785.0;73.0;163.0;921.0;789.0
16;321.0;566.0;33.0;277.0;265.0;656.0;67.0;43.0;119.0;598.0;241.0;31.0;174.0;501.0;541.0;656.0;0.0;137.0;226.0;241.0;165.0;154.0;324.0;563.0;592.0;307.0;50.0;622.0;608.0;616.0;541.0;291.0;630.0;46.0;375.0;671.0;70.0;63.0;101.0;524.0;579.0;519.0;134.0;282.0;122.0;249.0;241.0;538.0;153.0;518.0;224.0;268.0;79.0;101.0;94.0;59.0;272.0;94.0;43.0;279.0;600.0;557.0;584.0;38.0;84.0;565.0;548.0;648.0;32.0;41.0;315.0;41.0;177.0;89.0;414.0;86.0;226.0;147.0;512.0;596.0;586.0;175.0;83.0;259.0;27.0;250.0;614.0;549.0;462.0;563.0;89.0;313.0;649.0;46.0;229.0;198.0;318.0;243.0;224.0;645.0;324.0;571.0;495.0;136.0;81.0;502.0;772.0;485.0;233.0;579.0;527.0;611.0;57.0;564.0;221.0;84.0;201.0;381.0;262.0;316.0;498.0;50.0;271.0;574.0;75.0;818.0;288.0;225.0;99.0;508.0;98.0;592.0;307.0;252.0;179.0;142.0;582.0;356.0;35.0;472.0;287.0;619.0;96.0;31.0;528.0;546.0;42.0;558.0;347.0;583.0;650.0;276.0;134.0
17;435.0;655.0;108.0;214.0;208.0;755.0;75.0;126.0;255.0;688.0;175.0;133.0;96.0;543.0;630.0;760.0;137.0;0.0;215.0;160.0;147.0;251.0;247.0;654.0;667.0;228.0;87.0;657.0;693.0;710.0;618.0;187.0;698.0;178.0;464.0;743.0;152.0;176.0;38.0;616.0;670.0;612.0;198.0;252.0;182.0;385.0;148.0;635.0;250.0;605.0;299.0;195.0;141.0;178.0;180.0;93.0;231.0;163.0;95.0;207.0;688.0;629.0;643.0;167.0;124.0;679.0;637.0;723.0;133.0;106.0;231.0;135.0;154.0;193.0;515.0;54.0;232.0;243.0;584.0;675.0;661.0;179.0;121.0;379.0;121.0;291.0;703.0;651.0;559.0;651.0;225.0;218.0;734.0;110.0;102.0;254.0;245.0;224.0;321.0;735.0;239.0;637.0;602.0;142.0;129.0;594.0;845.0;558.0;125.0;665.0;617.0;722.0;83.0;649.0;214.0;66.0;113.0;518.0;241.0;211.0;573.0;95.0;198.0;658.0;131.0;920.0;191.0;195.0;212.0;594.0;225.0;703.0;252.0;162.0;42.0;197.0;665.0;267.0;130.0;570.0;180.0;717.0;193.0;160.0;620.0;634.0;178.0;686.0;441.0;687.0;730.0;247.0;96.0
18;531.0;787.0;203.0;96.0;82.0;871.0;229.0;257.0;277.0;818.0;90.0;251.0;128.0;723.0;763.0;867.0;226.0;215.0;0.0;116.0;70.0;379.0;146.0;784.0;817.0;442.0;207.0;843.0;830.0;834.0;765.0;175.0;856.0;225.0;598.0;896.0;291.0;192.0;198.0;745.0;799.0;740.0;355.0;60.0;121.0;372.0;138.0;755.0;177.0;740.0;160.0;108.0;148.0;324.0;156.0;181.0;63.0;314.0;223.0;112.0;822.0;783.0;810.0;216.0;287.0;767.0;769.0;873.0;194.0;237.0;151.0;261.0;61.0;178.0;632.0;223.0;29.0;173.0;737.0;820.0;811.0;51.0;285.0;466.0;239.0;105.0;835.0;764.0;681.0;784.0;262.0;168.0;871.0;184.0;204.0;420.0;135.0;20.0;210.0;865.0;158.0;797.0;706.0;91.0;289.0;723.0;997.0;710.0;164.0;802.0;748.0;817.0;195.0;787.0;7.0;239.0;132.0;521.0;37.0;191.0;723.0;190.0;110.0;797.0;285.0;1030.0;159.0;32.0;195.0;730.0;312.0;798.0;104.0;135.0;228.0;109.0;805.0;187.0;191.0;690.0;181.0;836.0;168.0;255.0;748.0;768.0;253.0;736.0;298.0;796.0;873.0;54.0;121.0
19;562.0;801.0;210.0;57.0;57.0;895.0;211.0;256.0;332.0;834.0;28.0;256.0;70.0;703.0;776.0;896.0;241.0;160.0;116.0;0.0;99.0;388.0;87.0;799.0;820.0;366.0;202.0;817.0;841.0;853.0;770.0;63.0;853.0;261.0;609.0;897.0;289.0;238.0;166.0;761.0;815.0;756.0;347.0;116.0;188.0;448.0;23.0;776.0;262.0;752.0;268.0;35.0;185.0;321.0;213.0;183.0;89.0;307.0;217.0;46.0;835.0;783.0;800.0;250.0;271.0;806.0;783.0;875.0;216.0;233.0;75.0;263.0;91.0;236.0;653.0;195.0;144.0;256.0;738.0;826.0;814.0;124.0;269.0;500.0;241.0;221.0;849.0;789.0;700.0;798.0;308.0;73.0;883.0;196.0;102.0;408.0;85.0;110.0;312.0;881.0;84.0;792.0;736.0;129.0;275.0;738.0;999.0;710.0;56.0;813.0;762.0;852.0;190.0;797.0;121.0;212.0;48.0;594.0;118.0;84.0;725.0;192.0;38.0;807.0;274.0;1058.0;52.0;84.0;257.0;741.0;339.0;833.0;95.0;19.0;151.0;188.0;814.0;115.0;213.0;710.0;66.0;858.0;229.0;272.0;764.0;780.0;280.0;792.0;411.0;823.0;881.0;114.0;108.0
20;481.0;731.0;139.0;116.0;103.0;819.0;160.0;192.0;238.0;762.0;86.0;188.0;71.0;657.0;706.0;817.0;165.0;147.0;70.0;99.0;0.0;319.0;167.0;728.0;756.0;375.0;140.0;776.0;773.0;780.0;706.0;161.0;794.0;174.0;540.0;835.0;226.0;145.0;129.0;689.0;743.0;684.0;290.0;119.0;89.0;350.0;112.0;701.0;164.0;683.0;178.0;114.0;94.0;259.0;116.0;114.0;107.0;248.0;156.0;123.0;765.0;721.0;746.0;163.0;220.0;721.0;712.0;813.0;135.0;171.0;163.0;197.0;12.0;140.0;578.0;154.0;85.0;157.0;676.0;761.0;751.0;35.0;217.0;417.0;174.0;149.0;778.0;712.0;626.0;728.0;217.0;170.0;814.0;121.0;156.0;354.0;159.0;83.0;217.0;810.0;172.0;734.0;656.0;33.0;221.0;667.0;937.0;649.0;126.0;744.0;692.0;770.0;128.0;729.0;68.0;169.0;87.0;497.0;101.0;183.0;662.0;124.0;117.0;739.0;219.0;980.0;150.0;60.0;160.0;673.0;258.0;751.0;143.0;117.0;165.0;89.0;747.0;204.0;132.0;636.0;163.0;783.0;132.0;196.0;692.0;711.0;198.0;700.0;325.0;745.0;815.0;113.0;52.0
21;185.0;413.0;181.0;429.0;418.0;507.0;181.0;132.0;159.0;445.0;391.0;133.0;319.0;359.0;389.0;510.0;154.0;251.0;379.0;388.0;319.0;0.0;474.0;411.0;438.0;308.0;187.0;482.0;455.0;465.0;387.0;431.0;477.0;160.0;222.0;518.0;100.0;195.0;228.0;372.0;427.0;368.0;67.0;435.0;267.0;242.0;385.0;387.0;267.0;365.0;345.0;418.0;230.0;74.0;233.0;208.0;425.0;89.0;171.0;429.0;447.0;404.0;434.0;166.0;128.0;429.0;395.0;495.0;185.0;156.0;463.0;125.0;330.0;217.0;266.0;200.0;376.0;264.0;359.0;442.0;433.0;328.0;131.0;135.0;147.0;389.0;461.0;401.0;312.0;410.0;147.0;457.0;496.0;198.0;353.0;82.0;469.0;396.0;325.0;493.0;472.0;419.0;351.0;289.0;123.0;350.0;619.0;331.0;370.0;426.0;374.0;471.0;199.0;411.0;374.0;186.0;345.0;323.0;415.0;456.0;344.0;198.0;421.0;420.0;120.0;671.0;431.0;378.0;213.0;355.0;79.0;452.0;460.0;397.0;289.0;286.0;428.0;503.0;188.0;322.0;426.0;470.0;228.0;123.0;376.0;393.0;128.0;445.0;434.0;437.0;496.0;430.0;284.0
22;645.0;887.0;294.0;53.0;67.0;980.0;298.0;342.0;405.0;919.0;84.0;341.0;157.0;790.0;862.0;980.0;324.0;247.0;146.0;87.0;167.0;474.0;0.0;885.0;907.0;440.0;287.0;903.0;928.0;939.0;857.0;82.0;940.0;340.0;695.0;984.0;376.0;312.0;253.0;846.0;901.0;842.0;434.0;106.0;253.0;513.0;99.0;861.0;319.0;838.0;305.0;56.0;261.0;407.0;283.0;267.0;86.0;394.0;303.0;45.0;921.0;870.0;888.0;329.0;359.0;887.0;869.0;963.0;297.0;319.0;21.0;349.0;156.0;307.0;738.0;283.0;172.0;314.0;825.0;913.0;901.0;179.0;356.0;582.0;327.0;243.0;935.0;873.0;785.0;884.0;385.0;48.0;969.0;279.0;171.0;495.0;12.0;130.0;356.0;967.0;18.0;879.0;819.0;200.0;362.0;824.0;1086.0;797.0;128.0;899.0;848.0;934.0;275.0;884.0;153.0;299.0;134.0;661.0;124.0;76.0;812.0;276.0;53.0;893.0;361.0;1143.0;66.0;121.0;326.0;828.0;421.0;915.0;52.0;86.0;232.0;246.0;901.0;41.0;294.0;795.0;92.0;943.0;298.0;356.0;850.0;867.0;361.0;868.0;437.0;907.0;967.0;108.0;191.0
23;261.0;11.0;592.0;839.0;828.0;111.0;589.0;543.0;520.0;35.0;802.0;544.0;729.0;244.0;25.0;134.0;563.0;654.0;784.0;799.0;728.0;411.0;885.0;0.0;89.0;607.0;597.0;293.0;53.0;59.0;79.0;839.0;143.0;559.0;190.0;151.0;510.0;592.0;636.0;38.0;17.0;44.0;456.0;842.0;665.0;499.0;794.0;43.0;641.0;53.0;713.0;828.0;636.0;479.0;630.0;618.0;834.0;493.0;582.0;840.0;40.0;105.0;169.0;568.0;531.0;165.0;19.0;124.0;593.0;566.0;873.0;536.0;739.0;610.0;154.0;607.0;777.0;641.0;114.0;71.0;90.0;733.0;534.0;325.0;558.0;773.0;51.0;67.0;103.0;13.0;526.0;867.0;91.0;608.0;755.0;403.0;880.0;802.0;674.0;82.0;883.0;138.0;118.0;697.0;526.0;61.0;232.0;126.0;777.0;31.0;37.0;150.0;610.0;34.0;778.0;591.0;754.0;429.0;820.0;864.0;109.0;609.0;832.0;38.0;526.0;273.0;840.0;787.0;598.0;62.0;472.0;143.0;870.0;807.0;686.0;682.0;47.0;913.0;596.0;97.0;833.0;73.0;621.0;532.0;36.0;25.0;531.0;293.0;745.0;88.0;102.0;836.0;694.0
24;317.0;78.0;618.0;864.0;854.0;166.0;609.0;566.0;565.0;89.0;826.0;569.0;749.0;188.0;87.0;201.0;592.0;667.0;817.0;820.0;756.0;438.0;907.0;89.0;0.0;590.0;621.0;210.0;61.0;117.0;51.0;854.0;56.0;595.0;220.0;81.0;532.0;629.0;655.0;107.0;93.0;114.0;473.0;874.0;702.0;562.0;813.0;130.0;687.0;91.0;761.0;851.0;668.0;500.0;668.0;644.0;863.0;513.0;605.0;863.0;72.0;42.0;87.0;602.0;548.0;254.0;85.0;56.0;623.0;589.0;894.0;561.0;768.0;649.0;211.0;625.0;813.0;685.0;83.0;23.0;6.0;766.0;551.0;376.0;583.0;817.0;87.0;156.0;164.0;77.0;568.0;885.0;84.0;636.0;766.0;414.0;903.0;835.0;726.0;104.0;903.0;60.0;202.0;728.0;545.0;119.0;180.0;110.0;792.0;60.0;96.0;233.0;633.0;57.0;812.0;608.0;774.0;506.0;853.0;879.0;95.0;634.0;855.0;51.0;545.0;303.0;858.0;816.0;640.0;99.0;507.0;229.0;897.0;825.0;696.0;720.0;43.0;932.0;626.0;164.0;847.0;139.0;659.0;562.0;110.0;79.0;564.0;382.0;806.0;173.0;67.0;868.0;719.0
25;468.0;604.0;296.0;423.0;421.0;718.0;249.0;268.0;411.0;638.0;388.0;281.0;317.0;423.0;583.0;734.0;307.0;228.0;442.0;366.0;375.0;308.0;440.0;607.0;590.0;0.0;276.0;512.0;633.0;666.0;549.0;361.0;603.0;351.0;439.0;652.0;263.0;367.0;254.0;575.0;624.0;574.0;244.0;473.0;400.0;531.0;346.0;603.0;456.0;554.0;517.0;400.0;353.0;257.0;388.0;298.0;449.0;248.0;270.0;410.0;632.0;548.0;539.0;345.0;229.0;687.0;589.0;638.0;324.0;267.0;420.0;275.0;382.0;392.0;506.0;240.0;460.0;448.0;510.0;604.0;584.0;407.0;229.0;436.0;280.0;517.0;650.0;628.0;535.0;601.0;383.0;398.0;670.0;310.0;269.0;246.0;443.0;450.0;528.0;679.0;427.0;543.0;598.0;369.0;234.0;555.0;750.0;487.0;314.0;608.0;571.0;716.0;282.0;591.0;442.0;232.0;324.0;630.0;465.0;378.0;505.0;294.0;402.0;598.0;241.0;880.0;375.0;420.0;405.0;546.0;342.0;699.0;461.0;358.0;217.0;418.0;602.0;445.0;323.0;548.0;351.0;679.0;395.0;308.0;581.0;583.0;331.0;735.0;651.0;666.0;657.0;469.0;324.0
26;363.0;600.0;22.0;243.0;233.0;693.0;28.0;55.0;168.0;632.0;205.0;54.0;132.0;517.0;575.0;695.0;50.0;87.0;207.0;202.0;140.0;187.0;287.0;597.0;621.0;276.0;0.0;636.0;641.0;651.0;570.0;246.0;656.0;91.0;408.0;699.0;89.0;95.0;51.0;559.0;614.0;555.0;150.0;259.0;127.0;298.0;199.0;574.0;180.0;551.0;241.0;231.0;78.0;121.0;111.0;27.0;245.0;109.0;16.0;243.0;634.0;585.0;607.0;81.0;80.0;608.0;581.0;677.0;50.0;32.0;276.0;61.0;151.0;116.0;452.0;40.0;214.0;172.0;539.0;626.0;615.0;159.0;78.0;303.0;40.0;253.0;648.0;587.0;498.0;596.0;138.0;271.0;682.0;33.0;180.0;214.0;283.0;223.0;252.0;679.0;285.0;596.0;535.0;117.0;81.0;537.0;801.0;512.0;187.0;612.0;561.0;653.0;13.0;596.0;204.0;45.0;158.0;431.0;241.0;272.0;526.0;19.0;235.0;606.0;78.0;857.0;245.0;200.0;132.0;540.0;144.0;634.0;277.0;210.0;129.0;146.0;614.0;316.0;48.0;509.0;242.0;656.0;119.0;76.0;563.0;579.0;91.0;606.0;375.0;623.0;681.0;253.0;98.0
27;437.0;283.0;641.0;869.0;862.0;374.0;617.0;587.0;636.0;299.0;830.0;594.0;750.0;124.0;282.0;410.0;622.0;657.0;843.0;817.0;776.0;482.0;903.0;293.0;210.0;512.0;636.0;0.0;270.0;327.0;219.0;837.0;174.0;640.0;322.0;210.0;554.0;674.0;656.0;296.0;302.0;301.0;489.0;894.0;743.0;673.0;805.0;327.0;750.0;268.0;827.0;851.0;701.0;522.0;712.0;663.0;879.0;530.0;621.0;863.0;282.0;190.0;124.0;644.0;556.0;457.0;282.0;217.0;655.0;606.0;887.0;584.0;787.0;698.0;355.0;627.0;847.0;746.0;202.0;232.0;207.0;794.0;559.0;478.0;606.0;869.0;296.0;358.0;326.0;281.0;628.0;872.0;281.0;660.0;742.0;425.0;902.0;859.0;804.0;308.0;895.0;156.0;388.0;752.0;555.0;296.0;277.0;214.0;778.0;268.0;284.0;442.0;649.0;260.0;840.0;610.0;770.0;657.0;877.0;859.0;219.0;653.0;855.0;257.0;558.0;486.0;845.0;835.0;695.0;270.0;561.0;436.0;906.0;818.0;674.0;763.0;251.0;921.0;657.0;333.0;829.0;349.0;708.0;597.0;301.0;275.0;607.0;578.0;904.0;381.0;254.0;889.0;730.0
28;313.0;45.0;636.0;883.0;873.0;105.0;631.0;586.0;570.0;33.0;846.0;588.0;771.0;244.0;68.0;140.0;608.0;693.0;830.0;841.0;773.0;455.0;928.0;53.0;61.0;633.0;641.0;270.0;0.0;57.0;85.0;879.0;104.0;606.0;233.0;102.0;552.0;640.0;678.0;88.0;46.0;95.0;496.0;888.0;713.0;552.0;836.0;95.0;691.0;90.0;764.0;872.0;682.0;521.0;678.0;662.0;880.0;535.0;625.0;883.0;15.0;95.0;148.0;614.0;572.0;204.0;63.0;75.0;638.0;609.0;916.0;580.0;784.0;658.0;205.0;648.0;825.0;690.0;124.0;38.0;65.0;779.0;575.0;376.0;602.0;822.0;26.0;113.0;154.0;48.0;575.0;908.0;41.0;653.0;793.0;441.0;923.0;849.0;725.0;48.0;925.0;120.0;169.0;743.0;568.0;109.0;179.0;145.0;817.0;29.0;83.0;177.0;653.0;44.0;825.0;632.0;796.0;481.0;867.0;904.0;128.0;653.0;875.0;35.0;567.0;250.0;882.0;832.0;647.0;100.0;519.0;175.0;915.0;848.0;724.0;730.0;31.0;955.0;641.0;149.0;873.0;79.0;669.0;577.0;87.0;63.0;577.0;335.0;797.0;120.0;49.0;883.0;738.0
29;306.0;62.0;645.0;892.0;881.0;54.0;644.0;597.0;566.0;31.0;856.0;598.0;783.0;295.0;84.0;84.0;616.0;710.0;834.0;853.0;780.0;465.0;939.0;59.0;117.0;666.0;651.0;327.0;57.0;0.0;129.0;894.0;161.0;609.0;246.0;150.0;564.0;642.0;691.0;94.0;42.0;98.0;512.0;893.0;715.0;536.0;849.0;79.0;687.0;112.0;757.0;882.0;687.0;534.0;680.0;672.0;886.0;549.0;636.0;893.0;46.0;147.0;204.0;618.0;587.0;155.0;78.0;127.0;645.0;620.0;928.0;590.0;791.0;659.0;202.0;662.0;826.0;687.0;167.0;95.0;121.0;784.0;590.0;371.0;612.0;819.0;32.0;79.0;153.0;66.0;575.0;922.0;67.0;661.0;811.0;460.0;933.0;853.0;716.0;41.0;937.0;176.0;142.0;749.0;582.0;116.0;207.0;183.0;832.0;65.0;96.0;121.0;664.0;80.0;829.0;647.0;809.0;452.0;871.0;919.0;165.0;662.0;886.0;77.0;581.0;215.0;895.0;838.0;646.0;121.0;523.0;122.0;923.0;861.0;743.0;731.0;79.0;968.0;648.0;144.0;888.0;22.0;670.0;584.0;90.0;83.0;582.0;287.0;781.0;71.0;92.0;887.0;748.0
30;268.0;70.0;567.0;813.0;803.0;182.0;559.0;516.0;514.0;98.0;776.0;519.0;699.0;166.0;63.0;211.0;541.0;618.0;765.0;770.0;706.0;387.0;857.0;79.0;51.0;549.0;570.0;219.0;85.0;129.0;0.0;805.0;100.0;543.0;169.0;132.0;482.0;578.0;605.0;77.0;92.0;83.0;423.0;823.0;651.0;514.0;763.0;108.0;636.0;51.0;710.0;801.0;617.0;449.0;616.0;593.0;812.0;463.0;554.0;812.0;87.0;31.0;98.0;551.0;498.0;238.0;65.0;108.0;572.0;538.0;844.0;510.0;717.0;598.0;164.0;575.0;762.0;634.0;40.0;57.0;46.0;715.0;501.0;326.0;532.0;765.0;105.0;140.0;121.0;67.0;516.0;835.0;121.0;585.0;717.0;364.0;853.0;784.0;676.0;132.0;853.0;66.0;171.0;676.0;495.0;81.0;232.0;62.0;743.0;64.0;65.0;229.0;583.0;49.0;761.0;558.0;724.0;465.0;802.0;829.0;45.0;583.0;804.0;53.0;495.0;335.0;808.0;765.0;588.0;56.0;456.0;221.0;846.0;776.0;647.0;669.0;54.0;882.0;575.0;123.0;798.0;148.0;608.0;510.0;82.0;58.0;513.0;360.0;757.0;166.0;112.0;817.0;668.0
31;610.0;840.0;258.0;92.0;100.0;938.0;250.0;299.0;389.0;873.0;85.0;301.0;117.0;727.0;815.0;941.0;291.0;187.0;175.0;63.0;161.0;431.0;82.0;839.0;854.0;361.0;246.0;837.0;879.0;894.0;805.0;0.0;884.0;316.0;649.0;929.0;331.0;295.0;203.0;801.0;855.0;796.0;383.0;160.0;250.0;508.0;51.0;818.0;325.0;790.0;330.0;70.0;242.0;360.0;274.0;232.0;134.0;345.0;261.0;72.0;873.0;816.0;829.0;304.0;308.0;854.0;822.0;909.0;269.0;276.0;61.0;307.0;154.0;296.0;696.0;232.0;204.0;318.0;771.0;862.0;848.0;187.0;305.0;549.0;287.0;280.0;888.0;832.0;742.0;837.0;364.0;37.0;920.0;247.0;96.0;440.0;89.0;166.0;375.0;920.0;66.0;823.0;781.0;190.0;312.0;779.0;1031.0;744.0;62.0;851.0;801.0;899.0;235.0;835.0;180.0;247.0;90.0;653.0;169.0;25.0;760.0;240.0;69.0;844.0;313.0;1102.0;19.0;143.0;317.0;780.0;388.0;880.0;120.0;45.0;163.0;250.0;851.0;85.0;266.0;753.0;10.0;900.0;289.0;321.0;804.0;819.0;331.0;847.0;472.0;868.0;917.0;160.0;161.0
32;368.0;132.0;655.0;899.0;890.0;202.0;643.0;602.0;611.0;136.0;861.0;606.0;783.0;185.0;143.0;240.0;630.0;698.0;856.0;853.0;794.0;477.0;940.0;143.0;56.0;603.0;656.0;174.0;104.0;161.0;100.0;884.0;0.0;636.0;265.0;48.0;568.0;670.0;688.0;163.0;145.0;170.0;507.0;912.0;743.0;613.0;845.0;185.0;732.0;145.0;807.0;885.0;708.0;536.0;709.0;680.0;901.0;548.0;640.0;897.0;118.0;75.0;68.0;643.0;582.0;306.0;140.0;44.0;662.0;625.0;927.0;597.0;805.0;691.0;263.0;658.0;854.0;730.0;119.0;72.0;58.0;805.0;584.0;425.0;620.0;860.0;129.0;210.0;218.0;132.0;611.0;916.0;108.0;673.0;794.0;445.0;937.0;873.0;774.0;136.0;936.0;62.0;257.0;766.0;578.0;175.0;148.0;146.0;823.0;113.0;152.0;281.0;669.0;113.0;851.0;641.0;806.0;561.0;892.0;909.0;135.0;671.0;889.0;105.0;580.0;317.0;889.0;854.0;683.0;153.0;549.0;279.0;933.0;858.0;724.0;762.0;96.0;964.0;665.0;219.0;877.0;182.0;702.0;601.0;165.0;135.0;605.0;436.0;857.0;223.0;81.0;906.0;754.0
33;308.0;563.0;70.0;289.0;277.0;647.0;112.0;84.0;78.0;593.0;256.0;71.0;199.0;517.0;538.0;644.0;46.0;178.0;225.0;261.0;174.0;160.0;340.0;559.0;595.0;351.0;91.0;640.0;606.0;609.0;543.0;316.0;636.0;0.0;375.0;675.0;101.0;35.0;141.0;521.0;574.0;515.0;159.0;284.0;107.0;207.0;265.0;531.0;117.0;517.0;192.0;284.0;79.0;127.0;73.0;90.0;278.0;124.0;88.0;294.0;597.0;562.0;593.0;12.0;124.0;548.0;545.0;651.0;48.0;86.0;333.0;79.0;185.0;58.0;407.0;130.0;219.0;111.0;517.0;597.0;589.0;174.0;124.0;244.0;72.0;229.0;610.0;540.0;457.0;560.0;49.0;334.0;647.0;72.0;264.0;220.0;332.0;244.0;185.0;641.0;342.0;578.0;483.0;141.0;121.0;499.0;775.0;490.0;261.0;577.0;524.0;596.0;95.0;563.0;219.0;129.0;226.0;344.0;261.0;341.0;502.0;85.0;288.0;573.0;114.0;807.0;311.0;230.0;60.0;506.0;87.0;577.0;316.0;275.0;220.0;126.0;581.0;374.0;52.0;465.0;314.0;612.0;68.0;49.0;523.0;544.0;33.0;531.0;306.0;573.0;650.0;278.0;155.0
34;116.0;192.0;403.0;651.0;640.0;292.0;399.0;353.0;346.0;224.0;613.0;355.0;539.0;209.0;167.0;301.0;375.0;464.0;598.0;609.0;540.0;222.0;695.0;190.0;220.0;439.0;408.0;322.0;233.0;246.0;169.0;649.0;265.0;375.0;0.0;301.0;320.0;409.0;446.0;152.0;206.0;148.0;267.0;656.0;482.0;356.0;604.0;172.0;467.0;143.0;542.0;639.0;450.0;289.0;448.0;430.0;647.0;303.0;392.0;651.0;226.0;191.0;235.0;383.0;341.0;250.0;173.0;276.0;406.0;377.0;684.0;347.0;552.0;429.0;69.0;417.0;594.0;465.0;148.0;222.0;215.0;548.0;344.0;163.0;369.0;596.0;240.0;192.0;98.0;188.0;347.0;677.0;274.0;420.0;565.0;216.0;691.0;617.0;509.0;271.0;693.0;213.0;159.0;510.0;337.0;130.0;400.0;122.0;587.0;204.0;153.0;277.0;420.0;189.0;593.0;401.0;565.0;338.0;635.0;674.0;130.0;420.0;643.0;199.0;336.0;457.0;651.0;600.0;419.0;132.0;288.0;260.0;682.0;617.0;497.0;500.0;207.0;723.0;409.0;110.0;643.0;253.0;439.0;344.0;156.0;171.0;345.0;323.0;595.0;230.0;275.0;650.0;505.0
35;397.0;141.0;697.0;942.0;932.0;181.0;686.0;645.0;646.0;133.0;904.0;648.0;826.0;234.0;159.0;220.0;671.0;743.0;896.0;897.0;835.0;518.0;984.0;151.0;81.0;652.0;699.0;210.0;102.0;150.0;132.0;929.0;48.0;675.0;301.0;0.0;610.0;709.0;731.0;180.0;148.0;187.0;550.0;953.0;782.0;641.0;889.0;195.0;768.0;169.0;842.0;928.0;748.0;578.0;748.0;722.0;942.0;591.0;683.0;940.0;117.0;114.0;115.0;682.0;625.0;304.0;155.0;28.0;703.0;667.0;971.0;639.0;847.0;729.0;290.0;701.0;893.0;766.0;159.0;85.0;86.0;845.0;628.0;457.0;662.0;897.0;121.0;214.0;242.0;142.0;648.0;961.0;86.0;715.0;840.0;489.0;980.0;914.0;807.0;116.0;980.0;109.0;269.0;807.0;622.0;196.0;102.0;187.0;868.0;121.0;171.0;271.0;711.0;128.0;891.0;685.0;850.0;579.0;932.0;954.0;174.0;713.0;932.0;118.0;623.0;276.0;934.0;895.0;720.0;178.0;588.0;272.0;975.0;902.0;770.0;800.0;108.0;1008.0;705.0;240.0;922.0;170.0;740.0;641.0;181.0;151.0;644.0;435.0;886.0;219.0;59.0;947.0;797.0
36;283.0;512.0;88.0;332.0;322.0;607.0;81.0;34.0;149.0;544.0;294.0;40.0;219.0;433.0;487.0;610.0;70.0;152.0;291.0;289.0;226.0;100.0;376.0;510.0;532.0;263.0;89.0;554.0;552.0;564.0;482.0;331.0;568.0;101.0;320.0;610.0;0.0;129.0;128.0;472.0;526.0;467.0;65.0;345.0;191.0;270.0;285.0;487.0;217.0;462.0;291.0;320.0;147.0;33.0;163.0;112.0;332.0;25.0;72.0;331.0;546.0;496.0;520.0;99.0;37.0;527.0;493.0;588.0;101.0;57.0;364.0;30.0;238.0;155.0;366.0;100.0;293.0;212.0;451.0;538.0;526.0;241.0;39.0;227.0;52.0;320.0;560.0;502.0;412.0;508.0;122.0;357.0;593.0;107.0;254.0;129.0;371.0;307.0;286.0;591.0;373.0;508.0;452.0;200.0;31.0;449.0;712.0;424.0;269.0;524.0;473.0;570.0;101.0;508.0;287.0;87.0;245.0;384.0;326.0;356.0;438.0;102.0;323.0;518.0;25.0;772.0;331.0;286.0;161.0;452.0;84.0;551.0;365.0;297.0;191.0;211.0;525.0;403.0;103.0;422.0;325.0;570.0;163.0;52.0;475.0;491.0;72.0;536.0;406.0;537.0;592.0;339.0;187.0
37;339.0;596.0;73.0;261.0;248.0;679.0;120.0;106.0;94.0;627.0;230.0;94.0;180.0;551.0;572.0;676.0;63.0;176.0;192.0;238.0;145.0;195.0;312.0;592.0;629.0;367.0;95.0;674.0;640.0;642.0;578.0;295.0;670.0;35.0;409.0;709.0;129.0;0.0;138.0;554.0;607.0;548.0;191.0;251.0;73.0;217.0;244.0;564.0;90.0;550.0;162.0;258.0;53.0;157.0;39.0;83.0;247.0;153.0;97.0;268.0;631.0;596.0;628.0;30.0;147.0;577.0;578.0;685.0;45.0;101.0;307.0;103.0;156.0;26.0;440.0;135.0;185.0;84.0;552.0;631.0;624.0;142.0;146.0;275.0;90.0;195.0;643.0;572.0;490.0;593.0;72.0;310.0;681.0;66.0;252.0;252.0;305.0;211.0;162.0;674.0;316.0;613.0;514.0;113.0;145.0;532.0;809.0;524.0;244.0;611.0;558.0;626.0;94.0;597.0;186.0;138.0;207.0;359.0;229.0;319.0;536.0;82.0;261.0;607.0;138.0;839.0;288.0;199.0;38.0;540.0;121.0;607.0;286.0;252.0;216.0;91.0;615.0;348.0;47.0;498.0;294.0;644.0;35.0;79.0;557.0;577.0;67.0;556.0;284.0;604.0;684.0;246.0;134.0
38;409.0;638.0;71.0;214.0;206.0;735.0;47.0;98.0;219.0;671.0;175.0;102.0;96.0;539.0;613.0;738.0;101.0;38.0;198.0;166.0;129.0;228.0;253.0;636.0;655.0;254.0;51.0;656.0;678.0;691.0;605.0;203.0;688.0;141.0;446.0;731.0;128.0;138.0;0.0;598.0;653.0;594.0;182.0;242.0;149.0;348.0;158.0;615.0;214.0;588.0;266.0;198.0;105.0;157.0;144.0;55.0;224.0;143.0;62.0;210.0;671.0;617.0;635.0;130.0;106.0;654.0;620.0;710.0;96.0;75.0;239.0;106.0;137.0;156.0;494.0;30.0;211.0;207.0;572.0;661.0;649.0;157.0;103.0;351.0;89.0;264.0;686.0;630.0;539.0;634.0;189.0;231.0;719.0;72.0;129.0;242.0;250.0;210.0;285.0;718.0;248.0;626.0;579.0;117.0;110.0;576.0;833.0;545.0;141.0;649.0;599.0;698.0;46.0;633.0;197.0;47.0;119.0;482.0;228.0;228.0;560.0;57.0;202.0;643.0;110.0;900.0;204.0;183.0;174.0;578.0;194.0;679.0;250.0;171.0;79.0;165.0;650.0;278.0;93.0;550.0;197.0;697.0;156.0;127.0;602.0;617.0;143.0;656.0;407.0;665.0;716.0;237.0;78.0
39;224.0;43.0;554.0;801.0;790.0;143.0;551.0;505.0;482.0;73.0;764.0;506.0;691.0;231.0;21.0;160.0;524.0;616.0;745.0;761.0;689.0;372.0;846.0;38.0;107.0;575.0;559.0;296.0;88.0;94.0;77.0;801.0;163.0;521.0;152.0;180.0;472.0;554.0;598.0;0.0;54.0;7.0;418.0;804.0;627.0;464.0;756.0;35.0;604.0;29.0;675.0;790.0;598.0;441.0;592.0;580.0;796.0;455.0;543.0;802.0;77.0;108.0;174.0;529.0;493.0;163.0;26.0;152.0;554.0;528.0;835.0;498.0;701.0;572.0;116.0;569.0;739.0;603.0;101.0;95.0;106.0;695.0;496.0;288.0;520.0;735.0;89.0;66.0;66.0;41.0;488.0;829.0;128.0;570.0;717.0;366.0;842.0;764.0;637.0;120.0;844.0;142.0;96.0;659.0;489.0;22.0;267.0;105.0;739.0;61.0;12.0;161.0;571.0;52.0;740.0;553.0;716.0;400.0;782.0;826.0;90.0;570.0;794.0;62.0;488.0;308.0;802.0;748.0;560.0;33.0;433.0;150.0;832.0;768.0;649.0;644.0;72.0;875.0;557.0;61.0;795.0;104.0;582.0;493.0;6.0;29.0;492.0;283.0;710.0;100.0;136.0;798.0;656.0
