Vehicle:
Average speed:;848
Time limit:;183.243
Fuel comsumption rate:;1
Fuel Capacity:;1422
Depot:
ID;X;Y;Service Time
0;500;500;0
Customers:
ID;X;Y;Service Time
1;612;199;3.46122
2;864;279;3.46122
3;746;395;3.46122
4;738;519;3.46122
5;797;59;3.46122
6;867;206;3.46122
7;846;399;3.46122
8;654;172;3.46122
9;874;275;3.46122
10;675;479;3.46122
11;780;372;3.46122
12;692;446;3.46122
13;541;183;3.46122
14;747;432;3.46122
15;845;403;3.46122
16;787;317;3.46122
17;472;325;3.46122
18;682;246;3.46122
19;779;308;3.46122
20;815;316;3.46122
21;690;306;3.46122
22;923;403;3.46122
23;643;526;3.46122
24;849;293;3.46122
25;789;424;3.46122
26;766;443;3.46122
27;833;421;3.46122
28;999;259;3.46122
29;949;458;3.46122
30;675;431;3.46122
31;930;480;3.46122
32;809;439;3.46122
33;677;173;3.46122
34;479;247;3.46122
35;849;285;3.46122
36;711;358;3.46122
37;794;366;3.46122
38;878;230;3.46122
39;815;259;3.46122
40;739;570;3.46122
41;564;141;3.46122
42;845;320;3.46122
43;801;473;3.46122
44;769;345;3.46122
45;528;256;3.46122
46;700;404;3.46122
47;851;369;3.46122
48;925;215;3.46122
49;608;654;3.46122
50;878;358;3.46122
51;562;80;3.46122
52;577;358;3.46122
53;418;269;3.46122
54;766;533;3.46122
55;709;585;3.46122
56;933;280;3.46122
57;671;522;3.46122
58;725;496;3.46122
59;863;250;3.46122
60;864;328;3.46122
61;663;460;3.46122
62;848;251;3.46122
63;601;17;3.46122
64;559;708;3.46122
65;689;490;3.46122
66;745;448;3.46122
67;746;345;3.46122
68;776;427;3.46122
69;925;251;3.46122
70;677;120;3.46122
71;783;292;3.46122
72;484;715;3.46122
73;810;261;3.46122
74;680;173;3.46122
75;895;273;3.46122
76;785;253;3.46122
77;886;125;3.46122
78;916;247;3.46122
79;930;364;3.46122
80;584;185;3.46122
81;896;334;3.46122
82;874;524;3.46122
83;723;145;3.46122
84;440;130;3.46122
85;684;326;3.46122
86;737;309;3.46122
87;554;164;3.46122
88;859;254;3.46122
89;981;334;3.46122
90;717;258;3.46122
91;855;321;3.46122
92;623;443;3.46122
93;685;162;3.46122
94;686;463;3.46122
95;733;431;3.46122
96;664;616;3.46122
97;586;486;3.46122
98;523;196;3.46122
99;712;541;3.46122
100;759;432;3.46122
101;658;583;3.46122
102;860;312;3.46122
103;762;359;3.46122
104;818;236;3.46122
105;498;208;3.46122
106;504;64;3.46122
107;842;221;3.46122
108;895;461;3.46122
109;691;136;3.46122
110;870;277;3.46122
111;644;438;3.46122
112;556;305;3.46122
113;747;522;3.46122
114;728;123;3.46122
115;646;445;3.46122
116;867;380;3.46122
117;578;286;3.46122
118;669;372;3.46122
119;663;507;3.46122
120;691;172;3.46122
121;384;100;3.46122
122;791;379;3.46122
123;650;277;3.46122
124;725;609;3.46122
125;897;279;3.46122
126;758;306;3.46122
127;971;92;3.46122
128;641;183;3.46122
129;904;291;3.46122
130;825;374;3.46122
131;405;305;3.46122
132;786;431;3.46122
133;720;677;3.46122
134;563;245;3.46122
135;758;442;3.46122
136;750;530;3.46122
137;677;72;3.46122
138;567;564;3.46122
139;890;268;3.46122
140;833;289;3.46122
141;637;408;3.46122
142;845;276;3.46122
143;809;347;3.46122
144;818;88;3.46122
145;678;259;3.46122
146;853;219;3.46122
147;448;734;3.46122
148;493;509;3.46122
149;581;187;3.46122
150;789;397;3.46122
151;537;240;3.46122
152;714;339;3.46122
153;777;371;3.46122
154;683;378;3.46122
155;788;597;3.46122
156;499;301;3.46122
157;835;370;3.46122
158;598;221;3.46122
159;798;509;3.46122
160;857;214;3.46122
161;463;400;3.46122
162;844;400;3.46122
163;860;267;3.46122
164;662;184;3.46122
165;638;185;3.46122
166;814;529;3.46122
167;781;293;3.46122
168;688;598;3.46122
169;866;305;3.46122
170;786;343;3.46122
171;819;476;3.46122
172;789;243;3.46122
173;666;41;3.46122
174;715;530;3.46122
175;710;93;3.46122
176;992;531;3.46122
177;753;534;3.46122
178;566;216;3.46122
179;664;76;3.46122
180;934;403;3.46122
181;590;211;3.46122
182;646;141;3.46122
183;719;302;3.46122
184;919;234;3.46122
185;597;150;3.46122
186;761;360;3.46122
187;761;367;3.46122
188;684;61;3.46122
189;815;469;3.46122
190;813;282;3.46122
191;775;536;3.46122
192;960;722;3.46122
193;805;178;3.46122
194;686;148;3.46122
195;718;138;3.46122
196;870;167;3.46122
197;713;265;3.46122
198;713;242;3.46122
199;855;296;3.46122
200;535;169;3.46122
201;900;254;3.46122
202;877;365;3.46122
203;872;218;3.46122
204;957;620;3.46122
205;680;535;3.46122
206;701;182;3.46122
207;687;498;3.46122
208;828;511;3.46122
209;741;557;3.46122
210;720;61;3.46122
211;764;452;3.46122
212;500;143;3.46122
213;916;505;3.46122
214;803;183;3.46122
215;720;452;3.46122
216;852;349;3.46122
217;855;297;3.46122
218;755;492;3.46122
219;748;411;3.46122
220;829;123;3.46122
221;752;217;3.46122
222;949;556;3.46122
223;853;596;3.46122
224;764;576;3.46122
225;651;282;3.46122
226;747;256;3.46122
227;680;49;3.46122
228;839;364;3.46122
229;839;66;3.46122
230;846;29;3.46122
231;604;597;3.46122
232;762;520;3.46122
233;839;244;3.46122
234;896;131;3.46122
235;838;735;3.46122
236;586;465;3.46122
237;582;216;3.46122
238;681;187;3.46122
239;756;182;3.46122
240;924;98;3.46122
241;731;625;3.46122
242;428;684;3.46122
243;725;408;3.46122
244;792;337;3.46122
245;677;142;3.46122
AFSs:
ID;X;Y;Service Time
246;797;262;848
Distance matrix:
;0;1;2;3;4;5;6;7;8;9;10;11;12;13;14;15;16;17;18;19;20;21;22;23;24;25;26;27;28;29;30;31;32;33;34;35;36;37;38;39;40;41;42;43;44;45;46;47;48;49;50;51;52;53;54;55;56;57;58;59;60;61;62;63;64;65;66;67;68;69;70;71;72;73;74;75;76;77;78;79;80;81;82;83;84;85;86;87;88;89;90;91;92;93;94;95;96;97;98;99;100;101;102;103;104;105;106;107;108;109;110;111;112;113;114;115;116;117;118;119;120;121;122;123;124;125;126;127;128;129;130;131;132;133;134;135;136;137;138;139;140;141;142;143;144;145;146;147;148;149;150;151;152;153;154;155;156;157;158;159;160;161;162;163;164;165;166;167;168;169;170;171;172;173;174;175;176;177;178;179;180;181;182;183;184;185;186;187;188;189;190;191;192;193;194;195;196;197;198;199;200;201;202;203;204;205;206;207;208;209;210;211;212;213;214;215;216;217;218;219;220;221;222;223;224;225;226;227;228;229;230;231;232;233;234;235;236;237;238;239;240;241;242;243;244;245;246
0;0.0;321.0;426.0;267.0;239.0;532.0;470.0;360.0;362.0;436.0;176.0;308.0;199.0;320.0;256.0;358.0;340.0;177.0;312.0;339.0;365.0;272.0;434.0;145.0;406.0;299.0;272.0;342.0;554.0;451.0;188.0;430.0;315.0;372.0;254.0;410.0;254.0;323.0;465.0;397.0;249.0;365.0;389.0;302.0;310.0;246.0;222.0;375.0;512.0;188.0;404.0;425.0;162.0;245.0;268.0;226.0;486.0;172.0;225.0;441.0;403.0;168.0;428.0;493.0;216.0;189.0;250.0;291.0;285.0;493.0;419.0;351.0;216.0;391.0;373.0;456.0;377.0;538.0;487.0;451.0;326.0;429.0;375.0;419.0;375.0;253.0;304.0;340.0;435.0;509.0;325.0;398.0;136.0;385.0;190.0;243.0;201.0;87.0;305.0;216.0;268.0;178.0;406.0;298.0;413.0;292.0;436.0;441.0;397.0;411.0;432.0;157.0;203.0;248.0;441.0;156.0;386.0;228.0;212.0;163.0;380.0;416.0;315.0;269.0;250.0;454.0;323.0;623.0;347.0;455.0;349.0;217.0;294.0;282.0;263.0;264.0;252.0;463.0;93.0;454.0;394.0;165.0;411.0;345.0;520.0;300.0;451.0;240.0;11.0;323.0;307.0;263.0;268.0;306.0;220.0;304.0;199.0;359.0;296.0;298.0;457.0;107.0;358.0;429.0;355.0;344.0;315.0;349.0;212.0;415.0;326.0;320.0;387.0;488.0;217.0;458.0;493.0;255.0;292.0;455.0;445.0;303.0;388.0;295.0;496.0;363.0;296.0;293.0;476.0;317.0;381.0;277.0;511.0;444.0;398.0;423.0;498.0;317.0;335.0;409.0;333.0;470.0;400.0;467.0;472.0;183.0;376.0;187.0;328.0;248.0;491.0;268.0;357.0;416.0;439.0;225.0;383.0;409.0;255.0;263.0;500.0;379.0;452.0;366.0;275.0;265.0;347.0;486.0;365.0;551.0;584.0;142.0;263.0;425.0;541.0;412.0;93.0;296.0;362.0;408.0;584.0;263.0;198.0;243.0;334.0;399.0;381.0
1;321.0;0.0;264.0;237.0;344.0;232.0;255.0;308.0;50.0;273.0;287.0;241.0;260.0;73.0;269.0;310.0;211.0;188.0;84.0;199.0;234.0;132.0;372.0;328.0;255.0;286.0;289.0;313.0;392.0;425.0;240.0;424.0;310.0;70.0;141.0;252.0;187.0;247.0;268.0;212.0;392.0;75.0;263.0;333.0;214.0;102.0;223.0;293.0;313.0;455.0;310.0;129.0;163.0;206.0;368.0;398.0;331.0;328.0;318.0;256.0;283.0;266.0;242.0;182.0;512.0;301.0;282.0;198.0;281.0;317.0;102.0;195.0;532.0;207.0;73.0;293.0;181.0;284.0;308.0;358.0;31.0;314.0;417.0;123.0;185.0;146.0;167.0;68.0;253.0;393.0;120.0;272.0;244.0;82.0;274.0;262.0;420.0;288.0;89.0;356.0;275.0;387.0;273.0;219.0;209.0;114.0;173.0;231.0;386.0;101.0;270.0;241.0;120.0;350.0;139.0;248.0;313.0;93.0;182.0;312.0;83.0;249.0;254.0;87.0;425.0;296.0;181.0;375.0;33.0;306.0;276.0;233.0;290.0;490.0;67.0;283.0;359.0;143.0;368.0;286.0;239.0;210.0;245.0;246.0;234.0;89.0;242.0;560.0;332.0;33.0;266.0;85.0;173.0;238.0;193.0;435.0;152.0;281.0;26.0;362.0;245.0;250.0;307.0;257.0;52.0;30.0;387.0;193.0;406.0;275.0;226.0;346.0;182.0;167.0;347.0;144.0;505.0;363.0;49.0;134.0;381.0;25.0;67.0;149.0;309.0;51.0;219.0;225.0;156.0;338.0;217.0;374.0;628.0;194.0;90.0;122.0;260.0;121.0;110.0;262.0;83.0;293.0;313.0;261.0;544.0;343.0;91.0;308.0;379.0;381.0;175.0;295.0;125.0;431.0;192.0;275.0;283.0;262.0;326.0;252.0;230.0;141.0;491.0;464.0;406.0;92.0;147.0;165.0;281.0;263.0;289.0;398.0;354.0;231.0;292.0;582.0;267.0;34.0;70.0;145.0;328.0;442.0;519.0;238.0;227.0;86.0;195.0
2;426.0;264.0;0.0;165.0;271.0;230.0;73.0;121.0;236.0;11.0;275.0;125.0;240.0;337.0;193.0;125.0;86.0;395.0;185.0;90.0;61.0;176.0;137.0;331.0;21.0;163.0;191.0;145.0;136.0;198.0;243.0;212.0;169.0;215.0;386.0;16.0;172.0;112.0;51.0;53.0;317.0;330.0;45.0;204.0;116.0;337.0;206.0;91.0;88.0;454.0;80.0;362.0;298.0;446.0;272.0;343.0;69.0;310.0;258.0;29.0;49.0;270.0;32.0;371.0;526.0;274.0;207.0;135.0;172.0;67.0;245.0;82.0;578.0;57.0;212.0;32.0;83.0;156.0;61.0;108.0;295.0;64.0;245.0;195.0;449.0;186.0;130.0;331.0;25.0;129.0;148.0;43.0;292.0;214.0;256.0;201.0;392.0;347.0;351.0;303.0;186.0;367.0;33.0;130.0;63.0;373.0;419.0;62.0;185.0;224.0;6.0;271.0;309.0;270.0;207.0;274.0;101.0;286.0;216.0;304.0;203.0;512.0;124.0;214.0;358.0;33.0;109.0;215.0;243.0;42.0;103.0;460.0;171.0;423.0;303.0;194.0;276.0;279.0;412.0;28.0;33.0;261.0;19.0;87.0;196.0;187.0;61.0;617.0;437.0;298.0;140.0;329.0;162.0;127.0;206.0;327.0;366.0;96.0;272.0;239.0;65.0;419.0;123.0;13.0;223.0;245.0;255.0;84.0;364.0;26.0;101.0;202.0;83.0;310.0;292.0;241.0;283.0;278.0;305.0;285.0;142.0;282.0;258.0;147.0;71.0;297.0;131.0;135.0;283.0;196.0;51.0;272.0;453.0;117.0;221.0;203.0;112.0;152.0;155.0;19.0;347.0;44.0;87.0;62.0;353.0;315.0;190.0;282.0;235.0;304.0;261.0;200.0;389.0;232.0;114.0;225.0;71.0;20.0;239.0;176.0;160.0;128.0;290.0;317.0;313.0;213.0;119.0;295.0;89.0;214.0;251.0;411.0;262.0;43.0;151.0;457.0;334.0;289.0;205.0;145.0;191.0;371.0;595.0;190.0;92.0;232.0;69.0
3;267.0;237.0;165.0;0.0;124.0;340.0;224.0;100.0;241.0;175.0;110.0;41.0;74.0;295.0;37.0;99.0;88.0;283.0;162.0;93.0;105.0;105.0;177.0;167.0;145.0;52.0;52.0;91.0;287.0;213.0;80.0;203.0;77.0;232.0;305.0;151.0;51.0;56.0;211.0;153.0;175.0;312.0;124.0;95.0;55.0;259.0;47.0;108.0;254.0;293.0;137.0;365.0;173.0;351.0;139.0;194.0;220.0;147.0;103.0;186.0;136.0;105.0;176.0;405.0;365.0;111.0;53.0;50.0;44.0;230.0;284.0;109.0;414.0;148.0;232.0;193.0;147.0;304.0;225.0;187.0;265.0;162.0;182.0;251.0;405.0;93.0;86.0;300.0;181.0;243.0;140.0;132.0;132.0;241.0;91.0;38.0;236.0;184.0;299.0;150.0;39.0;208.0;141.0;39.0;175.0;311.0;410.0;199.0;163.0;265.0;171.0;111.0;210.0;127.0;273.0;112.0;122.0;200.0;80.0;139.0;230.0;467.0;48.0;152.0;215.0;190.0;90.0;377.0;237.0;189.0;82.0;353.0;54.0;283.0;237.0;49.0;135.0;330.0;246.0;192.0;137.0;110.0;155.0;79.0;315.0;152.0;206.0;451.0;277.0;265.0;43.0;260.0;64.0;39.0;65.0;206.0;264.0;92.0;228.0;125.0;212.0;283.0;98.0;171.0;227.0;236.0;150.0;108.0;211.0;150.0;66.0;109.0;158.0;363.0;139.0;304.0;281.0;139.0;254.0;329.0;188.0;241.0;273.0;97.0;236.0;287.0;38.0;32.0;340.0;101.0;131.0;144.0;391.0;225.0;254.0;259.0;260.0;134.0;157.0;147.0;309.0;209.0;134.0;217.0;308.0;155.0;218.0;119.0;142.0;162.0;335.0;60.0;352.0;202.0;220.0;63.0;116.0;147.0;97.0;16.0;284.0;178.0;259.0;228.0;182.0;148.0;139.0;352.0;98.0;342.0;379.0;247.0;126.0;177.0;304.0;352.0;175.0;243.0;218.0;213.0;346.0;230.0;430.0;25.0;74.0;262.0;142.0
4;239.0;344.0;271.0;124.0;0.0;464.0;339.0;161.0;357.0;279.0;75.0;153.0;86.0;389.0;87.0;158.0;208.0;329.0;279.0;215.0;217.0;218.0;218.0;95.0;252.0;108.0;81.0;136.0;368.0;220.0;108.0;196.0;107.0;351.0;376.0;259.0;163.0;163.0;321.0;271.0;51.0;416.0;226.0;78.0;177.0;337.0;121.0;188.0;357.0;187.0;213.0;473.0;228.0;406.0;31.0;72.0;308.0;67.0;26.0;297.0;229.0;95.0;290.0;520.0;260.0;57.0;71.0;174.0;100.0;327.0;404.0;231.0;321.0;268.0;351.0;292.0;270.0;421.0;325.0;247.0;368.0;243.0;136.0;374.0;490.0;200.0;210.0;400.0;291.0;305.0;262.0;230.0;138.0;361.0;76.0;88.0;122.0;156.0;388.0;34.0;89.0;102.0;240.0;162.0;294.0;393.0;512.0;316.0;167.0;386.0;276.0;124.0;281.0;9.0;396.0;118.0;190.0;283.0;162.0;76.0;350.0;549.0;150.0;258.0;91.0;288.0;214.0;486.0;350.0;282.0;169.0;396.0;100.0;159.0;325.0;80.0;16.0;451.0;177.0;293.0;249.0;150.0;266.0;186.0;438.0;267.0;321.0;361.0;245.0;367.0;132.0;344.0;182.0;153.0;151.0;93.0;323.0;178.0;329.0;61.0;327.0;300.0;159.0;280.0;344.0;349.0;77.0;230.0;93.0;249.0;182.0;92.0;281.0;483.0;25.0;427.0;254.0;21.0;348.0;449.0;228.0;342.0;389.0;218.0;338.0;395.0;161.0;154.0;461.0;92.0;249.0;41.0;301.0;348.0;375.0;382.0;376.0;255.0;278.0;252.0;405.0;311.0;207.0;329.0;241.0;60.0;339.0;55.0;90.0;38.0;458.0;72.0;445.0;179.0;342.0;69.0;205.0;251.0;32.0;108.0;406.0;302.0;214.0;138.0;63.0;252.0;263.0;474.0;185.0;464.0;502.0;155.0;24.0;293.0;419.0;238.0;161.0;341.0;337.0;337.0;460.0;106.0;351.0;112.0;190.0;382.0;264.0
5;532.0;232.0;230.0;340.0;464.0;0.0;163.0;344.0;182.0;229.0;437.0;313.0;401.0;284.0;376.0;347.0;258.0;420.0;220.0;250.0;258.0;269.0;366.0;492.0;240.0;365.0;385.0;364.0;284.0;427.0;391.0;442.0;380.0;166.0;369.0;232.0;311.0;307.0;189.0;201.0;514.0;247.0;265.0;414.0;287.0;333.0;358.0;315.0;202.0;624.0;310.0;236.0;371.0;433.0;475.0;533.0;259.0;480.0;443.0;202.0;277.0;423.0;199.0;200.0;691.0;444.0;392.0;291.0;369.0;231.0;135.0;233.0;727.0;202.0;163.0;235.0;194.0;111.0;222.0;333.0;247.0;292.0;471.0;113.0;364.0;290.0;257.0;265.0;205.0;331.0;214.0;268.0;422.0;152.0;419.0;377.0;573.0;476.0;306.0;489.0;375.0;542.0;261.0;302.0;178.0;334.0;293.0;168.0;414.0;131.0;230.0;409.0;344.0;466.0;94.0;414.0;329.0;315.0;338.0;468.0;155.0;415.0;320.0;263.0;555.0;242.0;250.0;177.0;199.0;255.0;316.0;463.0;372.0;623.0;299.0;385.0;473.0;121.0;555.0;229.0;233.0;384.0;222.0;288.0;36.0;233.0;170.0;760.0;543.0;251.0;338.0;317.0;292.0;313.0;339.0;538.0;384.0;313.0;257.0;450.0;166.0;477.0;344.0;217.0;184.0;203.0;470.0;235.0;550.0;255.0;284.0;418.0;184.0;132.0;478.0;93.0;511.0;477.0;279.0;134.0;370.0;257.0;172.0;255.0;213.0;220.0;303.0;310.0;113.0;410.0;224.0;478.0;683.0;119.0;142.0;112.0;130.0;222.0;201.0;244.0;284.0;221.0;316.0;176.0;583.0;490.0;156.0;453.0;453.0;501.0;77.0;394.0;309.0;462.0;124.0;400.0;295.0;245.0;435.0;355.0;72.0;164.0;520.0;540.0;518.0;267.0;203.0;117.0;308.0;43.0;57.0;572.0;462.0;190.0;122.0;677.0;458.0;266.0;173.0;130.0;133.0;570.0;726.0;356.0;278.0;146.0;203.0
6;470.0;255.0;73.0;224.0;339.0;163.0;0.0;194.0;216.0;69.0;334.0;187.0;297.0;327.0;256.0;198.0;137.0;413.0;189.0;135.0;122.0;203.0;205.0;391.0;89.0;232.0;258.0;218.0;142.0;265.0;296.0;281.0;240.0;193.0;390.0;81.0;218.0;176.0;26.0;74.0;386.0;310.0;116.0;275.0;170.0;343.0;259.0;164.0;59.0;517.0;152.0;330.0;327.0;453.0;342.0;411.0;99.0;372.0;323.0;44.0;122.0;326.0;49.0;326.0;589.0;335.0;271.0;184.0;239.0;73.0;209.0;120.0;637.0;79.0;190.0;73.0;95.0;83.0;64.0;170.0;284.0;131.0;318.0;156.0;434.0;219.0;166.0;316.0;49.0;171.0;159.0;116.0;340.0;187.0;314.0;262.0;458.0;397.0;344.0;369.0;250.0;431.0;106.0;186.0;57.0;369.0;390.0;29.0;257.0;189.0;71.0;322.0;326.0;338.0;162.0;326.0;174.0;300.0;258.0;364.0;179.0;494.0;189.0;228.0;427.0;79.0;148.0;154.0;227.0;93.0;173.0;472.0;239.0;493.0;306.0;260.0;344.0;232.0;467.0;66.0;90.0;306.0;73.0;152.0;128.0;196.0;19.0;674.0;481.0;287.0;206.0;332.0;203.0;188.0;252.0;399.0;380.0;167.0;269.0;311.0;13.0;448.0;195.0;61.0;206.0;230.0;327.0;122.0;431.0;99.0;159.0;274.0;86.0;260.0;358.0;193.0;348.0;347.0;301.0;241.0;208.0;277.0;230.0;176.0;59.0;276.0;187.0;193.0;233.0;268.0;93.0;343.0;524.0;68.0;190.0;164.0;39.0;165.0;158.0;91.0;334.0;58.0;159.0;13.0;424.0;378.0;168.0;343.0;307.0;373.0;206.0;267.0;372.0;303.0;68.0;287.0;144.0;92.0;307.0;237.0;91.0;116.0;359.0;390.0;384.0;229.0;130.0;244.0;160.0;143.0;178.0;471.0;331.0;47.0;80.0;530.0;382.0;285.0;187.0;114.0;122.0;441.0;649.0;247.0;151.0;200.0;90.0
7;360.0;308.0;121.0;100.0;161.0;344.0;194.0;0.0;297.0;127.0;189.0;71.0;161.0;374.0;104.0;4.0;101.0;381.0;224.0;113.0;89.0;182.0;77.0;239.0;106.0;62.0;91.0;26.0;207.0;119.0;174.0;117.0;54.0;282.0;397.0;114.0;141.0;62.0;172.0;143.0;202.0;382.0;79.0;87.0;94.0;349.0;146.0;30.0;200.0;349.0;52.0;427.0;272.0;447.0;156.0;231.0;147.0;214.0;155.0;150.0;73.0;193.0;148.0;454.0;422.0;181.0;112.0;114.0;75.0;168.0;326.0;124.0;481.0;143.0;280.0;135.0;158.0;277.0;167.0;91.0;338.0;82.0;128.0;282.0;487.0;178.0;141.0;375.0;146.0;150.0;191.0;79.0;227.0;287.0;172.0;117.0;283.0;274.0;381.0;195.0;93.0;263.0;88.0;93.0;165.0;397.0;479.0;178.0;79.0;305.0;124.0;206.0;305.0;158.0;300.0;205.0;28.0;291.0;179.0;212.0;275.0;550.0;59.0;231.0;242.0;130.0;128.0;331.0;298.0;123.0;33.0;451.0;68.0;305.0;322.0;98.0;162.0;368.0;324.0;138.0;111.0;209.0;123.0;64.0;312.0;219.0;180.0;520.0;370.0;339.0;57.0;348.0;145.0;74.0;164.0;206.0;361.0;31.0;305.0;120.0;185.0;383.0;2.0;133.0;283.0;298.0;134.0;124.0;254.0;96.0;82.0;82.0;166.0;401.0;185.0;335.0;197.0;164.0;334.0;371.0;88.0;318.0;326.0;160.0;180.0;352.0;94.0;91.0;375.0;77.0;122.0;154.0;343.0;225.0;298.0;291.0;233.0;189.0;206.0;103.0;387.0;155.0;46.0;183.0;247.0;215.0;261.0;187.0;113.0;190.0;361.0;98.0;430.0;127.0;220.0;137.0;50.0;102.0;130.0;99.0;277.0;205.0;188.0;197.0;195.0;227.0;174.0;387.0;36.0;333.0;370.0;313.0;147.0;155.0;273.0;336.0;268.0;321.0;269.0;235.0;311.0;254.0;506.0;121.0;82.0;308.0;145.0
8;362.0;50.0;236.0;241.0;357.0;182.0;216.0;297.0;0.0;243.0;308.0;236.0;277.0;114.0;276.0;300.0;197.0;238.0;79.0;185.0;216.0;139.0;355.0;354.0;229.0;286.0;293.0;307.0;356.0;411.0;260.0;414.0;309.0;23.0;190.0;225.0;195.0;239.0;231.0;183.0;407.0;95.0;242.0;335.0;208.0;151.0;237.0;279.0;274.0;484.0;291.0;130.0;201.0;255.0;378.0;417.0;299.0;350.0;332.0;223.0;262.0;288.0;209.0;164.0;544.0;320.0;291.0;196.0;283.0;282.0;57.0;176.0;569.0;180.0;26.0;261.0;154.0;237.0;273.0;336.0;71.0;291.0;415.0;74.0;218.0;157.0;160.0;100.0;221.0;365.0;107.0;250.0;273.0;33.0;293.0;271.0;444.0;321.0;133.0;374.0;280.0;411.0;249.0;216.0;176.0;160.0;185.0;194.0;376.0;52.0;240.0;266.0;165.0;362.0;89.0;273.0;298.0;137.0;201.0;335.0;37.0;279.0;248.0;105.0;443.0;266.0;170.0;327.0;17.0;277.0;265.0;282.0;291.0;509.0;117.0;289.0;371.0;103.0;402.0;255.0;214.0;237.0;217.0;234.0;184.0;90.0;204.0;599.0;373.0;75.0;262.0;135.0;177.0;234.0;208.0;446.0;202.0;268.0;74.0;366.0;207.0;297.0;297.0;227.0;14.0;21.0;391.0;175.0;427.0;250.0;216.0;346.0;153.0;132.0;363.0;97.0;493.0;375.0;98.0;97.0;363.0;75.0;32.0;145.0;272.0;61.0;216.0;222.0;115.0;338.0;193.0;384.0;629.0;151.0;40.0;72.0;216.0;110.0;92.0;236.0;119.0;259.0;295.0;223.0;541.0;364.0;48.0;328.0;381.0;395.0;129.0;301.0;157.0;424.0;149.0;288.0;266.0;237.0;336.0;257.0;182.0;108.0;484.0;468.0;419.0;110.0;125.0;126.0;267.0;213.0;239.0;428.0;364.0;199.0;245.0;592.0;301.0;84.0;31.0;102.0;280.0;459.0;560.0;246.0;215.0;38.0;169.0
9;436.0;273.0;11.0;175.0;279.0;229.0;69.0;127.0;243.0;0.0;285.0;135.0;250.0;345.0;202.0;131.0;97.0;405.0;194.0;101.0;72.0;187.0;137.0;341.0;31.0;172.0;200.0;152.0;126.0;198.0;253.0;213.0;176.0;222.0;396.0;27.0;183.0;121.0;45.0;61.0;324.0;338.0;54.0;211.0;126.0;347.0;217.0;97.0;79.0;463.0;83.0;368.0;308.0;456.0;280.0;351.0;59.0;320.0;267.0;27.0;54.0;281.0;35.0;376.0;535.0;284.0;216.0;146.0;181.0;56.0;251.0;93.0;588.0;66.0;219.0;21.0;92.0;150.0;50.0;105.0;304.0;63.0;249.0;199.0;458.0;197.0;141.0;339.0;26.0;122.0;158.0;50.0;302.0;220.0;266.0;210.0;400.0;357.0;360.0;311.0;195.0;376.0;40.0;140.0;68.0;382.0;426.0;63.0;187.0;230.0;4.0;282.0;319.0;278.0;211.0;284.0;105.0;296.0;227.0;314.0;210.0;520.0;133.0;224.0;366.0;23.0;120.0;207.0;251.0;34.0;110.0;470.0;179.0;430.0;312.0;203.0;284.0;283.0;422.0;17.0;43.0;272.0;29.0;97.0;195.0;197.0;60.0;626.0;447.0;306.0;149.0;339.0;172.0;136.0;217.0;333.0;376.0;103.0;281.0;246.0;63.0;430.0;129.0;16.0;231.0;253.0;261.0;95.0;373.0;31.0;111.0;208.0;91.0;313.0;301.0;245.0;282.0;286.0;314.0;289.0;141.0;291.0;264.0;157.0;61.0;304.0;141.0;146.0;286.0;203.0;61.0;279.0;455.0;119.0;227.0;208.0;108.0;161.0;164.0;28.0;355.0;33.0;90.0;57.0;355.0;324.0;196.0;291.0;240.0;312.0;264.0;208.0;397.0;234.0;116.0;235.0;77.0;29.0;247.0;185.0;159.0;135.0;291.0;322.0;320.0;223.0;128.0;298.0;96.0;212.0;248.0;420.0;269.0;47.0;146.0;461.0;345.0;298.0;212.0;150.0;184.0;378.0;605.0;200.0;103.0;238.0;78.0
10;176.0;287.0;275.0;110.0;75.0;437.0;334.0;189.0;308.0;285.0;0.0;150.0;37.0;325.0;86.0;186.0;197.0;255.0;233.0;200.0;215.0;174.0;259.0;57.0;255.0;127.0;98.0;168.0;392.0;275.0;48.0;255.0;140.0;306.0;304.0;261.0;126.0;164.0;321.0;261.0;111.0;356.0;233.0;126.0;164.0;267.0;79.0;208.0;364.0;187.0;236.0;415.0;156.0;332.0;106.0;111.0;326.0;43.0;53.0;296.0;242.0;22.0;286.0;468.0;257.0;18.0;77.0;152.0;114.0;338.0;359.0;216.0;304.0;256.0;306.0;301.0;251.0;412.0;335.0;280.0;308.0;264.0;204.0;337.0;421.0;153.0;181.0;337.0;291.0;339.0;225.0;240.0;63.0;317.0;19.0;75.0;137.0;89.0;321.0;72.0;96.0;105.0;249.0;148.0;282.0;324.0;449.0;307.0;221.0;343.0;281.0;51.0;211.0;84.0;360.0;45.0;216.0;216.0;107.0;30.0;307.0;478.0;153.0;204.0;139.0;299.0;192.0;487.0;298.0;296.0;183.0;321.0;121.0;203.0;259.0;91.0;91.0;407.0;137.0;301.0;247.0;81.0;265.0;188.0;416.0;220.0;315.0;341.0;184.0;307.0;140.0;276.0;145.0;149.0;101.0;163.0;250.0;194.0;269.0;127.0;321.0;226.0;187.0;281.0;295.0;296.0;148.0;214.0;120.0;258.0;176.0;144.0;262.0;438.0;65.0;388.0;321.0;95.0;285.0;403.0;270.0;281.0;339.0;182.0;346.0;338.0;147.0;141.0;418.0;140.0;241.0;115.0;375.0;328.0;331.0;344.0;368.0;217.0;240.0;257.0;340.0;318.0;232.0;327.0;315.0;56.0;298.0;22.0;156.0;102.0;420.0;93.0;379.0;242.0;322.0;52.0;220.0;256.0;81.0;100.0;388.0;273.0;285.0;213.0;132.0;198.0;234.0;430.0;200.0;444.0;481.0;138.0;96.0;287.0;412.0;303.0;90.0;279.0;292.0;308.0;455.0;156.0;321.0;87.0;184.0;337.0;249.0
11;308.0;241.0;125.0;41.0;153.0;313.0;187.0;71.0;236.0;135.0;150.0;0.0;115.0;305.0;68.0;72.0;55.0;312.0;160.0;64.0;66.0;112.0;146.0;206.0;105.0;53.0;72.0;72.0;246.0;190.0;120.0;185.0;73.0;224.0;326.0;111.0;70.0;15.0;173.0;118.0;202.0;316.0;83.0;103.0;29.0;277.0;86.0;71.0;214.0;330.0;99.0;364.0;203.0;376.0;162.0;225.0;179.0;185.0;136.0;148.0;95.0;146.0;139.0;398.0;402.0;149.0;84.0;43.0;55.0;189.0;272.0;80.0;453.0;115.0;223.0;152.0;119.0;269.0;185.0;150.0;271.0;122.0;179.0;234.0;417.0;106.0;76.0;307.0;142.0;205.0;130.0;91.0;172.0;230.0;131.0;75.0;270.0;225.0;311.0;182.0;64.0;244.0;100.0;22.0;141.0;326.0;414.0;163.0;145.0;252.0;131.0;151.0;234.0;154.0;254.0;153.0;87.0;220.0;111.0;179.0;219.0;480.0;13.0;161.0;243.0;149.0;70.0;339.0;235.0;148.0;45.0;381.0;59.0;311.0;251.0;73.0;161.0;317.0;287.0;151.0;98.0;147.0;116.0;38.0;287.0;152.0;170.0;491.0;318.0;272.0;27.0;277.0;74.0;3.0;97.0;225.0;290.0;55.0;236.0;138.0;176.0;318.0;70.0;132.0;222.0;235.0;161.0;79.0;244.0;109.0;30.0;111.0;129.0;350.0;171.0;288.0;265.0;164.0;265.0;318.0;157.0;249.0;267.0;93.0;196.0;288.0;22.0;20.0;325.0;103.0;96.0;164.0;394.0;196.0;243.0;242.0;224.0;126.0;146.0;107.0;318.0;168.0;97.0;179.0;305.0;191.0;206.0;157.0;147.0;189.0;317.0;82.0;362.0;190.0;190.0;100.0;76.0;106.0;123.0;50.0;254.0;158.0;250.0;236.0;205.0;157.0;121.0;338.0;60.0;312.0;349.0;286.0;149.0;141.0;267.0;368.0;215.0;252.0;210.0;192.0;310.0;258.0;470.0;66.0;37.0;252.0;111.0
12;199.0;260.0;240.0;74.0;86.0;401.0;297.0;161.0;277.0;250.0;37.0;115.0;0.0;303.0;57.0;159.0;160.0;251.0;200.0;163.0;179.0;140.0;235.0;94.0;219.0;99.0;74.0;143.0;359.0;257.0;23.0;240.0;117.0;273.0;291.0;225.0;90.0;130.0;285.0;224.0;133.0;331.0;198.0;112.0;127.0;251.0;43.0;177.0;328.0;224.0;206.0;388.0;145.0;326.0;114.0;140.0;293.0;79.0;60.0;260.0;209.0;32.0;250.0;439.0;294.0;44.0;53.0;115.0;86.0;304.0;326.0;179.0;340.0;219.0;273.0;267.0;214.0;375.0;300.0;252.0;282.0;233.0;198.0;303.0;404.0;120.0;144.0;314.0;254.0;310.0;190.0;205.0;69.0;284.0;18.0;44.0;172.0;113.0;302.0;97.0;68.0;141.0;215.0;112.0;245.0;307.0;426.0;270.0;204.0;310.0;245.0;49.0;196.0;94.0;325.0;46.0;187.0;196.0;77.0;68.0;274.0;463.0;120.0;174.0;166.0;264.0;155.0;451.0;268.0;263.0;151.0;320.0;95.0;233.0;239.0;66.0;102.0;374.0;172.0;266.0;211.0;67.0;229.0;153.0;380.0;188.0;278.0;377.0;209.0;282.0;109.0;258.0;109.0;113.0;69.0;179.0;241.0;162.0;244.0;123.0;285.0;234.0;159.0;245.0;264.0;267.0;148.0;177.0;152.0;224.0;139.0;130.0;225.0;406.0;87.0;353.0;312.0;107.0;262.0;371.0;246.0;256.0;308.0;147.0;311.0;311.0;110.0;105.0;385.0;125.0;204.0;122.0;385.0;291.0;298.0;309.0;331.0;182.0;205.0;222.0;318.0;283.0;202.0;290.0;317.0;90.0;264.0;52.0;151.0;121.0;386.0;72.0;359.0;232.0;285.0;29.0;187.0;221.0;78.0;66.0;351.0;237.0;280.0;220.0;149.0;169.0;198.0;397.0;168.0;407.0;445.0;175.0;102.0;250.0;375.0;324.0;108.0;255.0;259.0;272.0;418.0;183.0;355.0;50.0;148.0;304.0;212.0
13;320.0;73.0;337.0;295.0;389.0;284.0;327.0;374.0;114.0;345.0;325.0;305.0;303.0;0.0;323.0;375.0;280.0;158.0;154.0;269.0;305.0;193.0;441.0;358.0;327.0;346.0;344.0;377.0;464.0;492.0;282.0;489.0;371.0;136.0;89.0;324.0;244.0;312.0;340.0;284.0;435.0;48.0;333.0;389.0;280.0;74.0;272.0;362.0;385.0;476.0;380.0;105.0;179.0;150.0;416.0;436.0;404.0;363.0;363.0;329.0;354.0;303.0;314.0;177.0;525.0;341.0;334.0;261.0;339.0;390.0;150.0;265.0;535.0;280.0;139.0;365.0;254.0;350.0;380.0;429.0;43.0;386.0;477.0;186.0;114.0;202.0;233.0;23.0;326.0;465.0;191.0;343.0;273.0;146.0;315.0;314.0;450.0;306.0;22.0;397.0;331.0;417.0;344.0;283.0;282.0;50.0;125.0;303.0;450.0;157.0;342.0;275.0;123.0;397.0;196.0;282.0;381.0;109.0;228.0;346.0;150.0;178.0;318.0;144.0;464.0;369.0;249.0;440.0;100.0;379.0;342.0;183.0;349.0;525.0;66.0;338.0;405.0;176.0;382.0;359.0;311.0;245.0;318.0;314.0;293.0;157.0;314.0;559.0;330.0;40.0;328.0;57.0;233.0;302.0;241.0;482.0;125.0;348.0;69.0;415.0;318.0;231.0;373.0;330.0;121.0;97.0;441.0;264.0;440.0;347.0;293.0;404.0;255.0;189.0;388.0;191.0;570.0;410.0;41.0;163.0;450.0;56.0;113.0;214.0;381.0;65.0;282.0;287.0;188.0;396.0;289.0;424.0;683.0;264.0;149.0;183.0;329.0;191.0;182.0;334.0;15.0;366.0;382.0;333.0;603.0;378.0;160.0;347.0;436.0;424.0;217.0;349.0;57.0;494.0;262.0;323.0;353.0;334.0;376.0;308.0;294.0;214.0;553.0;518.0;452.0;148.0;219.0;193.0;349.0;320.0;342.0;419.0;403.0;304.0;359.0;627.0;286.0;53.0;140.0;215.0;392.0;481.0;514.0;291.0;294.0;142.0;268.0
14;256.0;269.0;193.0;37.0;87.0;376.0;256.0;104.0;276.0;202.0;86.0;68.0;57.0;323.0;0.0;102.0;122.0;295.0;197.0;128.0;134.0;138.0;178.0;140.0;172.0;43.0;22.0;87.0;306.0;204.0;72.0;189.0;62.0;268.0;326.0;179.0;82.0;81.0;241.0;186.0;138.0;344.0;149.0;68.0;90.0;281.0;55.0;122.0;281.0;262.0;150.0;398.0;185.0;367.0;103.0;158.0;240.0;118.0;68.0;216.0;157.0;89.0;207.0;440.0;334.0;82.0;16.0;87.0;29.0;254.0;320.0;145.0;386.0;182.0;268.0;217.0;183.0;337.0;251.0;195.0;296.0;178.0;157.0;288.0;431.0;123.0;123.0;330.0;210.0;254.0;177.0;155.0;124.0;277.0;68.0;14.0;202.0;170.0;325.0;114.0;12.0;175.0;165.0;75.0;208.0;335.0;441.0;231.0;151.0;301.0;198.0;103.0;229.0;90.0;310.0;102.0;131.0;223.0;98.0;113.0;266.0;492.0;69.0;183.0;178.0;214.0;126.0;407.0;271.0;211.0;97.0;365.0;39.0;246.0;262.0;15.0;98.0;367.0;223.0;218.0;167.0;113.0;184.0;105.0;351.0;186.0;238.0;425.0;265.0;296.0;55.0;285.0;99.0;68.0;84.0;170.0;280.0;108.0;258.0;92.0;244.0;286.0;102.0;200.0;262.0;270.0;118.0;143.0;176.0;174.0;97.0;84.0;194.0;399.0;103.0;341.0;264.0;102.0;282.0;366.0;189.0;271.0;308.0;133.0;262.0;319.0;73.0;66.0;376.0;77.0;164.0;108.0;360.0;261.0;290.0;295.0;292.0;170.0;193.0;174.0;338.0;235.0;146.0;248.0;282.0;123.0;254.0;89.0;113.0;125.0;372.0;26.0;380.0;184.0;255.0;34.0;134.0;173.0;61.0;21.0;320.0;215.0;237.0;195.0;145.0;178.0;176.0;389.0;114.0;377.0;415.0;218.0;89.0;209.0;336.0;316.0;164.0;272.0;254.0;250.0;378.0;194.0;407.0;33.0;105.0;298.0;177.0
15;358.0;310.0;125.0;99.0;158.0;347.0;198.0;4.0;300.0;131.0;186.0;72.0;159.0;375.0;102.0;0.0;104.0;381.0;226.0;116.0;92.0;183.0;78.0;237.0;110.0;60.0;89.0;22.0;211.0;118.0;172.0;115.0;51.0;285.0;398.0;118.0;141.0;63.0;176.0;147.0;198.0;384.0;83.0;83.0;96.0;349.0;145.0;35.0;204.0;345.0;56.0;429.0;272.0;448.0;152.0;227.0;151.0;211.0;152.0;154.0;77.0;191.0;152.0;457.0;418.0;179.0;110.0;115.0;73.0;172.0;329.0;127.0;477.0;146.0;283.0;139.0;162.0;281.0;171.0;94.0;340.0;86.0;124.0;285.0;488.0;178.0;143.0;377.0;150.0;153.0;193.0;83.0;226.0;289.0;170.0;115.0;280.0;272.0;383.0;192.0;91.0;260.0;92.0;94.0;169.0;398.0;481.0;182.0;77.0;308.0;128.0;204.0;305.0;154.0;303.0;203.0;32.0;292.0;179.0;210.0;278.0;552.0;59.0;232.0;238.0;134.0;130.0;336.0;300.0;127.0;35.0;451.0;65.0;301.0;323.0;95.0;159.0;371.0;321.0;142.0;115.0;208.0;127.0;67.0;316.0;221.0;184.0;517.0;368.0;341.0;56.0;348.0;146.0;75.0;164.0;202.0;361.0;34.0;307.0;116.0;189.0;382.0;3.0;137.0;285.0;301.0;130.0;127.0;250.0;100.0;84.0;77.0;170.0;404.0;182.0;338.0;195.0;160.0;336.0;374.0;89.0;319.0;329.0;161.0;184.0;354.0;94.0;91.0;378.0;72.0;125.0;150.0;339.0;229.0;301.0;294.0;237.0;191.0;208.0;107.0;388.0;159.0;50.0;187.0;244.0;211.0;264.0;184.0;109.0;186.0;364.0;95.0;432.0;124.0;224.0;134.0;54.0;106.0;127.0;97.0;280.0;208.0;185.0;193.0;191.0;229.0;177.0;391.0;39.0;337.0;374.0;309.0;143.0;159.0;277.0;332.0;266.0;323.0;271.0;238.0;315.0;250.0;503.0;120.0;85.0;310.0;149.0
16;340.0;211.0;86.0;88.0;208.0;258.0;137.0;101.0;197.0;97.0;197.0;55.0;160.0;280.0;122.0;104.0;0.0;315.0;127.0;12.0;28.0;98.0;161.0;254.0;66.0;107.0;128.0;114.0;220.0;215.0;160.0;217.0;124.0;181.0;316.0;70.0;86.0;49.0;126.0;64.0;258.0;284.0;58.0;157.0;33.0;266.0;123.0;82.0;172.0;382.0;100.0;327.0;214.0;372.0;217.0;279.0;151.0;236.0;189.0;101.0;78.0;189.0;90.0;353.0;453.0;199.0;138.0;50.0;111.0;153.0;226.0;25.0;500.0;61.0;179.0;117.0;64.0;216.0;147.0;151.0;242.0;110.0;225.0;184.0;394.0;103.0;51.0;279.0;96.0;195.0;92.0;68.0;207.0;186.0;178.0;126.0;323.0;263.0;290.0;236.0;118.0;296.0;73.0;49.0;87.0;309.0;380.0;111.0;180.0;205.0;92.0;187.0;231.0;209.0;203.0;190.0;102.0;211.0;130.0;227.0;174.0;458.0;62.0;143.0;299.0;116.0;31.0;291.0;198.0;120.0;69.0;382.0;114.0;366.0;235.0;128.0;216.0;269.0;331.0;114.0;54.0;175.0;71.0;37.0;231.0;123.0;118.0;537.0;351.0;244.0;80.0;262.0;76.0;55.0;121.0;280.0;288.0;72.0;212.0;192.0;125.0;334.0;101.0;88.0;183.0;199.0;214.0;25.0;298.0;80.0;26.0;162.0;74.0;301.0;225.0;237.0;296.0;220.0;243.0;271.0;170.0;224.0;226.0;70.0;156.0;253.0;50.0;56.0;276.0;155.0;44.0;219.0;440.0;140.0;197.0;192.0;171.0;90.0;105.0;71.0;292.0;129.0;102.0;130.0;347.0;243.0;160.0;207.0;198.0;244.0;265.0;137.0;336.0;228.0;135.0;151.0;72.0;71.0;178.0;102.0;198.0;106.0;289.0;287.0;260.0;140.0;73.0;289.0;70.0;256.0;294.0;334.0;205.0;90.0;216.0;421.0;250.0;229.0;168.0;139.0;258.0;313.0;513.0;110.0;21.0;207.0;56.0
17;177.0;188.0;395.0;283.0;329.0;420.0;413.0;381.0;238.0;405.0;255.0;312.0;251.0;158.0;295.0;381.0;315.0;0.0;224.0;307.0;343.0;219.0;458.0;264.0;378.0;332.0;317.0;374.0;531.0;495.0;229.0;484.0;356.0;255.0;78.0;379.0;241.0;325.0;417.0;349.0;362.0;206.0;373.0;361.0;298.0;89.0;241.0;382.0;466.0;356.0;407.0;261.0;110.0;78.0;360.0;352.0;463.0;280.0;305.0;398.0;392.0;234.0;383.0;334.0;393.0;273.0;299.0;275.0;321.0;459.0;290.0;313.0;390.0;344.0;258.0;426.0;321.0;460.0;451.0;460.0;179.0;424.0;449.0;309.0;198.0;212.0;265.0;181.0;393.0;509.0;254.0;383.0;192.0;268.0;255.0;282.0;349.0;197.0;139.0;323.0;306.0;318.0;388.0;292.0;357.0;120.0;263.0;384.0;444.0;289.0;401.0;206.0;86.0;338.0;326.0;211.0;399.0;113.0;203.0;264.0;267.0;242.0;324.0;184.0;380.0;427.0;287.0;551.0;221.0;433.0;356.0;70.0;331.0;431.0;121.0;309.0;345.0;326.0;257.0;422.0;363.0;185.0;376.0;338.0;419.0;216.0;395.0;410.0;185.0;176.0;325.0;107.0;242.0;308.0;218.0;417.0;36.0;366.0;163.0;374.0;401.0;76.0;379.0;392.0;237.0;217.0;398.0;311.0;348.0;395.0;315.0;378.0;327.0;344.0;318.0;332.0;559.0;350.0;144.0;314.0;469.0;164.0;253.0;248.0;456.0;215.0;291.0;292.0;339.0;372.0;344.0;369.0;629.0;364.0;278.0;309.0;428.0;248.0;255.0;384.0;168.0;434.0;407.0;414.0;568.0;296.0;270.0;276.0;402.0;355.0;362.0;318.0;184.0;479.0;360.0;279.0;381.0;384.0;329.0;289.0;410.0;300.0;530.0;468.0;385.0;184.0;284.0;346.0;369.0;449.0;477.0;302.0;349.0;376.0;466.0;550.0;181.0;155.0;250.0;318.0;506.0;396.0;362.0;266.0;320.0;275.0;331.0
18;312.0;84.0;185.0;162.0;279.0;220.0;189.0;224.0;79.0;194.0;233.0;160.0;200.0;154.0;197.0;226.0;127.0;224.0;0.0;115.0;150.0;61.0;288.0;283.0;173.0;208.0;214.0;231.0;317.0;341.0;185.0;341.0;231.0;73.0;203.0;171.0;116.0;164.0;197.0;134.0;329.0;158.0;179.0;256.0;132.0;154.0;159.0;209.0;245.0;415.0;226.0;205.0;154.0;265.0;299.0;340.0;253.0;276.0;254.0;181.0;200.0;215.0;166.0;243.0;478.0;244.0;212.0;118.0;204.0;243.0;126.0;111.0;509.0;129.0;73.0;215.0;103.0;237.0;234.0;275.0;115.0;231.0;338.0;109.0;268.0;80.0;84.0;152.0;177.0;312.0;37.0;189.0;206.0;84.0;217.0;192.0;370.0;258.0;167.0;297.0;201.0;338.0;190.0;138.0;136.0;188.0;255.0;162.0;303.0;110.0;191.0;196.0;139.0;284.0;131.0;202.0;228.0;111.0;127.0;262.0;75.0;332.0;172.0;45.0;366.0;218.0;97.0;327.0;75.0;227.0;192.0;283.0;212.0;433.0;119.0;210.0;292.0;174.0;338.0;209.0;157.0;168.0;166.0;162.0;208.0;14.0;173.0;541.0;324.0;117.0;185.0;145.0;98.0;157.0;132.0;367.0;191.0;197.0;88.0;287.0;178.0;268.0;224.0;179.0;65.0;75.0;312.0;110.0;352.0;193.0;142.0;268.0;107.0;206.0;286.0;156.0;421.0;297.0;120.0;171.0;297.0;98.0;111.0;67.0;237.0;128.0;139.0;145.0;185.0;260.0;136.0;305.0;551.0;141.0;98.0;114.0;204.0;36.0;31.0;180.0;166.0;218.0;228.0;192.0;464.0;289.0;67.0;252.0;303.0;317.0;189.0;222.0;209.0;349.0;136.0;209.0;199.0;180.0;257.0;178.0;192.0;76.0;409.0;390.0;340.0;48.0;66.0;197.0;196.0;239.0;272.0;360.0;285.0;157.0;243.0;513.0;239.0;104.0;59.0;98.0;284.0;382.0;506.0;168.0;143.0;104.0;116.0
19;339.0;199.0;90.0;93.0;215.0;250.0;135.0;113.0;185.0;101.0;200.0;64.0;163.0;269.0;128.0;116.0;12.0;307.0;115.0;0.0;37.0;89.0;173.0;257.0;72.0;116.0;136.0;125.0;225.0;227.0;161.0;229.0;134.0;169.0;306.0;74.0;84.0;60.0;126.0;61.0;265.0;272.0;67.0;166.0;38.0;256.0;124.0;94.0;173.0;386.0;111.0;315.0;208.0;363.0;225.0;286.0;157.0;240.0;196.0;102.0;87.0;191.0;89.0;341.0;457.0;203.0;144.0;50.0;119.0;157.0;214.0;16.0;503.0;56.0;167.0;121.0;55.0;212.0;150.0;161.0;231.0;120.0;236.0;172.0;383.0;97.0;42.0;267.0;97.0;204.0;80.0;77.0;206.0;174.0;181.0;131.0;329.0;263.0;279.0;242.0;126.0;300.0;81.0;54.0;82.0;298.0;368.0;107.0;192.0;193.0;96.0;187.0;223.0;216.0;192.0;191.0;114.0;202.0;127.0;230.0;162.0;446.0;72.0;133.0;306.0;122.0;21.0;289.0;186.0;126.0;80.0;374.0;123.0;374.0;225.0;136.0;224.0;257.0;332.0;118.0;57.0;174.0;73.0;49.0;223.0;112.0;116.0;539.0;350.0;232.0;90.0;251.0;72.0;63.0;119.0;289.0;280.0;84.0;201.0;202.0;122.0;329.0;113.0;91.0;170.0;187.0;224.0;15.0;304.0;87.0;36.0;173.0;66.0;290.0;231.0;226.0;308.0;227.0;232.0;259.0;182.0;212.0;213.0;60.0;158.0;241.0;55.0;62.0;265.0;165.0;43.0;228.0;452.0;133.0;185.0;181.0;168.0;79.0;93.0;77.0;281.0;133.0;113.0;129.0;359.0;248.0;148.0;211.0;209.0;252.0;254.0;145.0;324.0;240.0;127.0;156.0;84.0;77.0;186.0;108.0;192.0;95.0;301.0;297.0;268.0;131.0;61.0;277.0;82.0;249.0;287.0;338.0;213.0;88.0;212.0;431.0;249.0;217.0;156.0;128.0;255.0;321.0;514.0;114.0;32.0;195.0;49.0
20;365.0;234.0;61.0;105.0;217.0;258.0;122.0;89.0;216.0;72.0;215.0;66.0;179.0;305.0;134.0;92.0;28.0;343.0;150.0;37.0;0.0;125.0;139.0;271.0;41.0;111.0;136.0;107.0;193.0;195.0;181.0;200.0;123.0;199.0;343.0;46.0;112.0;54.0;107.0;57.0;265.0;306.0;30.0;158.0;54.0;293.0;145.0;64.0;149.0;396.0;76.0;346.0;242.0;400.0;222.0;289.0;123.0;251.0;201.0;82.0;50.0;209.0;73.0;368.0;468.0;215.0;149.0;75.0;118.0;128.0;240.0;40.0;518.0;55.0;197.0;91.0;70.0;204.0;122.0;125.0;266.0;83.0;216.0;194.0;419.0;131.0;78.0;302.0;76.0;167.0;114.0;40.0;230.0;202.0;196.0;141.0;336.0;285.0;316.0;247.0;129.0;310.0;45.0;68.0;80.0;335.0;400.0;99.0;166.0;219.0;67.0;210.0;259.0;217.0;212.0;213.0;82.0;239.0;156.0;244.0;190.0;482.0;67.0;170.0;307.0;90.0;58.0;273.0;219.0;92.0;59.0;410.0;119.0;373.0;262.0;138.0;224.0;280.0;351.0;89.0;32.0;200.0;50.0;32.0;228.0;148.0;104.0;556.0;375.0;267.0;85.0;288.0;104.0;67.0;146.0;282.0;316.0;58.0;237.0;194.0;110.0;362.0;89.0;67.0;202.0;220.0;213.0;41.0;309.0;52.0;40.0;160.0;77.0;313.0;236.0;246.0;278.0;227.0;268.0;284.0;147.0;248.0;243.0;97.0;132.0;274.0;70.0;74.0;287.0;153.0;34.0;224.0;431.0;138.0;212.0;203.0;159.0;114.0;126.0;45.0;316.0;105.0;79.0;113.0;336.0;257.0;176.0;223.0;195.0;252.0;272.0;145.0;359.0;214.0;134.0;166.0;50.0;44.0;186.0;116.0;194.0;117.0;275.0;283.0;265.0;167.0;91.0;299.0;54.0;251.0;289.0;351.0;211.0;76.0;202.0;420.0;273.0;254.0;186.0;146.0;244.0;320.0;534.0;129.0;31.0;222.0;57.0
21;272.0;132.0;176.0;105.0;218.0;269.0;203.0;182.0;139.0;187.0;174.0;112.0;140.0;193.0;138.0;183.0;98.0;219.0;61.0;89.0;125.0;0.0;252.0;225.0;160.0;154.0;157.0;184.0;313.0;300.0;126.0;296.0;178.0;134.0;219.0;160.0;56.0;120.0;203.0;134.0;269.0;208.0;156.0;201.0;88.0;170.0;99.0;173.0;252.0;358.0;195.0;260.0;124.0;275.0;239.0;280.0;244.0;217.0;193.0;182.0;175.0;156.0;167.0;302.0;423.0;184.0;152.0;68.0;148.0;241.0;186.0;94.0;458.0;128.0;133.0;208.0;109.0;267.0;234.0;247.0;161.0;208.0;285.0;164.0;306.0;21.0;47.0;197.0;177.0;292.0;55.0;166.0;153.0;144.0;157.0;132.0;311.0;208.0;200.0;236.0;144.0;279.0;170.0;89.0;146.0;216.0;305.0;174.0;257.0;170.0;182.0;140.0;134.0;223.0;187.0;146.0;192.0;114.0;69.0;203.0;134.0;369.0;125.0;49.0;305.0;209.0;68.0;353.0;132.0;215.0;151.0;285.0;158.0;372.0;141.0;152.0;232.0;234.0;286.0;204.0;144.0;115.0;158.0;126.0;253.0;49.0;185.0;492.0;283.0;161.0;134.0;167.0;41.0;109.0;72.0;307.0;191.0;158.0;125.0;230.0;191.0;246.0;180.0;174.0;125.0;132.0;255.0;92.0;292.0;176.0;103.0;213.0;117.0;266.0;225.0;214.0;377.0;237.0;153.0;231.0;263.0;138.0;171.0;29.0;240.0;182.0;89.0;94.0;245.0;205.0;125.0;245.0;496.0;172.0;158.0;170.0;227.0;47.0;68.0;165.0;207.0;216.0;196.0;202.0;412.0;229.0;124.0;192.0;247.0;256.0;247.0;164.0;250.0;301.0;167.0;149.0;168.0;165.0;197.0;120.0;230.0;108.0;360.0;333.0;280.0;46.0;76.0;257.0;160.0;282.0;318.0;303.0;226.0;161.0;270.0;454.0;190.0;141.0;119.0;140.0;313.0;322.0;460.0;108.0;107.0;165.0;116.0
22;434.0;372.0;137.0;177.0;218.0;366.0;205.0;77.0;355.0;137.0;259.0;146.0;235.0;441.0;178.0;78.0;161.0;458.0;288.0;173.0;139.0;252.0;0.0;306.0;133.0;136.0;162.0;92.0;163.0;61.0;250.0;77.0;120.0;337.0;471.0;139.0;217.0;134.0;179.0;180.0;248.0;444.0;114.0;141.0;165.0;421.0;223.0;80.0;188.0;403.0;64.0;484.0;349.0;522.0;204.0;281.0;123.0;279.0;219.0;164.0;95.0;266.0;169.0;503.0;475.0;250.0;184.0;186.0;149.0;152.0;375.0;179.0;539.0;181.0;335.0;133.0;204.0;280.0;156.0;40.0;403.0;74.0;131.0;326.0;555.0;251.0;208.0;440.0;162.0;90.0;252.0;107.0;303.0;339.0;244.0;192.0;335.0;347.0;450.0;252.0;167.0;320.0;111.0;167.0;197.0;468.0;539.0;199.0;64.0;354.0;137.0;281.0;380.0;212.0;341.0;280.0;61.0;364.0;256.0;280.0;327.0;618.0;134.0;301.0;286.0;127.0;191.0;315.0;358.0;114.0;102.0;527.0;140.0;341.0;393.0;170.0;215.0;412.0;391.0;139.0;145.0;286.0;149.0;127.0;332.0;284.0;197.0;579.0;443.0;404.0;134.0;419.0;219.0;149.0;241.0;236.0;436.0;94.0;372.0;164.0;200.0;460.0;79.0;150.0;341.0;359.0;167.0;180.0;305.0;113.0;150.0;127.0;209.0;444.0;244.0;376.0;145.0;215.0;403.0;417.0;11.0;384.0;381.0;228.0;169.0;413.0;168.0;166.0;417.0;127.0;164.0;199.0;321.0;254.0;348.0;335.0;242.0;251.0;265.0;127.0;453.0;151.0;60.0;192.0;220.0;277.0;313.0;254.0;144.0;238.0;398.0;166.0;497.0;102.0;251.0;209.0;89.0;126.0;190.0;175.0;295.0;253.0;155.0;205.0;235.0;298.0;229.0;429.0;93.0;347.0;382.0;373.0;199.0;180.0;273.0;343.0;343.0;389.0;324.0;277.0;305.0;294.0;569.0;198.0;147.0;359.0;189.0
