Vehicle:
Average speed:;1265
Time limit:;191.374
Fuel comsumption rate:;1
Fuel Capacity:;1951
Depot:
ID;X;Y;Service Time
0;365;689;0
Customers:
ID;X;Y;Service Time
1;146;180;12.7778
2;792;5;12.7778
3;658;510;12.7778
4;461;270;12.7778
5;299;531;12.7778
6;812;228;12.7778
7;643;90;12.7778
8;615;630;12.7778
9;258;42;12.7778
10;616;299;12.7778
11;475;957;12.7778
12;425;473;12.7778
13;406;64;12.7778
14;656;369;12.7778
15;202;467;12.7778
16;318;21;12.7778
17;579;587;12.7778
18;458;354;12.7778
19;575;871;12.7778
20;47;512;12.7778
21;568;742;12.7778
22;128;436;12.7778
23;546;806;12.7778
24;197;696;12.7778
25;615;300;12.7778
26;852;563;12.7778
27;772;803;12.7778
28;678;342;12.7778
29;916;176;12.7778
30;390;949;12.7778
31;113;782;12.7778
32;226;736;12.7778
33;119;923;12.7778
34;584;572;12.7778
35;134;554;12.7778
36;912;173;12.7778
37;827;233;12.7778
38;851;677;12.7778
39;598;322;12.7778
40;627;472;12.7778
41;94;442;12.7778
42;688;274;12.7778
43;977;176;12.7778
44;597;461;12.7778
45;931;23;12.7778
46;170;640;12.7778
47;941;601;12.7778
48;873;487;12.7778
49;797;95;12.7778
50;451;816;12.7778
51;866;970;12.7778
52;833;912;12.7778
53;106;913;12.7778
54;260;107;12.7778
55;332;45;12.7778
56;685;613;12.7778
57;728;372;12.7778
58;487;497;12.7778
59;702;440;12.7778
60;717;412;12.7778
61;635;794;12.7778
62;927;972;12.7778
63;635;356;12.7778
64;634;540;12.7778
65;658;261;12.7778
66;303;168;12.7778
67;707;410;12.7778
68;254;135;12.7778
69;346;29;12.7778
70;75;79;12.7778
71;893;987;12.7778
72;729;372;12.7778
73;29;910;12.7778
74;356;39;12.7778
75;274;943;12.7778
76;322;96;12.7778
77;664;396;12.7778
78;704;236;12.7778
79;415;837;12.7778
80;576;587;12.7778
81;750;977;12.7778
82;726;363;12.7778
83;861;948;12.7778
84;302;129;12.7778
85;415;989;12.7778
86;199;135;12.7778
87;801;405;12.7778
88;679;426;12.7778
89;994;804;12.7778
90;311;116;12.7778
91;739;898;12.7778
92;268;97;12.7778
93;176;991;12.7778
94;688;588;12.7778
95;107;836;12.7778
96;708;522;12.7778
97;679;864;12.7778
98;985;877;12.7778
99;954;950;12.7778
AFSs:
ID;X;Y;Service Time
100;615;750;1265
Distance matrix:
;0;1;2;3;4;5;6;7;8;9;10;11;12;13;14;15;16;17;18;19;20;21;22;23;24;25;26;27;28;29;30;31;32;33;34;35;36;37;38;39;40;41;42;43;44;45;46;47;48;49;50;51;52;53;54;55;56;57;58;59;60;61;62;63;64;65;66;67;68;69;70;71;72;73;74;75;76;77;78;79;80;81;82;83;84;85;86;87;88;89;90;91;92;93;94;95;96;97;98;99;100
0;0.0;554.0;806.0;343.0;430.0;171.0;642.0;660.0;257.0;656.0;464.0;290.0;224.0;626.0;433.0;275.0;670.0;237.0;348.0;278.0;364.0;210.0;347.0;216.0;168.0;462.0;503.0;423.0;467.0;753.0;261.0;269.0;147.0;340.0;248.0;268.0;752.0;649.0;486.0;435.0;340.0;367.0;526.0;799.0;325.0;874.0;201.0;583.0;547.0;734.0;153.0;574.0;518.0;342.0;591.0;645.0;329.0;482.0;227.0;419.0;448.0;290.0;629.0;429.0;308.0;519.0;525.0;441.0;565.0;660.0;675.0;606.0;483.0;402.0;650.0;270.0;595.0;419.0;566.0;156.0;234.0;481.0;486.0;560.0;564.0;304.0;578.0;520.0;410.0;639.0;576.0;428.0;600.0;356.0;338.0;297.0;381.0;359.0;648.0;644.0;257.0
1;554.0;0.0;669.0;609.0;328.0;383.0;668.0;505.0;650.0;178.0;485.0;844.0;405.0;285.0;544.0;292.0;234.0;594.0;357.0;813.0;346.0;703.0;257.0;743.0;519.0;484.0;803.0;883.0;556.0;770.0;807.0;603.0;562.0;743.0;588.0;374.0;766.0;683.0;863.0;474.0;563.0;267.0;550.0;831.0;531.0;801.0;461.0;900.0;789.0;657.0;705.0;1069.0;1004.0;734.0;135.0;230.0;691.0;613.0;466.0;614.0;616.0;785.0;1112.0;520.0;606.0;518.0;157.0;606.0;117.0;251.0;123.0;1100.0;614.0;739.0;253.0;774.0;195.0;561.0;561.0;710.0;592.0;1000.0;608.0;1049.0;164.0;853.0;70.0;693.0;587.0;1053.0;177.0;931.0;148.0;812.0;678.0;657.0;658.0;867.0;1091.0;1116.0;738.0
2;806.0;669.0;0.0;522.0;424.0;721.0;224.0;172.0;650.0;535.0;343.0;1003.0;595.0;390.0;389.0;749.0;474.0;620.0;483.0;893.0;901.0;770.0;792.0;838.0;912.0;344.0;561.0;798.0;356.0;211.0;1026.0;1032.0;925.0;1138.0;604.0;857.0;206.0;231.0;675.0;372.0;495.0;824.0;288.0;252.0;496.0;140.0;889.0;614.0;489.0;90.0;880.0;968.0;908.0;1138.0;542.0;462.0;617.0;373.0;579.0;444.0;414.0;804.0;976.0;385.0;558.0;289.0;515.0;414.0;553.0;447.0;721.0;987.0;372.0;1184.0;437.0;1072.0;479.0;411.0;247.0;913.0;621.0;973.0;364.0;946.0;505.0;1054.0;607.0;400.0;436.0;824.0;494.0;895.0;532.0;1163.0;592.0;1077.0;524.0;866.0;893.0;959.0;766.0
3;343.0;609.0;522.0;0.0;310.0;360.0;321.0;420.0;127.0;616.0;215.0;483.0;236.0;512.0;141.0;458.0;596.0;110.0;254.0;370.0;611.0;249.0;535.0;316.0;497.0;214.0;201.0;314.0;169.0;422.0;514.0;609.0;488.0;679.0;97.0;526.0;422.0;324.0;255.0;197.0;49.0;568.0;238.0;462.0;78.0;558.0;505.0;297.0;216.0;438.0;369.0;505.0;438.0;683.0;566.0;568.0;106.0;155.0;171.0;83.0;114.0;285.0;535.0;156.0;38.0;249.0;493.0;111.0;551.0;573.0;725.0;532.0;155.0;745.0;560.0;579.0;533.0;114.0;278.0;407.0;112.0;476.0;162.0;483.0;521.0;537.0;593.0;177.0;87.0;446.0;525.0;396.0;568.0;681.0;84.0;640.0;51.0;355.0;492.0;530.0;244.0
4;430.0;328.0;424.0;310.0;0.0;307.0;354.0;256.0;392.0;305.0;158.0;687.0;206.0;213.0;219.0;325.0;287.0;338.0;84.0;612.0;480.0;484.0;372.0;543.0;501.0;157.0;489.0;617.0;229.0;465.0;683.0;619.0;522.0;737.0;326.0;433.0;461.0;368.0;564.0;147.0;261.0;405.0;227.0;524.0;234.0;531.0;471.0;583.0;466.0;379.0;546.0;809.0;742.0;734.0;259.0;259.0;410.0;286.0;228.0;295.0;293.0;552.0;843.0;194.0;321.0;197.0;188.0;283.0;247.0;267.0;431.0;837.0;287.0;772.0;254.0;698.0;223.0;239.0;245.0;569.0;337.0;764.0;281.0;787.0;213.0;720.0;295.0;366.0;268.0;754.0;215.0;687.0;259.0;775.0;391.0;668.0;353.0;633.0;802.0;840.0;504.0
5;171.0;383.0;721.0;360.0;307.0;0.0;596.0;559.0;331.0;491.0;393.0;461.0;139.0;479.0;392.0;116.0;510.0;286.0;238.0;438.0;253.0;342.0;196.0;370.0;194.0;391.0;554.0;546.0;424.0;712.0;428.0;312.0;218.0;431.0;288.0;167.0;710.0;606.0;571.0;365.0;333.0;223.0;466.0;765.0;306.0;811.0;169.0;646.0;576.0;662.0;323.0;717.0;656.0;428.0;426.0;487.0;395.0;458.0;191.0;413.0;435.0;427.0;767.0;379.0;335.0;449.0;363.0;426.0;399.0;504.0;504.0;749.0;458.0;465.0;495.0;413.0;436.0;389.0;501.0;327.0;283.0;634.0;459.0;700.0;402.0;472.0;408.0;518.0;394.0;747.0;415.0;573.0;435.0;476.0;393.0;360.0;409.0;505.0;768.0;778.0;384.0
6;642.0;668.0;224.0;321.0;354.0;596.0;0.0;218.0;448.0;584.0;208.0;803.0;458.0;438.0;210.0;655.0;536.0;428.0;376.0;685.0;816.0;569.0;715.0;636.0;773.0;210.0;337.0;576.0;176.0;116.0;835.0;892.0;776.0;981.0;413.0;752.0;114.0;16.0;451.0;234.0;306.0;749.0;132.0;173.0;317.0;237.0;763.0;395.0;266.0;134.0;690.0;744.0;684.0;984.0;565.0;514.0;405.0;167.0;422.0;239.0;207.0;593.0;753.0;218.0;359.0;157.0;513.0;210.0;566.0;507.0;752.0;763.0;166.0;1038.0;494.0;895.0;507.0;224.0;108.0;727.0;430.0;752.0;160.0;722.0;520.0;858.0;620.0;177.0;239.0;604.0;513.0;674.0;560.0;993.0;381.0;931.0;312.0;650.0;672.0;736.0;558.0
7;660.0;505.0;172.0;420.0;256.0;559.0;218.0;0.0;541.0;388.0;211.0;883.0;441.0;238.0;279.0;580.0;332.0;501.0;322.0;784.0;730.0;656.0;620.0;723.0;752.0;212.0;517.0;725.0;254.0;286.0;895.0;872.0;769.0;984.0;486.0;689.0;282.0;233.0;623.0;236.0;382.0;652.0;189.0;345.0;374.0;296.0;725.0;592.0;459.0;154.0;751.0;908.0;844.0;983.0;383.0;314.0;525.0;295.0;436.0;355.0;330.0;704.0;927.0;266.0;450.0;172.0;349.0;326.0;392.0;303.0;568.0;931.0;295.0;1024.0;291.0;929.0;321.0;307.0;158.0;781.0;501.0;893.0;285.0;885.0;343.0;927.0;446.0;352.0;338.0;796.0;333.0;814.0;375.0;1015.0;500.0;919.0;437.0;775.0;858.0;915.0;661.0
8;257.0;650.0;650.0;127.0;392.0;331.0;448.0;541.0;0.0;688.0;331.0;356.0;246.0;603.0;264.0;444.0;678.0;56.0;318.0;244.0;580.0;121.0;524.0;189.0;423.0;330.0;246.0;234.0;295.0;545.0;390.0;525.0;403.0;576.0;66.0;487.0;545.0;450.0;241.0;308.0;158.0;554.0;363.0;581.0;170.0;684.0;445.0;327.0;295.0;565.0;248.0;423.0;356.0;582.0;632.0;650.0;72.0;282.0;185.0;209.0;241.0;165.0;463.0;275.0;92.0;371.0;557.0;238.0;613.0;658.0;771.0;452.0;282.0;649.0;645.0;463.0;609.0;239.0;404.0;288.0;58.0;372.0;289.0;402.0;591.0;411.0;647.0;292.0;214.0;417.0;597.0;295.0;636.0;568.0;84.0;548.0;143.0;243.0;445.0;466.0;120.0
9;656.0;178.0;535.0;616.0;305.0;491.0;584.0;388.0;688.0;0.0;441.0;940.0;462.0;150.0;515.0;429.0;64.0;633.0;371.0;888.0;515.0;766.0;415.0;816.0;657.0;440.0;790.0;918.0;516.0;672.0;917.0;754.0;695.0;892.0;622.0;527.0;667.0;600.0;869.0;440.0;567.0;432.0;489.0;731.0;539.0;673.0;604.0;883.0;759.0;542.0;798.0;1109.0;1043.0;884.0;65.0;74.0;713.0;574.0;509.0;596.0;590.0;841.0;1146.0;491.0;624.0;456.0;134.0;581.0;93.0;89.0;187.0;1139.0;575.0;898.0;98.0;901.0;84.0;539.0;486.0;810.0;631.0;1057.0;568.0;1088.0;97.0;960.0;110.0;653.0;570.0;1059.0;91.0;982.0;56.0;953.0;695.0;808.0;658.0;924.0;1107.0;1144.0;793.0
10;464.0;485.0;343.0;215.0;158.0;393.0;208.0;211.0;331.0;441.0;0.0;673.0;258.0;315.0;81.0;447.0;408.0;290.0;167.0;573.0;608.0;446.0;507.0;512.0;577.0;1.0;354.0;528.0;75.0;324.0;688.0;697.0;586.0;798.0;275.0;545.0;322.0;221.0;445.0;29.0;173.0;541.0;76.0;381.0;163.0;419.0;561.0;444.0;318.0;273.0;543.0;716.0;650.0;798.0;404.0;381.0;321.0;134.0;236.0;165.0;152.0;495.0;741.0;60.0;242.0;57.0;339.0;144.0;397.0;382.0;584.0;742.0;135.0;847.0;368.0;729.0;357.0;108.0;108.0;574.0;291.0;691.0;127.0;694.0;357.0;719.0;448.0;213.0;142.0;631.0;356.0;611.0;402.0;820.0;298.0;740.0;241.0;569.0;686.0;734.0;451.0
11;290.0;844.0;1003.0;483.0;687.0;461.0;803.0;883.0;356.0;940.0;673.0;0.0;487.0;896.0;615.0;561.0;949.0;384.0;603.0;132.0;617.0;234.0;626.0;167.0;381.0;672.0;545.0;335.0;648.0;897.0;85.0;402.0;333.0;358.0;400.0;528.0;898.0;805.0;469.0;647.0;508.0;641.0;715.0;928.0;511.0;1039.0;440.0;586.0;616.0;920.0;143.0;391.0;361.0;372.0;877.0;923.0;403.0;637.0;460.0;565.0;596.0;228.0;452.0;622.0;446.0;720.0;808.0;594.0;851.0;937.0;965.0;419.0;638.0;448.0;926.0;201.0;874.0;592.0;756.0;134.0;384.0;276.0;645.0;386.0;846.0;68.0;867.0;641.0;569.0;541.0;857.0;271.0;885.0;301.0;426.0;387.0;493.0;224.0;516.0;479.0;250.0
12;224.0;405.0;595.0;236.0;206.0;139.0;458.0;441.0;246.0;462.0;258.0;487.0;0.0;409.0;253.0;223.0;464.0;192.0;123.0;425.0;380.0;305.0;299.0;354.0;319.0;257.0;436.0;479.0;285.0;574.0;477.0;439.0;330.0;544.0;187.0;302.0;572.0;468.0;472.0;230.0;202.0;332.0;330.0;627.0;172.0;677.0;305.0;532.0;448.0;530.0;344.0;664.0;599.0;543.0;401.0;438.0;295.0;319.0;66.0;279.0;298.0;384.0;708.0;240.0;219.0;315.0;328.0;289.0;379.0;451.0;527.0;695.0;320.0;590.0;439.0;494.0;391.0;251.0;366.0;364.0;189.0;600.0;320.0;645.0;365.0;516.0;407.0;382.0;258.0;658.0;375.0;528.0;407.0;575.0;287.0;483.0;287.0;466.0;691.0;712.0;336.0
13;626.0;285.0;390.0;512.0;213.0;479.0;438.0;238.0;603.0;150.0;315.0;896.0;409.0;0.0;394.0;452.0;98.0;551.0;295.0;825.0;574.0;697.0;464.0;755.0;666.0;315.0;669.0;825.0;389.0;522.0;885.0;775.0;696.0;906.0;538.0;560.0;518.0;454.0;757.0;322.0;464.0;490.0;352.0;582.0;441.0;527.0;622.0;758.0;630.0;392.0;753.0;1016.0;949.0;900.0;152.0;76.0;616.0;446.0;441.0;479.0;467.0;765.0;1047.0;371.0;528.0;320.0;146.0;459.0;168.0;69.0;331.0;1044.0;446.0;926.0;56.0;889.0;90.0;420.0;344.0;773.0;550.0;976.0;438.0;994.0;123.0;925.0;219.0;522.0;453.0;945.0;108.0;898.0;142.0;955.0;595.0;828.0;549.0;845.0;998.0;1042.0;717.0
14;433.0;544.0;389.0;141.0;219.0;392.0;210.0;279.0;264.0;515.0;81.0;615.0;253.0;394.0;0.0;464.0;485.0;231.0;199.0;508.0;626.0;383.0;532.0;451.0;564.0;80.0;276.0;449.0;35.0;324.0;638.0;682.0;565.0;772.0;215.0;554.0;322.0;218.0;365.0;75.0;107.0;567.0;100.0;375.0;109.0;442.0;556.0;367.0;247.0;308.0;492.0;637.0;571.0;774.0;475.0;458.0;246.0;72.0;212.0;85.0;75.0;426.0;661.0;25.0;172.0;108.0;406.0;65.0;465.0;460.0;649.0;662.0;73.0;828.0;446.0;689.0;431.0;28.0;141.0;526.0;232.0;615.0;70.0;614.0;428.0;665.0;513.0;149.0;61.0;551.0;428.0;535.0;474.0;786.0;221.0;721.0;162.0;496.0;605.0;653.0;383.0
15;275.0;292.0;749.0;458.0;325.0;116.0;655.0;580.0;444.0;429.0;447.0;561.0;223.0;452.0;464.0;0.0;461.0;396.0;280.0;550.0;161.0;458.0;80.0;483.0;229.0;445.0;657.0;662.0;492.0;771.0;517.0;327.0;270.0;463.0;396.0;110.0;768.0;667.0;682.0;422.0;425.0;111.0;523.0;828.0;395.0;854.0;176.0;751.0;671.0;702.0;429.0;833.0;772.0;456.0;365.0;442.0;505.0;535.0;287.0;501.0;518.0;543.0;884.0;447.0;438.0;500.0;316.0;508.0;336.0;461.0;408.0;865.0;535.0;476.0;455.0;481.0;390.0;467.0;553.0;427.0;393.0;749.0;534.0;816.0;352.0;564.0;332.0;602.0;479.0;861.0;368.0;689.0;376.0;525.0;501.0;381.0;509.0;621.0;884.0;894.0;501.0
16;670.0;234.0;474.0;596.0;287.0;510.0;536.0;332.0;678.0;64.0;408.0;949.0;464.0;98.0;485.0;461.0;0.0;623.0;361.0;888.0;561.0;763.0;456.0;817.0;686.0;407.0;761.0;904.0;482.0;618.0;931.0;788.0;721.0;924.0;612.0;564.0;613.0;551.0;845.0;411.0;547.0;477.0;448.0;677.0;521.0;613.0;636.0;851.0;725.0;485.0;806.0;1096.0;1029.0;917.0;104.0;28.0;697.0;540.0;505.0;568.0;559.0;835.0;1129.0;461.0;608.0;416.0;148.0;550.0;131.0;29.0;250.0;1124.0;540.0;935.0;42.0;923.0;75.0;510.0;442.0;822.0;622.0;1049.0;532.0;1074.0;109.0;973.0;165.0;617.0;543.0;1034.0;95.0;973.0;91.0;980.0;677.0;842.0;635.0;917.0;1085.0;1126.0;787.0
17;237.0;594.0;620.0;110.0;338.0;286.0;428.0;501.0;56.0;633.0;290.0;384.0;192.0;551.0;231.0;396.0;623.0;0.0;263.0;284.0;537.0;155.0;476.0;221.0;397.0;289.0;274.0;290.0;264.0;531.0;408.0;505.0;383.0;570.0;16.0;446.0;531.0;432.0;287.0;266.0;125.0;506.0;331.0;572.0;127.0;665.0;412.0;362.0;311.0;538.0;262.0;479.0;412.0;574.0;576.0;596.0;109.0;262.0;129.0;192.0;223.0;214.0;519.0;238.0;72.0;335.0;502.0;218.0;557.0;605.0;716.0;509.0;262.0;638.0;592.0;469.0;554.0;209.0;373.0;299.0;3.0;426.0;268.0;458.0;535.0;434.0;591.0;287.0;190.0;468.0;542.0;350.0;580.0;571.0;109.0;534.0;144.0;294.0;499.0;522.0;167.0
18;348.0;357.0;483.0;254.0;84.0;238.0;376.0;322.0;318.0;371.0;167.0;603.0;123.0;295.0;199.0;280.0;361.0;263.0;0.0;530.0;440.0;403.0;340.0;460.0;430.0;166.0;446.0;548.0;220.0;491.0;599.0;550.0;447.0;662.0;252.0;381.0;489.0;388.0;509.0;144.0;206.0;374.0;244.0;549.0;175.0;577.0;406.0;542.0;436.0;427.0;462.0;739.0;672.0;661.0;317.0;334.0;344.0;271.0;146.0;259.0;265.0;474.0;776.0;177.0;256.0;221.0;242.0;255.0;299.0;344.0;472.0;768.0;272.0;702.0;331.0;617.0;292.0;210.0;273.0;485.0;261.0;688.0;268.0;718.0;274.0;636.0;339.0;347.0;232.0;700.0;280.0;612.0;320.0;697.0;328.0;596.0;301.0;556.0;742.0;775.0;426.0
19;278.0;813.0;893.0;370.0;612.0;438.0;685.0;784.0;244.0;888.0;573.0;132.0;425.0;825.0;508.0;550.0;888.0;284.0;530.0;0.0;638.0;129.0;624.0;71.0;417.0;572.0;414.0;208.0;539.0;774.0;201.0;470.0;374.0;459.0;299.0;543.0;775.0;686.0;337.0;549.0;402.0;645.0;608.0;803.0;411.0;920.0;466.0;455.0;486.0;807.0;136.0;307.0;261.0;471.0;826.0;861.0;280.0;522.0;384.0;449.0;480.0;98.0;366.0;518.0;336.0;616.0;754.0;480.0;803.0;873.0;937.0;338.0;522.0;547.0;860.0;309.0;815.0;483.0;648.0;164.0;284.0;205.0;530.0;296.0;791.0;199.0;826.0;518.0;457.0;424.0;800.0;166.0;833.0;417.0;305.0;469.0;373.0;104.0;410.0;387.0;127.0
20;364.0;346.0;901.0;611.0;480.0;253.0;816.0;730.0;580.0;515.0;608.0;617.0;380.0;574.0;626.0;161.0;561.0;537.0;440.0;638.0;0.0;570.0;111.0;579.0;237.0;606.0;807.0;781.0;653.0;932.0;556.0;278.0;287.0;417.0;540.0;97.0;929.0;828.0;821.0;583.0;581.0;84.0;684.0;989.0;552.0;1010.0;178.0;898.0;826.0;858.0;506.0;938.0;882.0;405.0;458.0;547.0;646.0;695.0;440.0;659.0;677.0;652.0;993.0;608.0;588.0;661.0;429.0;668.0;430.0;568.0;434.0;970.0;696.0;398.0;565.0;487.0;499.0;628.0;713.0;491.0;534.0;843.0;695.0;923.0;460.0;602.0;406.0;762.0;638.0;991.0;476.0;792.0;470.0;496.0;645.0;330.0;661.0;723.0;1007.0;1007.0;616.0
21;210.0;703.0;770.0;249.0;484.0;342.0;569.0;656.0;121.0;766.0;446.0;234.0;305.0;697.0;383.0;458.0;763.0;155.0;403.0;129.0;570.0;0.0;536.0;68.0;374.0;444.0;336.0;213.0;415.0;664.0;273.0;457.0;342.0;484.0;171.0;473.0;665.0;571.0;290.0;421.0;276.0;561.0;483.0;698.0;282.0;805.0;411.0;399.0;398.0;686.0;138.0;375.0;315.0;493.0;706.0;736.0;174.0;403.0;258.0;330.0;362.0;85.0;426.0;392.0;213.0;489.0;632.0;360.0;683.0;747.0;826.0;407.0;404.0;565.0;734.0;356.0;691.0;359.0;524.0;180.0;155.0;297.0;411.0;358.0;668.0;291.0;710.0;410.0;335.0;430.0;677.0;231.0;711.0;464.0;195.0;470.0;261.0;165.0;438.0;438.0;48.0
22;347.0;257.0;792.0;535.0;372.0;196.0;715.0;620.0;524.0;415.0;507.0;626.0;299.0;464.0;532.0;80.0;456.0;476.0;340.0;624.0;111.0;536.0;0.0;558.0;269.0;506.0;735.0;741.0;558.0;830.0;576.0;346.0;316.0;487.0;476.0;118.0;827.0;728.0;762.0;484.0;500.0;35.0;583.0;888.0;470.0;903.0;208.0;830.0;747.0;751.0;499.0;911.0;851.0;478.0;354.0;441.0;584.0;603.0;364.0;574.0;589.0;621.0;962.0;513.0;517.0;558.0;320.0;580.0;326.0;462.0;361.0;943.0;604.0;484.0;458.0;528.0;391.0;537.0;610.0;493.0;473.0;824.0;602.0;894.0;353.0;623.0;309.0;674.0;551.0;941.0;369.0;766.0;367.0;557.0;580.0;401.0;586.0;698.0;964.0;973.0;579.0
23;216.0;743.0;838.0;316.0;543.0;370.0;636.0;723.0;189.0;816.0;512.0;167.0;354.0;755.0;451.0;483.0;817.0;221.0;460.0;71.0;579.0;68.0;558.0;0.0;366.0;511.0;391.0;226.0;482.0;731.0;212.0;434.0;328.0;443.0;237.0;483.0;731.0;638.0;331.0;487.0;344.0;580.0;551.0;763.0;349.0;873.0;411.0;445.0;457.0;754.0;96.0;360.0;306.0;453.0;755.0;791.0;238.0;471.0;315.0;398.0;430.0;90.0;416.0;459.0;280.0;556.0;683.0;427.0;732.0;802.0;866.0;391.0;471.0;527.0;790.0;305.0;744.0;427.0;591.0;135.0;221.0;266.0;478.0;346.0;720.0;225.0;755.0;475.0;403.0;448.0;729.0;214.0;762.0;414.0;260.0;440.0;327.0;145.0;445.0;433.0;89.0
24;168.0;519.0;912.0;497.0;501.0;194.0;773.0;752.0;423.0;657.0;577.0;381.0;319.0;666.0;564.0;229.0;686.0;397.0;430.0;417.0;237.0;374.0;269.0;366.0;0.0;576.0;668.0;585.0;597.0;887.0;318.0;120.0;49.0;240.0;406.0;155.0;886.0;782.0;654.0;548.0;485.0;274.0;647.0;937.0;464.0;996.0;62.0;750.0;708.0;849.0;281.0;723.0;672.0;235.0;592.0;665.0;495.0;622.0;352.0;566.0;592.0;449.0;780.0;554.0;464.0;634.0;539.0;585.0;564.0;683.0;629.0;754.0;623.0;272.0;676.0;259.0;613.0;555.0;685.0;260.0;394.0;620.0;625.0;710.0;577.0;365.0;561.0;670.0;552.0;804.0;591.0;578.0;603.0;296.0;503.0;166.0;540.0;510.0;809.0;798.0;421.0
25;462.0;484.0;344.0;214.0;157.0;391.0;210.0;212.0;330.0;440.0;1.0;672.0;257.0;315.0;80.0;445.0;407.0;289.0;166.0;572.0;606.0;444.0;506.0;511.0;576.0;0.0;354.0;527.0;76.0;326.0;687.0;696.0;584.0;796.0;274.0;544.0;323.0;222.0;445.0;28.0;172.0;540.0;77.0;383.0;162.0;420.0;560.0;444.0;319.0;274.0;541.0;715.0;650.0;797.0;404.0;381.0;321.0;134.0;235.0;165.0;151.0;494.0;741.0;59.0;241.0;58.0;339.0;143.0;397.0;382.0;583.0;741.0;135.0;846.0;368.0;728.0;357.0;108.0;110.0;573.0;290.0;690.0;128.0;693.0;357.0;717.0;448.0;214.0;141.0;631.0;355.0;611.0;402.0;819.0;297.0;738.0;241.0;568.0;685.0;733.0;450.0
26;503.0;803.0;561.0;201.0;489.0;554.0;337.0;517.0;246.0;790.0;354.0;545.0;436.0;669.0;276.0;657.0;761.0;274.0;446.0;414.0;807.0;336.0;735.0;391.0;668.0;354.0;0.0;253.0;281.0;392.0;602.0;771.0;649.0;817.0;268.0;718.0;395.0;331.0;114.0;350.0;243.0;768.0;332.0;407.0;275.0;546.0;686.0;97.0;79.0;471.0;474.0;407.0;350.0;824.0;747.0;734.0;174.0;228.0;371.0;194.0;203.0;317.0;416.0;300.0;219.0;359.0;676.0;211.0;735.0;736.0;915.0;426.0;227.0;893.0;722.0;692.0;706.0;251.0;359.0;516.0;277.0;426.0;236.0;385.0;701.0;610.0;781.0;166.0;221.0;280.0;702.0;354.0;747.0;800.0;166.0;793.0;150.0;347.0;341.0;400.0;302.0
27;423.0;883.0;798.0;314.0;617.0;546.0;576.0;725.0;234.0;918.0;528.0;335.0;479.0;825.0;449.0;662.0;904.0;290.0;548.0;208.0;781.0;213.0;741.0;226.0;585.0;527.0;253.0;0.0;470.0;643.0;409.0;659.0;550.0;664.0;298.0;685.0;645.0;573.0;149.0;512.0;361.0;768.0;536.0;660.0;384.0;796.0;624.0;263.0;332.0;708.0;321.0;192.0;125.0;675.0;864.0;876.0;209.0;433.0;418.0;370.0;395.0;137.0;229.0;468.0;297.0;554.0;789.0;398.0;845.0;883.0;1005.0;220.0;433.0;751.0;870.0;517.0;838.0;421.0;571.0;359.0;292.0;175.0;442.0;170.0;822.0;403.0;880.0;399.0;388.0;222.0;827.0;101.0;867.0;625.0;231.0;666.0;288.0;111.0;225.0;234.0;166.0
28;467.0;556.0;356.0;169.0;229.0;424.0;176.0;254.0;295.0;516.0;75.0;648.0;285.0;389.0;35.0;492.0;482.0;264.0;220.0;539.0;653.0;415.0;558.0;482.0;597.0;76.0;281.0;470.0;0.0;290.0;672.0;716.0;600.0;806.0;248.0;584.0;289.0;185.0;377.0;82.0;140.0;592.0;69.0;342.0;144.0;407.0;589.0;369.0;243.0;274.0;526.0;656.0;591.0;808.0;480.0;456.0;271.0;58.0;246.0;101.0;80.0;454.0;677.0;45.0;203.0;83.0;413.0;74.0;472.0;456.0;658.0;680.0;59.0;862.0;442.0;724.0;433.0;56.0;109.0;561.0;265.0;639.0;52.0;633.0;432.0;698.0;522.0;138.0;84.0;560.0;431.0;559.0;478.0;820.0;246.0;755.0;182.0;522.0;617.0;668.0;413.0
29;753.0;770.0;211.0;422.0;465.0;712.0;116.0;286.0;545.0;672.0;324.0;897.0;574.0;522.0;324.0;771.0;618.0;531.0;491.0;774.0;932.0;664.0;830.0;731.0;887.0;326.0;392.0;643.0;290.0;0.0;935.0;1006.0;889.0;1092.0;517.0;869.0;5.0;106.0;505.0;350.0;414.0;864.0;248.0;61.0;428.0;154.0;879.0;426.0;314.0;144.0;791.0;796.0;741.0;1095.0;660.0;599.0;494.0;272.0;536.0;340.0;309.0;679.0;796.0;334.0;460.0;272.0;613.0;314.0;663.0;589.0;847.0;811.0;271.0;1151.0;577.0;1000.0;599.0;335.0;220.0;829.0;533.0;818.0;267.0;774.0;616.0;955.0;718.0;256.0;344.0;633.0;608.0;743.0;653.0;1101.0;471.0;1044.0;404.0;728.0;704.0;775.0;648.0
30;261.0;807.0;1026.0;514.0;683.0;428.0;835.0;895.0;390.0;917.0;688.0;85.0;477.0;885.0;638.0;517.0;931.0;408.0;599.0;201.0;556.0;273.0;576.0;212.0;318.0;687.0;602.0;409.0;672.0;935.0;0.0;323.0;269.0;272.0;424.0;471.0;935.0;839.0;535.0;661.0;533.0;587.0;738.0;971.0;530.0;1072.0;379.0;652.0;668.0;946.0;146.0;476.0;445.0;286.0;852.0;906.0;447.0;669.0;462.0;597.0;629.0;290.0;537.0;642.0;476.0;738.0;786.0;625.0;825.0;921.0;925.0;504.0;669.0;363.0;911.0;116.0;856.0;617.0;779.0;115.0;407.0;361.0;675.0;471.0;825.0;47.0;836.0;682.0;598.0;621.0;837.0;353.0;861.0;218.0;468.0;305.0;532.0;301.0;599.0;564.0;300.0
31;269.0;603.0;1032.0;609.0;619.0;312.0;892.0;872.0;525.0;754.0;697.0;402.0;439.0;775.0;682.0;327.0;788.0;505.0;550.0;470.0;278.0;457.0;346.0;434.0;120.0;696.0;771.0;659.0;716.0;1006.0;323.0;0.0;122.0;141.0;516.0;229.0;1005.0;901.0;745.0;668.0;600.0;341.0;767.0;1055.0;581.0;1116.0;153.0;848.0;815.0;969.0;340.0;776.0;732.0;131.0;691.0;769.0;596.0;739.0;470.0;681.0;708.0;522.0;836.0;674.0;574.0;754.0;643.0;701.0;662.0;788.0;704.0;806.0;740.0;153.0;782.0;228.0;717.0;673.0;805.0;307.0;502.0;666.0;743.0;766.0;680.0;366.0;653.0;785.0;669.0;881.0;695.0;637.0;702.0;218.0;607.0;54.0;649.0;572.0;877.0;858.0;503.0
32;147.0;562.0;925.0;488.0;522.0;218.0;776.0;769.0;403.0;695.0;586.0;333.0;330.0;696.0;565.0;270.0;721.0;383.0;447.0;374.0;287.0;342.0;316.0;328.0;49.0;584.0;649.0;550.0;600.0;889.0;269.0;122.0;0.0;215.0;394.0;204.0;887.0;784.0;628.0;557.0;480.0;322.0;653.0;937.0;462.0;1003.0;111.0;728.0;693.0;858.0;239.0;681.0;632.0;214.0;630.0;699.0;475.0;620.0;354.0;561.0;588.0;413.0;740.0;558.0;453.0;642.0;573.0;581.0;602.0;717.0;674.0;713.0;621.0;263.0;709.0;212.0;647.0;554.0;692.0;214.0;380.0;577.0;624.0;669.0;612.0;316.0;602.0;663.0;549.0;771.0;626.0;538.0;640.0;260.0;485.0;155.0;527.0;471.0;772.0;759.0;389.0
33;340.0;743.0;1138.0;679.0;737.0;431.0;981.0;984.0;576.0;892.0;798.0;358.0;544.0;906.0;772.0;463.0;924.0;570.0;662.0;459.0;417.0;484.0;487.0;443.0;240.0;796.0;817.0;664.0;806.0;1092.0;272.0;141.0;215.0;0.0;583.0;369.0;1091.0;989.0;772.0;769.0;679.0;482.0;863.0;1138.0;665.0;1212.0;288.0;883.0;871.0;1070.0;349.0;748.0;714.0;16.0;828.0;903.0;645.0;821.0;563.0;757.0;787.0;532.0;809.0;767.0;642.0;854.0;777.0;780.0;799.0;922.0;845.0;777.0;822.0;91.0;915.0;156.0;852.0;758.0;902.0;308.0;567.0;633.0;826.0;742.0;815.0;303.0;792.0;856.0;749.0;883.0;830.0;621.0;839.0;89.0;660.0;88.0;713.0;563.0;867.0;835.0;525.0
34;248.0;588.0;604.0;97.0;326.0;288.0;413.0;486.0;66.0;622.0;275.0;400.0;187.0;538.0;215.0;396.0;612.0;16.0;252.0;299.0;540.0;171.0;476.0;237.0;406.0;274.0;268.0;298.0;248.0;517.0;424.0;516.0;394.0;583.0;0.0;450.0;517.0;417.0;287.0;250.0;109.0;507.0;316.0;558.0;112.0;649.0;420.0;358.0;301.0;522.0;278.0;488.0;421.0;587.0;567.0;584.0;109.0;246.0;123.0;177.0;208.0;228.0;527.0;222.0;59.0;320.0;492.0;203.0;548.0;593.0;709.0;517.0;247.0;650.0;580.0;483.0;543.0;193.0;357.0;314.0;17.0;438.0;253.0;467.0;525.0;450.0;582.0;274.0;174.0;471.0;531.0;361.0;571.0;585.0;105.0;545.0;134.0;307.0;504.0;529.0;181.0
35;268.0;374.0;857.0;526.0;433.0;167.0;752.0;689.0;487.0;527.0;545.0;528.0;302.0;560.0;554.0;110.0;564.0;446.0;381.0;543.0;97.0;473.0;118.0;483.0;155.0;544.0;718.0;685.0;584.0;869.0;471.0;229.0;204.0;369.0;450.0;0.0;866.0;764.0;727.0;519.0;500.0;119.0;621.0;924.0;472.0;958.0;93.0;808.0;742.0;806.0;411.0;842.0;785.0;360.0;464.0;546.0;554.0;621.0;358.0;579.0;600.0;556.0;896.0;539.0;500.0;600.0;421.0;591.0;436.0;566.0;479.0;874.0;622.0;371.0;561.0;413.0;495.0;553.0;653.0;399.0;443.0;747.0;622.0;827.0;457.0;518.0;424.0;683.0;560.0;896.0;472.0;696.0;476.0;439.0;555.0;283.0;575.0;627.0;910.0;911.0;519.0
36;752.0;766.0;206.0;422.0;461.0;710.0;114.0;282.0;545.0;667.0;322.0;898.0;572.0;518.0;322.0;768.0;613.0;531.0;489.0;775.0;929.0;665.0;827.0;731.0;886.0;323.0;395.0;645.0;289.0;5.0;935.0;1005.0;887.0;1091.0;517.0;866.0;0.0;104.0;508.0;348.0;413.0;861.0;246.0;65.0;427.0;151.0;877.0;429.0;316.0;139.0;791.0;798.0;743.0;1094.0;655.0;594.0;495.0;271.0;534.0;340.0;308.0;680.0;799.0;332.0;460.0;269.0;609.0;313.0;659.0;584.0;842.0;814.0;270.0;1150.0;572.0;1000.0;595.0;334.0;217.0;829.0;533.0;820.0;266.0;777.0;612.0;955.0;714.0;257.0;344.0;636.0;604.0;745.0;648.0;1100.0;472.0;1043.0;404.0;729.0;708.0;778.0;649.0
37;649.0;683.0;231.0;324.0;368.0;606.0;16.0;233.0;450.0;600.0;221.0;805.0;468.0;454.0;218.0;667.0;551.0;432.0;388.0;686.0;828.0;571.0;728.0;638.0;782.0;222.0;331.0;573.0;185.0;106.0;839.0;901.0;784.0;989.0;417.0;764.0;104.0;0.0;445.0;246.0;312.0;762.0;145.0;160.0;324.0;234.0;773.0;385.0;258.0;141.0;694.0;738.0;679.0;991.0;581.0;529.0;406.0;171.0;430.0;242.0;210.0;593.0;746.0;228.0;363.0;171.0;528.0;214.0;581.0;522.0;768.0;757.0;170.0;1046.0;509.0;900.0;523.0;231.0;123.0;731.0;434.0;748.0;165.0;716.0;535.0;861.0;636.0;174.0;243.0;595.0;529.0;671.0;575.0;999.0;381.0;939.0;313.0;648.0;663.0;728.0;559.0
38;486.0;863.0;675.0;255.0;564.0;571.0;451.0;623.0;241.0;869.0;445.0;469.0;472.0;757.0;365.0;682.0;845.0;287.0;509.0;337.0;821.0;290.0;762.0;331.0;654.0;445.0;114.0;149.0;377.0;505.0;535.0;745.0;628.0;772.0;287.0;727.0;508.0;445.0;0.0;436.0;304.0;793.0;435.0;517.0;333.0;659.0;682.0;118.0;191.0;584.0;423.0;293.0;236.0;781.0;821.0;818.0;178.0;329.0;406.0;280.0;297.0;246.0;305.0;387.0;257.0;459.0;748.0;303.0;806.0;822.0;980.0;313.0;328.0;854.0;808.0;635.0;786.0;338.0;465.0;464.0;289.0;317.0;338.0;271.0;776.0;536.0;848.0;277.0;304.0;191.0;779.0;248.0;822.0;744.0;186.0;761.0;211.0;254.0;241.0;292.0;247.0
39;435.0;474.0;372.0;197.0;147.0;365.0;234.0;236.0;308.0;440.0;29.0;647.0;230.0;322.0;75.0;422.0;411.0;266.0;144.0;549.0;583.0;421.0;484.0;487.0;548.0;28.0;350.0;512.0;82.0;350.0;661.0;668.0;557.0;769.0;250.0;519.0;348.0;246.0;436.0;0.0;153.0;518.0;102.0;406.0;139.0;448.0;533.0;442.0;321.0;302.0;515.0;701.0;635.0;769.0;401.0;384.0;304.0;139.0;207.0;157.0;149.0;473.0;729.0;50.0;221.0;86.0;333.0;140.0;392.0;386.0;577.0;727.0;140.0;818.0;372.0;700.0;357.0;99.0;136.0;547.0;266.0;672.0;134.0;679.0;353.0;692.0;441.0;219.0;132.0;624.0;353.0;593.0;399.0;791.0;281.0;711.0;228.0;548.0;677.0;722.0;428.0
40;340.0;563.0;495.0;49.0;261.0;333.0;306.0;382.0;158.0;567.0;173.0;508.0;202.0;464.0;107.0;425.0;547.0;125.0;206.0;402.0;581.0;276.0;500.0;344.0;485.0;172.0;243.0;361.0;140.0;414.0;533.0;600.0;480.0;679.0;109.0;500.0;413.0;312.0;304.0;153.0;0.0;534.0;207.0;458.0;32.0;542.0;487.0;339.0;246.0;414.0;386.0;552.0;486.0;683.0;518.0;519.0;152.0;142.0;142.0;82.0;108.0;322.0;583.0;116.0;68.0;213.0;444.0;101.0;503.0;525.0;678.0;580.0;143.0;741.0;511.0;589.0;484.0;85.0;248.0;422.0;126.0;520.0;147.0;530.0;473.0;559.0;545.0;186.0;69.0;495.0;476.0;440.0;519.0;688.0;131.0;635.0;95.0;395.0;541.0;579.0;278.0
41;367.0;267.0;824.0;568.0;405.0;223.0;749.0;652.0;554.0;432.0;541.0;641.0;332.0;490.0;567.0;111.0;477.0;506.0;374.0;645.0;84.0;561.0;35.0;580.0;274.0;540.0;768.0;768.0;592.0;864.0;587.0;341.0;322.0;482.0;507.0;119.0;861.0;762.0;793.0;518.0;534.0;0.0;617.0;922.0;503.0;936.0;212.0;862.0;780.0;784.0;517.0;935.0;876.0;471.0;374.0;463.0;615.0;638.0;397.0;608.0;624.0;645.0;987.0;548.0;549.0;592.0;345.0;614.0;346.0;484.0;363.0;967.0;639.0;472.0;481.0;532.0;414.0;572.0;644.0;509.0;503.0;846.0;637.0;919.0;376.0;634.0;324.0;708.0;585.0;970.0;392.0;790.0;386.0;555.0;612.0;394.0;619.0;721.0;992.0;999.0;605.0
42;526.0;550.0;288.0;238.0;227.0;466.0;132.0;189.0;363.0;489.0;76.0;715.0;330.0;352.0;100.0;523.0;448.0;331.0;244.0;608.0;684.0;483.0;583.0;551.0;647.0;77.0;332.0;536.0;69.0;248.0;738.0;767.0;653.0;863.0;316.0;621.0;246.0;145.0;435.0;102.0;207.0;617.0;0.0;305.0;208.0;349.0;634.0;413.0;282.0;210.0;592.0;718.0;654.0;864.0;459.0;423.0;339.0;106.0;300.0;167.0;141.0;523.0;738.0;98.0;271.0;33.0;399.0;137.0;456.0;421.0;643.0;742.0;106.0;916.0;407.0;787.0;407.0;124.0;41.0;626.0;332.0;706.0;97.0;696.0;412.0;765.0;508.0;173.0;152.0;612.0;409.0;626.0;456.0;881.0;314.0;808.0;249.0;590.0;672.0;726.0;482.0
43;799.0;831.0;252.0;462.0;524.0;765.0;173.0;345.0;581.0;731.0;381.0;928.0;627.0;582.0;375.0;828.0;677.0;572.0;549.0;803.0;989.0;698.0;888.0;763.0;937.0;383.0;407.0;660.0;342.0;61.0;971.0;1055.0;937.0;1138.0;558.0;924.0;65.0;160.0;517.0;406.0;458.0;922.0;305.0;0.0;475.0;160.0;931.0;427.0;328.0;197.0;828.0;802.0;750.0;1141.0;720.0;658.0;526.0;317.0;586.0;381.0;351.0;706.0;798.0;386.0;500.0;330.0;674.0;357.0;724.0;648.0;907.0;815.0;316.0;1199.0;636.0;1040.0;660.0;383.0;280.0;868.0;574.0;833.0;313.0;781.0;677.0;988.0;779.0;289.0;389.0;628.0;669.0;760.0;713.0;1143.0;503.0;1092.0;438.0;750.0;701.0;774.0;679.0
44;325.0;531.0;496.0;78.0;234.0;306.0;317.0;374.0;170.0;539.0;163.0;511.0;172.0;441.0;109.0;395.0;521.0;127.0;175.0;411.0;552.0;282.0;470.0;349.0;464.0;162.0;275.0;384.0;144.0;428.0;530.0;581.0;462.0;665.0;112.0;472.0;427.0;324.0;333.0;139.0;32.0;503.0;208.0;475.0;0.0;551.0;463.0;371.0;277.0;417.0;384.0;576.0;509.0;667.0;489.0;493.0;176.0;158.0;116.0;107.0;130.0;335.0;608.0;112.0;87.0;209.0;415.0;121.0;473.0;500.0;647.0;604.0;159.0;724.0;486.0;580.0;457.0;93.0;249.0;418.0;128.0;538.0;162.0;554.0;444.0;558.0;514.0;212.0;89.0;525.0;448.0;459.0;491.0;677.0;156.0;617.0;127.0;411.0;569.0;605.0;290.0
45;874.0;801.0;140.0;558.0;531.0;811.0;237.0;296.0;684.0;673.0;419.0;1039.0;677.0;527.0;442.0;854.0;613.0;665.0;577.0;920.0;1010.0;805.0;903.0;873.0;996.0;420.0;546.0;796.0;407.0;154.0;1072.0;1116.0;1003.0;1212.0;649.0;958.0;151.0;234.0;659.0;448.0;542.0;936.0;349.0;160.0;551.0;0.0;980.0;578.0;468.0;152.0;927.0;949.0;894.0;1214.0;676.0;599.0;639.0;404.0;649.0;476.0;444.0;826.0;949.0;446.0;596.0;362.0;645.0;447.0;686.0;585.0;858.0;965.0;403.0;1265.0;575.0;1131.0;613.0;459.0;311.0;964.0;666.0;971.0;397.0;928.0;638.0;1095.0;741.0;404.0;475.0;784.0;627.0;896.0;667.0;1228.0;615.0;1158.0;547.0;878.0;856.0;927.0;793.0
46;201.0;461.0;889.0;505.0;471.0;169.0;763.0;725.0;445.0;604.0;561.0;440.0;305.0;622.0;556.0;176.0;636.0;412.0;406.0;466.0;178.0;411.0;208.0;411.0;62.0;560.0;686.0;624.0;589.0;879.0;379.0;153.0;111.0;288.0;420.0;93.0;877.0;773.0;682.0;533.0;487.0;212.0;634.0;931.0;463.0;980.0;0.0;772.0;719.0;831.0;332.0;770.0;717.0;280.0;541.0;617.0;516.0;619.0;348.0;568.0;593.0;490.0;827.0;545.0;475.0;618.0;490.0;584.0;512.0;636.0;569.0;802.0;620.0;305.0;629.0;320.0;565.0;551.0;670.0;314.0;409.0;671.0;621.0;757.0;528.0;426.0;506.0;673.0;552.0;840.0;543.0;625.0;552.0;351.0;521.0;206.0;551.0;556.0;849.0;843.0;458.0
47;583.0;900.0;614.0;297.0;583.0;646.0;395.0;592.0;327.0;883.0;444.0;586.0;532.0;758.0;367.0;751.0;851.0;362.0;542.0;455.0;898.0;399.0;830.0;445.0;750.0;444.0;97.0;263.0;369.0;426.0;652.0;848.0;728.0;883.0;358.0;808.0;429.0;385.0;118.0;442.0;339.0;862.0;413.0;427.0;371.0;578.0;772.0;0.0;133.0;526.0;535.0;377.0;329.0;891.0;841.0;825.0;256.0;313.0;466.0;288.0;293.0;362.0;371.0;392.0;313.0;442.0;771.0;302.0;830.0;825.0;1011.0;389.0;312.0;963.0;811.0;750.0;799.0;345.0;435.0;577.0;365.0;422.0;321.0;356.0;794.0;654.0;876.0;241.0;315.0;210.0;795.0;359.0;841.0;859.0;253.0;866.0;246.0;371.0;279.0;349.0;358.0
48;547.0;789.0;489.0;216.0;466.0;576.0;266.0;459.0;295.0;759.0;318.0;616.0;448.0;630.0;247.0;671.0;725.0;311.0;436.0;486.0;826.0;398.0;747.0;457.0;708.0;319.0;79.0;332.0;243.0;314.0;668.0;815.0;693.0;871.0;301.0;742.0;316.0;258.0;191.0;321.0;246.0;780.0;282.0;328.0;277.0;468.0;719.0;133.0;0.0;399.0;535.0;483.0;427.0;877.0;721.0;699.0;226.0;185.0;386.0;177.0;173.0;388.0;488.0;272.0;245.0;312.0;653.0;183.0;712.0;698.0;896.0;500.0;184.0;944.0;684.0;753.0;676.0;228.0;303.0;576.0;313.0;505.0;192.0;461.0;674.0;680.0;760.0;109.0;203.0;339.0;673.0;432.0;720.0;860.0;211.0;842.0;169.0;424.0;406.0;470.0;368.0
49;734.0;657.0;90.0;438.0;379.0;662.0;134.0;154.0;565.0;542.0;273.0;920.0;530.0;392.0;308.0;702.0;485.0;538.0;427.0;807.0;858.0;686.0;751.0;754.0;849.0;274.0;471.0;708.0;274.0;144.0;946.0;969.0;858.0;1070.0;522.0;806.0;139.0;141.0;584.0;302.0;414.0;784.0;210.0;197.0;417.0;152.0;831.0;526.0;399.0;0.0;800.0;878.0;818.0;1071.0;537.0;468.0;530.0;285.0;508.0;358.0;327.0;718.0;887.0;307.0;474.0;217.0;499.0;328.0;544.0;456.0;722.0;897.0;285.0;1120.0;445.0;996.0;475.0;329.0;169.0;835.0;539.0;883.0;277.0;855.0;496.0;972.0;599.0;310.0;351.0;736.0;486.0;805.0;529.0;1090.0;505.0;1013.0;436.0;778.0;804.0;869.0;680.0
50;153.0;705.0;880.0;369.0;546.0;323.0;690.0;751.0;248.0;798.0;543.0;143.0;344.0;753.0;492.0;429.0;806.0;262.0;462.0;136.0;506.0;138.0;499.0;96.0;281.0;541.0;474.0;321.0;526.0;791.0;146.0;340.0;239.0;349.0;278.0;411.0;791.0;694.0;423.0;515.0;386.0;517.0;592.0;828.0;384.0;927.0;332.0;535.0;535.0;800.0;0.0;443.0;394.0;358.0;734.0;780.0;310.0;523.0;321.0;452.0;484.0;185.0;501.0;495.0;331.0;592.0;665.0;480.0;709.0;794.0;827.0;474.0;524.0;432.0;783.0;218.0;731.0;471.0;633.0;42.0;261.0;340.0;530.0;431.0;703.0;177.0;726.0;540.0;452.0;543.0;714.0;299.0;742.0;326.0;329.0;345.0;390.0;233.0;537.0;521.0;177.0
51;574.0;1069.0;968.0;505.0;809.0;717.0;744.0;908.0;423.0;1109.0;716.0;391.0;664.0;1016.0;637.0;833.0;1096.0;479.0;739.0;307.0;938.0;375.0;911.0;360.0;723.0;715.0;407.0;192.0;656.0;796.0;476.0;776.0;681.0;748.0;488.0;842.0;798.0;738.0;293.0;701.0;552.0;935.0;718.0;802.0;576.0;949.0;770.0;377.0;483.0;878.0;443.0;0.0;67.0;762.0;1055.0;1068.0;400.0;614.0;606.0;555.0;578.0;290.0;61.0;656.0;489.0;739.0;980.0;582.0;1035.0;1075.0;1191.0;32.0;613.0;839.0;1062.0;593.0;1029.0;609.0;752.0;470.0;480.0;116.0;623.0;23.0;1013.0;451.0;1069.0;569.0;575.0;210.0;1018.0;146.0;1058.0;690.0;421.0;771.0;475.0;215.0;151.0;90.0;334.0
52;518.0;1004.0;908.0;438.0;742.0;656.0;684.0;844.0;356.0;1043.0;650.0;361.0;599.0;949.0;571.0;772.0;1029.0;412.0;672.0;261.0;882.0;315.0;851.0;306.0;672.0;650.0;350.0;125.0;591.0;741.0;445.0;732.0;632.0;714.0;421.0;785.0;743.0;679.0;236.0;635.0;486.0;876.0;654.0;750.0;509.0;894.0;717.0;329.0;427.0;818.0;394.0;67.0;0.0;727.0;988.0;1001.0;334.0;550.0;540.0;490.0;513.0;230.0;112.0;590.0;422.0;674.0;913.0;518.0;969.0;1008.0;1126.0;96.0;550.0;804.0;995.0;560.0;963.0;543.0;688.0;425.0;414.0;105.0;559.0;46.0;946.0;425.0;1003.0;508.0;510.0;194.0;952.0;95.0;992.0;662.0;355.0;730.0;410.0;161.0;156.0;127.0;272.0
53;342.0;734.0;1138.0;683.0;734.0;428.0;984.0;983.0;582.0;884.0;798.0;372.0;543.0;900.0;774.0;456.0;917.0;574.0;661.0;471.0;405.0;493.0;478.0;453.0;235.0;797.0;824.0;675.0;808.0;1095.0;286.0;131.0;214.0;16.0;587.0;360.0;1094.0;991.0;781.0;769.0;683.0;471.0;864.0;1141.0;667.0;1214.0;280.0;891.0;877.0;1071.0;358.0;762.0;727.0;0.0;821.0;897.0;652.0;824.0;564.0;761.0;790.0;542.0;823.0;768.0;646.0;854.0;771.0;784.0;792.0;916.0;835.0;790.0;825.0;77.0;909.0;171.0;845.0;761.0;903.0;318.0;572.0;647.0;829.0;756.0;808.0;318.0;784.0;861.0;752.0;895.0;823.0;633.0;832.0;105.0;667.0;77.0;718.0;575.0;880.0;849.0;534.0
54;591.0;135.0;542.0;566.0;259.0;426.0;565.0;383.0;632.0;65.0;404.0;877.0;401.0;152.0;475.0;365.0;104.0;576.0;317.0;826.0;458.0;706.0;354.0;755.0;592.0;404.0;747.0;864.0;480.0;660.0;852.0;691.0;630.0;828.0;567.0;464.0;655.0;581.0;821.0;401.0;518.0;374.0;459.0;720.0;489.0;676.0;541.0;841.0;721.0;537.0;734.0;1055.0;988.0;821.0;0.0;95.0;661.0;538.0;451.0;553.0;549.0;783.0;1092.0;450.0;572.0;427.0;75.0;540.0;29.0;116.0;187.0;1084.0;539.0;836.0;118.0;836.0;63.0;497.0;462.0;746.0;575.0;998.0;532.0;1034.0;47.0;896.0;67.0;618.0;527.0;1012.0;52.0;925.0;13.0;888.0;644.0;745.0;611.0;865.0;1058.0;1092.0;734.0
55;645.0;230.0;462.0;568.0;259.0;487.0;514.0;314.0;650.0;74.0;381.0;923.0;438.0;76.0;458.0;442.0;28.0;596.0;334.0;861.0;547.0;736.0;441.0;791.0;665.0;381.0;734.0;876.0;456.0;599.0;906.0;769.0;699.0;903.0;584.0;546.0;594.0;529.0;818.0;384.0;519.0;463.0;423.0;658.0;493.0;599.0;617.0;825.0;699.0;468.0;780.0;1068.0;1001.0;897.0;95.0;0.0;669.0;514.0;478.0;541.0;532.0;808.0;1102.0;434.0;580.0;391.0;126.0;523.0;119.0;21.0;259.0;1096.0;514.0;917.0;25.0;900.0;52.0;483.0;418.0;796.0;594.0;1021.0;506.0;1047.0;89.0;948.0;161.0;591.0;515.0;1007.0;74.0;945.0;82.0;959.0;649.0;822.0;607.0;889.0;1058.0;1098.0;760.0
56;329.0;691.0;617.0;106.0;410.0;395.0;405.0;525.0;72.0;713.0;321.0;403.0;295.0;616.0;246.0;505.0;697.0;109.0;344.0;280.0;646.0;174.0;584.0;238.0;495.0;321.0;174.0;209.0;271.0;494.0;447.0;596.0;475.0;645.0;109.0;554.0;495.0;406.0;178.0;304.0;152.0;615.0;339.0;526.0;176.0;639.0;516.0;256.0;226.0;530.0;310.0;400.0;334.0;652.0;661.0;669.0;0.0;245.0;229.0;174.0;204.0;188.0;433.0;262.0;89.0;353.0;586.0;204.0;644.0;675.0;811.0;428.0;245.0;720.0;662.0;527.0;632.0;218.0;377.0;351.0;112.0;370.0;253.0;378.0;617.0;463.0;682.0;238.0;187.0;363.0;622.0;290.0;663.0;634.0;25.0;620.0;94.0;251.0;400.0;431.0;154.0
57;482.0;613.0;373.0;155.0;286.0;458.0;167.0;295.0;282.0;574.0;134.0;637.0;319.0;446.0;72.0;535.0;540.0;262.0;271.0;522.0;695.0;403.0;603.0;471.0;622.0;134.0;228.0;433.0;58.0;272.0;669.0;739.0;620.0;821.0;246.0;621.0;271.0;171.0;329.0;139.0;142.0;638.0;106.0;317.0;158.0;404.0;619.0;313.0;185.0;285.0;523.0;614.0;550.0;824.0;538.0;514.0;245.0;0.0;271.0;73.0;41.0;432.0;632.0;94.0;193.0;131.0;471.0;43.0;530.0;513.0;716.0;637.0;1.0;882.0;499.0;729.0;491.0;68.0;138.0;561.0;263.0;605.0;9.0;591.0;490.0;692.0;580.0;80.0;73.0;507.0;489.0;526.0;536.0;829.0;220.0;775.0;151.0;494.0;567.0;621.0;395.0
58;227.0;466.0;579.0;171.0;228.0;191.0;422.0;436.0;185.0;509.0;236.0;460.0;66.0;441.0;212.0;287.0;505.0;129.0;146.0;384.0;440.0;258.0;364.0;315.0;352.0;235.0;371.0;418.0;246.0;536.0;462.0;470.0;354.0;563.0;123.0;358.0;534.0;430.0;406.0;207.0;142.0;397.0;300.0;586.0;116.0;649.0;348.0;466.0;386.0;508.0;321.0;606.0;540.0;564.0;451.0;478.0;229.0;271.0;0.0;222.0;245.0;332.0;647.0;204.0;153.0;291.0;377.0;237.0;431.0;489.0;587.0;636.0;272.0;617.0;476.0;494.0;434.0;204.0;339.0;348.0;127.0;547.0;274.0;586.0;412.0;497.0;463.0;327.0;205.0;593.0;420.0;474.0;456.0;584.0;221.0;509.0;222.0;414.0;626.0;651.0;284.0
59;419.0;614.0;444.0;83.0;295.0;413.0;239.0;355.0;209.0;596.0;165.0;565.0;279.0;479.0;85.0;501.0;568.0;192.0;259.0;449.0;659.0;330.0;574.0;398.0;566.0;165.0;194.0;370.0;101.0;340.0;597.0;681.0;561.0;757.0;177.0;579.0;340.0;242.0;280.0;157.0;82.0;608.0;167.0;381.0;107.0;476.0;568.0;288.0;177.0;358.0;452.0;555.0;490.0;761.0;553.0;541.0;174.0;73.0;222.0;0.0;32.0;360.0;578.0;107.0;121.0;184.0;483.0;30.0;542.0;544.0;723.0;579.0;73.0;821.0;530.0;660.0;513.0;58.0;204.0;490.0;194.0;539.0;81.0;532.0;507.0;619.0;588.0;105.0;27.0;467.0;508.0;459.0;553.0;762.0;149.0;715.0;82.0;425.0;521.0;569.0;322.0
60;448.0;616.0;414.0;114.0;293.0;435.0;207.0;330.0;241.0;590.0;152.0;596.0;298.0;467.0;75.0;518.0;559.0;223.0;265.0;480.0;677.0;362.0;589.0;430.0;592.0;151.0;203.0;395.0;80.0;309.0;629.0;708.0;588.0;787.0;208.0;600.0;308.0;210.0;297.0;149.0;108.0;624.0;141.0;351.0;130.0;444.0;593.0;293.0;173.0;327.0;484.0;578.0;513.0;790.0;549.0;532.0;204.0;41.0;245.0;32.0;0.0;391.0;598.0;99.0;153.0;162.0;481.0;10.0;540.0;533.0;723.0;601.0;42.0;849.0;519.0;692.0;506.0;55.0;176.0;521.0;225.0;566.0;50.0;555.0;502.0;651.0;587.0;84.0;40.0;480.0;502.0;486.0;548.0;792.0;178.0;743.0;110.0;454.0;537.0;588.0;353.0
61;290.0;785.0;804.0;285.0;552.0;427.0;593.0;704.0;165.0;841.0;495.0;228.0;384.0;765.0;426.0;543.0;835.0;214.0;474.0;98.0;652.0;85.0;621.0;90.0;449.0;494.0;317.0;137.0;454.0;679.0;290.0;522.0;413.0;532.0;228.0;556.0;680.0;593.0;246.0;473.0;322.0;645.0;523.0;706.0;335.0;826.0;490.0;362.0;388.0;718.0;185.0;290.0;230.0;542.0;783.0;808.0;188.0;432.0;332.0;360.0;391.0;0.0;342.0;438.0;254.0;533.0;709.0;391.0;761.0;818.0;908.0;322.0;432.0;617.0;805.0;391.0;765.0;399.0;562.0;224.0;215.0;216.0;441.0;273.0;744.0;294.0;790.0;423.0;371.0;359.0;751.0;147.0;788.0;499.0;213.0;530.0;282.0;83.0;360.0;355.0;48.0
