Vehicle:
Average speed:;1344
Time limit:;2919.86
Fuel comsumption rate:;1
Fuel Capacity:;1189.32
Depot:
ID;X;Y;Service Time
0;284;167;0
Customers:
ID;X;Y;Service Time
1;6;711;6.10909
2;874;746;6.10909
3;483;894;6.10909
4;733;189;6.10909
5;336;29;6.10909
6;488;684;6.10909
7;825;903;6.10909
8;98;412;6.10909
9;206;306;6.10909
10;497;641;6.10909
11;499;745;6.10909
12;481;40;6.10909
13;500;390;6.10909
14;851;268;6.10909
15;51;278;6.10909
16;805;796;6.10909
17;554;771;6.10909
18;576;984;6.10909
19;734;251;6.10909
20;325;414;6.10909
21;658;81;6.10909
22;279;467;6.10909
23;1000;804;6.10909
24;124;148;6.10909
25;554;594;6.10909
26;645;168;6.10909
27;4;965;6.10909
28;614;267;6.10909
29;939;719;6.10909
30;935;800;6.10909
31;109;154;6.10909
32;31;554;6.10909
33;960;512;6.10909
34;489;840;6.10909
35;377;684;6.10909
36;945;808;6.10909
37;720;165;6.10909
38;226;34;6.10909
39;73;255;6.10909
40;748;344;6.10909
41;774;514;6.10909
42;143;893;6.10909
43;168;461;6.10909
44;164;493;6.10909
45;631;533;6.10909
46;815;191;6.10909
47;833;284;6.10909
48;746;100;6.10909
49;252;839;6.10909
50;894;472;6.10909
51;944;597;6.10909
52;371;28;6.10909
53;552;186;6.10909
54;610;541;6.10909
55;578;665;6.10909
56;749;655;6.10909
57;898;974;6.10909
58;274;972;6.10909
59;520;642;6.10909
60;914;373;6.10909
61;610;738;6.10909
62;773;602;6.10909
63;752;74;6.10909
64;729;90;6.10909
65;464;658;6.10909
66;70;36;6.10909
67;964;397;6.10909
68;388;732;6.10909
69;185;51;6.10909
70;712;144;6.10909
71;45;437;6.10909
72;910;738;6.10909
73;956;879;6.10909
74;318;560;6.10909
75;592;913;6.10909
76;642;564;6.10909
77;907;240;6.10909
78;88;186;6.10909
79;399;931;6.10909
80;763;180;6.10909
81;626;876;6.10909
82;302;689;6.10909
83;970;490;6.10909
84;775;574;6.10909
85;653;667;6.10909
86;813;999;6.10909
87;5;980;6.10909
88;10;249;6.10909
89;980;136;6.10909
90;557;816;6.10909
91;915;680;6.10909
92;131;722;6.10909
93;553;946;6.10909
94;45;101;6.10909
95;306;260;6.10909
96;627;26;6.10909
97;771;398;6.10909
98;869;585;6.10909
99;493;282;6.10909
100;312;212;6.10909
101;985;939;6.10909
102;194;262;6.10909
103;992;698;6.10909
104;834;844;6.10909
105;1;651;6.10909
106;271;893;6.10909
107;20;349;6.10909
108;163;503;6.10909
109;579;761;6.10909
111;2;469;6.10909
112;103;284;6.10909
113;928;132;6.10909
114;51;883;6.10909
115;63;181;6.10909
116;784;300;6.10909
117;71;869;6.10909
118;826;222;6.10909
119;50;845;6.10909
120;36;51;6.10909
121;231;82;6.10909
122;999;166;6.10909
123;57;79;6.10909
124;62;272;6.10909
125;22;273;6.10909
126;106;897;6.10909
127;805;267;6.10909
128;950;104;6.10909
129;150;793;6.10909
130;106;129;6.10909
131;212;590;6.10909
132;327;114;6.10909
133;7;372;6.10909
134;646;219;6.10909
135;1;80;6.10909
136;259;282;6.10909
137;9;858;6.10909
138;961;241;6.10909
139;972;46;6.10909
140;692;298;6.10909
141;47;944;6.10909
142;981;99;6.10909
143;48;876;6.10909
144;801;272;6.10909
145;72;185;6.10909
146;646;242;6.10909
147;966;124;6.10909
148;189;387;6.10909
149;119;294;6.10909
150;31;339;6.10909
151;933;100;6.10909
152;730;188;6.10909
153;57;143;6.10909
154;93;759;6.10909
155;824;259;6.10909
156;924;237;6.10909
157;57;338;6.10909
158;32;836;6.10909
159;83;189;6.10909
160;51;217;6.10909
161;780;316;6.10909
162;10;125;6.10909
163;976;172;6.10909
164;305;615;6.10909
165;914;190;6.10909
166;111;271;6.10909
167;345;763;6.10909
168;127;979;6.10909
169;912;58;6.10909
170;53;950;6.10909
171;9;823;6.10909
172;751;295;6.10909
173;134;317;6.10909
174;889;183;6.10909
175;128;324;6.10909
176;98;293;6.10909
177;172;219;6.10909
178;930;78;6.10909
179;739;331;6.10909
180;160;970;6.10909
181;176;57;6.10909
182;814;179;6.10909
183;872;101;6.10909
184;27;359;6.10909
185;135;211;6.10909
186;969;195;6.10909
187;154;988;6.10909
188;776;143;6.10909
189;117;953;6.10909
190;851;129;6.10909
191;33;181;6.10909
192;710;173;6.10909
193;111;270;6.10909
194;873;113;6.10909
195;105;225;6.10909
196;53;438;6.10909
197;82;228;6.10909
198;933;313;6.10909
199;913;122;6.10909
200;64;898;6.10909
201;53;199;6.10909
202;147;288;6.10909
203;10;811;6.10909
204;37;799;6.10909
205;837;214;6.10909
206;752;302;6.10909
207;42;300;6.10909
208;804;64;6.10909
209;123;273;6.10909
210;489;208;6.10909
211;683;398;6.10909
212;874;162;6.10909
213;608;548;6.10909
214;788;301;6.10909
215;54;335;6.10909
216;221;117;6.10909
217;848;80;6.10909
218;160;835;6.10909
219;968;64;6.10909
220;65;852;6.10909
221;769;226;6.10909
AFSs:
ID;X;Y;Service Time
110;923;502;672
222;139;843;672
Distance matrix:
;0;1;2;3;4;5;6;7;8;9;10;11;12;13;14;15;16;17;18;19;20;21;22;23;24;25;26;27;28;29;30;31;32;33;34;35;36;37;38;39;40;41;42;43;44;45;46;47;48;49;50;51;52;53;54;55;56;57;58;59;60;61;62;63;64;65;66;67;68;69;70;71;72;73;74;75;76;77;78;79;80;81;82;83;84;85;86;87;88;89;90;91;92;93;94;95;96;97;98;99;100;101;102;103;104;105;106;107;108;109;110;111;112;113;114;115;116;117;118;119;120;121;122;123;124;125;126;127;128;129;130;131;132;133;134;135;136;137;138;139;140;141;142;143;144;145;146;147;148;149;150;151;152;153;154;155;156;157;158;159;160;161;162;163;164;165;166;167;168;169;170;171;172;173;174;175;176;177;178;179;180;181;182;183;184;185;186;187;188;189;190;191;192;193;194;195;196;197;198;199;200;201;202;203;204;205;206;207;208;209;210;211;212;213;214;215;216;217;218;219;220;221;222
0;0.0;611.0;827.0;754.0;450.0;147.0;556.0;913.0;308.0;159.0;520.0;617.0;234.0;310.0;576.0;258.0;817.0;662.0;868.0;458.0;250.0;384.0;300.0;958.0;161.0;505.0;361.0;846.0;345.0;857.0;908.0;175.0;462.0;759.0;704.0;525.0;921.0;436.0;145.0;229.0;497.0;600.0;740.0;316.0;347.0;504.0;532.0;561.0;467.0;673.0;682.0;788.0;164.0;269.0;496.0;578.0;674.0;1014.0;805.0;530.0;663.0;658.0;654.0;477.0;452.0;523.0;251.0;718.0;574.0;153.0;429.0;361.0;847.0;979.0;394.0;807.0;535.0;627.0;197.0;773.0;479.0;787.0;522.0;758.0;638.0;621.0;986.0;860.0;286.0;697.0;704.0;813.0;576.0;824.0;248.0;96.0;371.0;539.0;719.0;239.0;53.0;1043.0;131.0;885.0;872.0;561.0;726.0;321.0;357.0;663.0;721.0;413.0;216.0;645.0;753.0;221.0;517.0;734.0;545.0;717.0;274.0;100.0;715.0;243.0;246.0;283.0;751.0;531.0;669.0;640.0;182.0;429.0;68.0;345.0;366.0;296.0;118.0;744.0;681.0;699.0;429.0;812.0;700.0;747.0;528.0;213.0;370.0;683.0;240.0;208.0;306.0;652.0;446.0;228.0;622.0;548.0;644.0;284.0;715.0;202.0;238.0;518.0;277.0;692.0;448.0;630.0;202.0;599.0;827.0;637.0;816.0;711.0;484.0;212.0;605.0;221.0;225.0;123.0;652.0;484.0;813.0;154.0;530.0;592.0;321.0;155.0;686.0;831.0;493.0;804.0;568.0;251.0;426.0;201.0;591.0;188.0;356.0;211.0;665.0;631.0;763.0;233.0;183.0;700.0;679.0;555.0;487.0;276.0;530.0;193.0;209.0;461.0;590.0;500.0;522.0;285.0;80.0;571.0;679.0;692.0;719.0;489.0;691.0
1;611.0;0.0;869.0;511.0;895.0;758.0;483.0;841.0;313.0;452.0;496.0;494.0;822.0;589.0;954.0;435.0;804.0;551.0;632.0;861.0;436.0;907.0;366.0;998.0;575.0;560.0;839.0;254.0;753.0;933.0;933.0;566.0;159.0;975.0;500.0;372.0;944.0;899.0;712.0;461.0;828.0;793.0;228.0;298.0;269.0;650.0;962.0;931.0;960.0;277.0;920.0;945.0;774.0;757.0;627.0;574.0;745.0;930.0;374.0;519.0;969.0;605.0;775.0;981.0;953.0;461.0;678.0;1008.0;383.0;684.0;905.0;277.0;904.0;965.0;347.0;620.0;653.0;1017.0;531.0;450.0;925.0;642.0;297.0;989.0;781.0;648.0;857.0;269.0;462.0;1131.0;561.0;910.0;125.0;595.0;611.0;542.0;925.0;827.0;872.0;649.0;585.0;1005.0;487.0;986.0;839.0;60.0;321.0;362.0;261.0;575.0;941.0;242.0;438.0;1089.0;178.0;533.0;880.0;171.0;955.0;141.0;661.0;668.0;1133.0;634.0;443.0;438.0;211.0;914.0;1122.0;166.0;591.0;239.0;678.0;339.0;807.0;631.0;498.0;147.0;1064.0;1173.0;801.0;237.0;1151.0;170.0;908.0;530.0;793.0;1125.0;372.0;432.0;373.0;1110.0;893.0;570.0;99.0;935.0;1033.0;376.0;128.0;528.0;496.0;869.0;586.0;1110.0;314.0;1047.0;452.0;343.0;294.0;1117.0;244.0;112.0;853.0;414.0;1029.0;406.0;428.0;519.0;1120.0;826.0;301.0;676.0;967.0;1059.0;353.0;516.0;1093.0;314.0;957.0;266.0;1026.0;531.0;886.0;453.0;1053.0;496.0;277.0;489.0;1009.0;1081.0;196.0;514.0;446.0;100.0;93.0;968.0;851.0;413.0;1027.0;453.0;697.0;746.0;1027.0;624.0;883.0;379.0;632.0;1052.0;198.0;1159.0;153.0;904.0;187.0
2;827.0;869.0;0.0;418.0;575.0;896.0;391.0;164.0;845.0;800.0;391.0;375.0;808.0;516.0;479.0;947.0;85.0;321.0;381.0;514.0;642.0;699.0;657.0;139.0;959.0;354.0;622.0;897.0;545.0;70.0;81.0;967.0;865.0;249.0;396.0;501.0;94.0;601.0;963.0;940.0;421.0;253.0;746.0;761.0;754.0;323.0;558.0;464.0;659.0;629.0;275.0;165.0;877.0;646.0;334.0;307.0;155.0;229.0;641.0;369.0;375.0;264.0;176.0;683.0;672.0;419.0;1073.0;360.0;486.0;979.0;623.0;885.0;37.0;156.0;586.0;328.0;295.0;507.0;965.0;510.0;577.0;280.0;575.0;273.0;198.0;235.0;260.0;900.0;997.0;619.0;325.0;78.0;743.0;378.0;1050.0;748.0;761.0;363.0;161.0;600.0;775.0;223.0;835.0;127.0;106.0;878.0;621.0;942.0;751.0;295.0;249.0;915.0;899.0;616.0;834.0;988.0;455.0;812.0;526.0;830.0;1089.0;924.0;593.0;1055.0;940.0;974.0;783.0;484.0;646.0;726.0;985.0;680.0;836.0;944.0;574.0;1098.0;770.0;872.0;512.0;707.0;484.0;850.0;656.0;836.0;480.0;979.0;553.0;629.0;773.0;880.0;936.0;649.0;576.0;1015.0;781.0;490.0;511.0;913.0;847.0;967.0;978.0;440.0;1064.0;583.0;584.0;557.0;899.0;529.0;782.0;689.0;846.0;868.0;467.0;855.0;563.0;857.0;899.0;878.0;670.0;436.0;748.0;981.0;570.0;645.0;931.0;912.0;559.0;760.0;611.0;785.0;617.0;1013.0;596.0;899.0;633.0;929.0;877.0;946.0;437.0;625.0;824.0;987.0;859.0;866.0;839.0;533.0;460.0;944.0;686.0;888.0;662.0;397.0;584.0;332.0;453.0;917.0;907.0;667.0;720.0;688.0;816.0;530.0;741.0
3;754.0;511.0;418.0;0.0;748.0;877.0;210.0;342.0;617.0;650.0;253.0;150.0;854.0;504.0;726.0;752.0;337.0;142.0;129.0;690.0;505.0;832.0;473.0;525.0;828.0;308.0;744.0;484.0;641.0;488.0;462.0;829.0;566.0;611.0;54.0;235.0;470.0;767.0;898.0;759.0;611.0;479.0;340.0;535.0;512.0;390.0;777.0;703.0;836.0;237.0;589.0;548.0;873.0;711.0;375.0;248.0;358.0;423.0;223.0;255.0;676.0;201.0;412.0;863.0;841.0;237.0;952.0;692.0;188.0;894.0;784.0;633.0;455.0;473.0;373.0;111.0;366.0;779.0;811.0;92.0;767.0;144.0;273.0;633.0;433.0;284.0;346.0;486.0;800.0;906.0;108.0;482.0;392.0;87.0;906.0;658.0;880.0;574.0;494.0;612.0;703.0;504.0;695.0;545.0;355.0;540.0;212.0;715.0;505.0;164.0;589.0;642.0;719.0;882.0;432.0;828.0;666.0;413.0;754.0;436.0;954.0;850.0;892.0;920.0;751.0;773.0;377.0;705.0;918.0;348.0;853.0;407.0;795.0;706.0;694.0;946.0;652.0;475.0;809.0;979.0;632.0;439.0;938.0;435.0;699.0;820.0;672.0;909.0;586.0;702.0;716.0;913.0;748.0;863.0;413.0;721.0;791.0;700.0;455.0;811.0;803.0;650.0;903.0;874.0;331.0;825.0;726.0;190.0;366.0;940.0;434.0;479.0;656.0;674.0;819.0;672.0;714.0;743.0;930.0;618.0;332.0;892.0;788.0;883.0;703.0;767.0;851.0;342.0;806.0;371.0;849.0;843.0;756.0;726.0;873.0;768.0;627.0;777.0;735.0;884.0;419.0;817.0;693.0;480.0;456.0;767.0;650.0;740.0;890.0;718.0;686.0;535.0;830.0;368.0;667.0;705.0;820.0;892.0;328.0;961.0;420.0;727.0;348.0
4;450.0;895.0;575.0;748.0;0.0;428.0;552.0;720.0;673.0;540.0;510.0;603.0;293.0;308.0;142.0;688.0;611.0;609.0;810.0;62.0;466.0;131.0;532.0;670.0;610.0;443.0;90.0;1065.0;142.0;569.0;644.0;625.0;791.0;395.0;695.0;610.0;654.0;27.0;530.0;663.0;156.0;328.0;919.0;627.0;645.0;359.0;82.0;138.0;90.0;809.0;326.0;459.0;396.0;181.0;373.0;501.0;466.0;802.0;908.0;501.0;258.0;563.0;415.0;117.0;99.0;541.0;680.0;311.0;643.0;565.0;50.0;731.0;577.0;725.0;557.0;738.0;386.0;181.0;645.0;814.0;31.0;695.0;660.0;383.0;387.0;485.0;814.0;1075.0;725.0;253.0;651.0;524.0;804.0;778.0;694.0;433.0;194.0;212.0;419.0;257.0;422.0;791.0;544.0;571.0;663.0;866.0;842.0;731.0;651.0;592.0;366.0;783.0;637.0;203.0;973.0;670.0;122.0;949.0;99.0;947.0;711.0;513.0;267.0;685.0;676.0;716.0;946.0;106.0;233.0;839.0;630.0;657.0;413.0;749.0;92.0;740.0;483.0;986.0;234.0;279.0;116.0;1020.0;264.0;970.0;107.0;661.0;102.0;242.0;579.0;623.0;718.0;219.0;3.0;678.0;857.0;115.0;197.0;692.0;954.0;650.0;683.0;135.0;726.0;244.0;604.0;181.0;627.0;693.0;996.0;222.0;1021.0;962.0;108.0;613.0;156.0;620.0;643.0;562.0;226.0;142.0;969.0;572.0;82.0;165.0;726.0;598.0;236.0;987.0;63.0;981.0;132.0;700.0;28.0;627.0;159.0;629.0;724.0;652.0;235.0;192.0;975.0;680.0;594.0;954.0;925.0;107.0;115.0;700.0;144.0;616.0;245.0;215.0;144.0;380.0;125.0;695.0;517.0;158.0;864.0;266.0;941.0;52.0;883.0
5;147.0;758.0;896.0;877.0;428.0;0.0;672.0;1001.0;451.0;306.0;633.0;734.0;145.0;397.0;568.0;378.0;899.0;773.0;985.0;456.0;385.0;326.0;442.0;1021.0;243.0;606.0;339.0;993.0;366.0;916.0;976.0;259.0;607.0;789.0;825.0;656.0;989.0;407.0;110.0;347.0;519.0;654.0;885.0;464.0;495.0;584.0;506.0;559.0;416.0;814.0;712.0;832.0;35.0;267.0;581.0;680.0;750.0;1099.0;945.0;640.0;673.0;760.0;721.0;418.0;398.0;642.0;266.0;728.0;705.0;153.0;393.0;501.0;912.0;1052.0;531.0;920.0;616.0;609.0;294.0;904.0;453.0;895.0;661.0;784.0;700.0;712.0;1081.0;1007.0;393.0;653.0;817.0;871.0;723.0;942.0;300.0;233.0;291.0;570.0;770.0;298.0;185.0;1118.0;273.0;937.0;955.0;706.0;866.0;450.0;505.0;771.0;754.0;552.0;345.0;601.0;900.0;312.0;524.0;881.0;527.0;865.0;301.0;118.0;677.0;283.0;366.0;398.0;898.0;526.0;619.0;786.0;251.0;575.0;85.0;475.0;364.0;339.0;264.0;891.0;660.0;636.0;446.0;960.0;649.0;895.0;525.0;307.0;376.0;637.0;387.0;343.0;435.0;601.0;425.0;301.0;769.0;539.0;624.0;416.0;862.0;299.0;341.0;529.0;340.0;656.0;587.0;600.0;330.0;734.0;973.0;577.0;963.0;859.0;493.0;352.0;574.0;361.0;355.0;251.0;596.0;504.0;957.0;162.0;501.0;541.0;452.0;271.0;654.0;976.0;455.0;950.0;525.0;339.0;401.0;330.0;544.0;303.0;497.0;323.0;661.0;584.0;911.0;330.0;321.0;847.0;826.0;534.0;498.0;400.0;469.0;324.0;235.0;507.0;554.0;586.0;528.0;416.0;145.0;515.0;825.0;633.0;866.0;476.0;837.0
6;556.0;483.0;391.0;210.0;552.0;672.0;0.0;402.0;475.0;472.0;44.0;62.0;644.0;294.0;552.0;596.0;336.0;109.0;313.0;498.0;315.0;627.0;301.0;526.0;648.0;112.0;539.0;560.0;436.0;452.0;462.0;652.0;475.0;502.0;156.0;111.0;474.0;568.0;701.0;597.0;428.0;333.0;403.0;390.0;376.0;208.0;592.0;528.0;638.0;282.0;458.0;464.0;666.0;502.0;188.0;92.0;263.0;502.0;359.0;53.0;527.0;133.0;297.0;665.0;641.0;35.0;771.0;556.0;111.0;702.0;585.0;507.0;425.0;507.0;210.0;252.0;195.0;610.0;639.0;263.0;574.0;236.0;186.0;520.0;307.0;166.0;453.0;566.0;646.0;736.0;149.0;427.0;359.0;270.0;732.0;461.0;673.0;402.0;394.0;402.0;504.0;559.0;514.0;504.0;381.0;488.0;301.0;576.0;372.0;119.0;472.0;531.0;555.0;706.0;480.0;659.0;485.0;456.0;572.0;467.0;778.0;655.0;728.0;743.0;593.0;621.0;437.0;524.0;742.0;355.0;674.0;292.0;592.0;573.0;491.0;776.0;463.0;510.0;648.0;801.0;437.0;512.0;765.0;480.0;517.0;650.0;469.0;736.0;421.0;537.0;573.0;734.0;552.0;692.0;402.0;542.0;624.0;553.0;481.0;640.0;640.0;470.0;736.0;707.0;196.0;652.0;559.0;163.0;466.0;756.0;510.0;499.0;470.0;510.0;642.0;509.0;552.0;562.0;750.0;433.0;435.0;700.0;601.0;698.0;564.0;590.0;686.0;452.0;613.0;458.0;663.0;678.0;557.0;560.0;689.0;598.0;500.0;611.0;579.0;705.0;475.0;651.0;523.0;495.0;465.0;585.0;464.0;589.0;696.0;550.0;476.0;346.0;649.0;181.0;487.0;557.0;627.0;703.0;361.0;784.0;455.0;537.0;384.0
7;913.0;841.0;164.0;342.0;720.0;1001.0;402.0;0.0;877.0;860.0;420.0;362.0;929.0;607.0;636.0;995.0;109.0;301.0;262.0;658.0;699.0;839.0;699.0;201.0;1030.0;411.0;757.0;823.0;670.0;216.0;151.0;1036.0;867.0;414.0;342.0;499.0;153.0;745.0;1055.0;993.0;564.0;392.0;682.0;792.0;778.0;418.0;712.0;619.0;807.0;577.0;436.0;328.0;986.0;767.0;421.0;343.0;259.0;102.0;555.0;401.0;537.0;271.0;305.0;832.0;819.0;436.0;1150.0;525.0;469.0;1066.0;767.0;909.0;186.0;133.0;612.0;233.0;385.0;668.0;1028.0;427.0;726.0;201.0;565.0;438.0;333.0;292.0;97.0;824.0;1045.0;783.0;282.0;240.0;717.0;275.0;1119.0;826.0;899.0;508.0;321.0;704.0;861.0;164.0;899.0;264.0;60.0;862.0;554.0;977.0;773.0;284.0;413.0;930.0;951.0;778.0;774.0;1050.0;604.0;755.0;681.0;777.0;1161.0;1013.0;757.0;1126.0;990.0;1021.0;719.0;636.0;809.0;684.0;1056.0;688.0;933.0;975.0;707.0;1165.0;840.0;817.0;676.0;870.0;619.0;779.0;819.0;777.0;631.0;1040.0;685.0;792.0;819.0;932.0;974.0;810.0;721.0;1080.0;746.0;644.0;673.0;953.0;796.0;1030.0;1034.0;589.0;1127.0;746.0;594.0;719.0;954.0;500.0;702.0;849.0;773.0;820.0;612.0;906.0;723.0;906.0;949.0;946.0;832.0;578.0;668.0;1066.0;724.0;803.0;966.0;977.0;722.0;676.0;762.0;710.0;774.0;1072.0;739.0;954.0;791.0;989.0;901.0;1004.0;600.0;786.0;761.0;1045.0;915.0;820.0;795.0;689.0;605.0;988.0;839.0;943.0;772.0;525.0;743.0;416.0;603.0;958.0;991.0;823.0;668.0;851.0;762.0;679.0;689.0
8;308.0;313.0;845.0;617.0;673.0;451.0;475.0;877.0;0.0;151.0;460.0;521.0;534.0;403.0;767.0;142.0;805.0;580.0;745.0;656.0;227.0;651.0;189.0;983.0;265.0;491.0;599.0;561.0;536.0;895.0;923.0;258.0;157.0;868.0;580.0;390.0;935.0;669.0;399.0;159.0;654.0;684.0;483.0;85.0;104.0;547.0;750.0;746.0;719.0;454.0;798.0;866.0;471.0;507.0;528.0;543.0;695.0;978.0;587.0;481.0;817.0;607.0;701.0;736.0;708.0;441.0;377.0;866.0;432.0;371.0;670.0;59.0;875.0;977.0;265.0;704.0;565.0;827.0;226.0;600.0;704.0;703.0;344.0;875.0;696.0;611.0;925.0;576.0;185.0;924.0;611.0;860.0;312.0;702.0;315.0;258.0;655.0;673.0;790.0;416.0;293.0;1032.0;178.0;939.0;853.0;258.0;511.0;100.0;112.0;594.0;830.0;112.0;128.0;876.0;473.0;234.0;695.0;458.0;752.0;436.0;366.0;356.0;934.0;336.0;145.0;158.0;485.0;722.0;906.0;385.0;283.0;211.0;376.0;99.0;581.0;346.0;207.0;455.0;880.0;948.0;605.0;534.0;937.0;467.0;717.0;228.0;574.0;915.0;94.0;120.0;99.0;891.0;671.0;272.0;347.0;742.0;844.0;85.0;429.0;224.0;201.0;689.0;300.0;910.0;290.0;846.0;142.0;429.0;568.0;888.0;540.0;421.0;663.0;102.0;823.0;93.0;119.0;207.0;897.0;646.0;561.0;363.0;753.0;834.0;89.0;204.0;898.0;579.0;729.0;541.0;804.0;240.0;657.0;143.0;831.0;187.0;52.0;185.0;841.0;865.0;487.0;218.0;133.0;409.0;392.0;765.0;663.0;125.0;787.0;141.0;441.0;585.0;815.0;528.0;699.0;89.0;320.0;820.0;428.0;937.0;441.0;696.0;433.0
9;159.0;452.0;800.0;650.0;540.0;306.0;472.0;860.0;151.0;0.0;444.0;528.0;383.0;306.0;646.0;158.0;774.0;581.0;772.0;531.0;161.0;505.0;177.0;937.0;178.0;452.0;460.0;689.0;410.0;841.0;881.0;180.0;304.0;782.0;604.0;415.0;893.0;533.0;273.0;142.0;543.0;605.0;590.0;160.0;192.0;482.0;620.0;627.0;578.0;535.0;708.0;793.0;323.0;366.0;467.0;517.0;645.0;962.0;669.0;460.0;711.0;591.0;640.0;593.0;566.0;436.0;302.0;763.0;463.0;256.0;531.0;208.0;826.0;944.0;278.0;719.0;507.0;704.0;168.0;654.0;571.0;708.0;395.0;786.0;629.0;575.0;921.0;703.0;204.0;792.0;619.0;802.0;423.0;728.0;261.0;110.0;506.0;572.0;719.0;288.0;142.0;1004.0;46.0;878.0;827.0;401.0;591.0;191.0;202.0;588.0;743.0;261.0;105.0;743.0;597.0;190.0;578.0;579.0;626.0;561.0;306.0;225.0;805.0;272.0;148.0;187.0;599.0;600.0;771.0;490.0;203.0;284.0;227.0;210.0;449.0;305.0;58.0;586.0;758.0;809.0;486.0;658.0;802.0;591.0;596.0;181.0;445.0;781.0;83.0;88.0;178.0;756.0;537.0;221.0;467.0;620.0;721.0;152.0;558.0;170.0;179.0;574.0;267.0;782.0;324.0;717.0;101.0;478.0;678.0;748.0;662.0;553.0;545.0;73.0;694.0;80.0;109.0;93.0;759.0;534.0;666.0;251.0;621.0;697.0;187.0;119.0;771.0;684.0;593.0;653.0;669.0;213.0;521.0;102.0;694.0;129.0;202.0;146.0;727.0;731.0;609.0;187.0;62.0;542.0;521.0;638.0;546.0;164.0;645.0;89.0;299.0;486.0;683.0;469.0;582.0;155.0;190.0;681.0;531.0;800.0;564.0;569.0;541.0
10;520.0;496.0;391.0;253.0;510.0;633.0;44.0;420.0;460.0;444.0;0.0;104.0;601.0;251.0;514.0;575.0;345.0;142.0;352.0;456.0;285.0;583.0;279.0;529.0;618.0;74.0;496.0;590.0;392.0;449.0;466.0;623.0;474.0;481.0;199.0;127.0;478.0;526.0;665.0;573.0;389.0;305.0;435.0;375.0;364.0;172.0;551.0;490.0;596.0;315.0;431.0;449.0;626.0;458.0;151.0;84.0;252.0;521.0;399.0;23.0;496.0;149.0;279.0;622.0;598.0;37.0;741.0;527.0;142.0;667.0;542.0;496.0;424.0;517.0;196.0;288.0;164.0;573.0;612.0;306.0;532.0;268.0;201.0;497.0;286.0;158.0;478.0;597.0;625.0;699.0;185.0;420.0;375.0;310.0;704.0;426.0;629.0;366.0;376.0;359.0;467.0;572.0;485.0;498.0;393.0;496.0;338.0;559.0;361.0;145.0;448.0;524.0;532.0;667.0;507.0;632.0;446.0;483.0;533.0;491.0;749.0;619.0;691.0;714.0;570.0;601.0;467.0;484.0;703.0;379.0;644.0;290.0;554.0;559.0;448.0;749.0;431.0;534.0;613.0;761.0;395.0;543.0;727.0;507.0;478.0;623.0;426.0;698.0;399.0;513.0;555.0;695.0;509.0;665.0;421.0;503.0;588.0;534.0;504.0;613.0;615.0;431.0;710.0;670.0;194.0;614.0;535.0;195.0;501.0;716.0;541.0;521.0;429.0;487.0;603.0;486.0;529.0;533.0;710.0;393.0;471.0;666.0;560.0;657.0;548.0;562.0;649.0;488.0;571.0;492.0;622.0;653.0;514.0;535.0;648.0;572.0;488.0;585.0;546.0;665.0;504.0;626.0;497.0;516.0;486.0;546.0;424.0;569.0;654.0;525.0;433.0;306.0;610.0;145.0;448.0;538.0;592.0;662.0;389.0;745.0;481.0;496.0;411.0
11;617.0;494.0;375.0;150.0;603.0;734.0;62.0;362.0;521.0;528.0;104.0;0.0;705.0;355.0;593.0;647.0;310.0;61.0;251.0;547.0;374.0;683.0;355.0;504.0;705.0;161.0;595.0;542.0;492.0;441.0;439.0;708.0;505.0;517.0;96.0;136.0;450.0;621.0;762.0;649.0;472.0;359.0;386.0;436.0;419.0;250.0;638.0;569.0;691.0;264.0;480.0;469.0;728.0;562.0;232.0;112.0;266.0;460.0;320.0;105.0;557.0;111.0;309.0;717.0;694.0;94.0;829.0;581.0;112.0;762.0;638.0;549.0;411.0;476.0;259.0;192.0;231.0;649.0;694.0;211.0;624.0;182.0;205.0;536.0;325.0;173.0;404.0;547.0;697.0;776.0;92.0;421.0;369.0;208.0;788.0;522.0;730.0;441.0;403.0;463.0;565.0;523.0;571.0;495.0;349.0;507.0;272.0;621.0;414.0;82.0;489.0;568.0;608.0;748.0;469.0;713.0;528.0;446.0;617.0;460.0;834.0;715.0;765.0;799.0;644.0;671.0;421.0;568.0;784.0;352.0;731.0;326.0;654.0;617.0;546.0;831.0;522.0;503.0;684.0;844.0;487.0;494.0;806.0;470.0;561.0;704.0;524.0;777.0;474.0;590.0;620.0;777.0;603.0;747.0;406.0;585.0;662.0;601.0;476.0;694.0;692.0;513.0;790.0;746.0;234.0;693.0;613.0;155.0;439.0;802.0;491.0;496.0;516.0;563.0;684.0;561.0;604.0;619.0;794.0;479.0;407.0;760.0;648.0;744.0;610.0;646.0;723.0;422.0;663.0;435.0;709.0;732.0;610.0;613.0;734.0;652.0;541.0;664.0;612.0;748.0;461.0;705.0;577.0;493.0;465.0;629.0;510.0;638.0;746.0;603.0;537.0;393.0;693.0;225.0;530.0;605.0;687.0;751.0;351.0;827.0;447.0;585.0;373.0
12;234.0;822.0;808.0;854.0;293.0;145.0;644.0;929.0;534.0;383.0;601.0;705.0;0.0;351.0;435.0;491.0;823.0;735.0;949.0;329.0;405.0;182.0;472.0;924.0;373.0;559.0;208.0;1041.0;263.0;819.0;885.0;389.0;683.0;672.0;800.0;652.0;897.0;270.0;255.0;461.0;405.0;557.0;918.0;525.0;553.0;515.0;367.0;428.0;272.0;831.0;598.0;724.0;111.0;162.0;517.0;632.0;671.0;1023.0;955.0;603.0;546.0;710.0;633.0;273.0;253.0;618.0;411.0;601.0;698.0;296.0;253.0;590.0;819.0;964.0;545.0;880.0;548.0;471.0;419.0;895.0;315.0;848.0;673.0;665.0;610.0;650.0;1015.0;1054.0;515.0;508.0;780.0;773.0;767.0;909.0;440.0;281.0;147.0;461.0;669.0;242.0;241.0;1031.0;363.0;833.0;878.0;777.0;878.0;555.0;562.0;728.0;639.0;643.0;450.0;456.0;946.0;441.0;399.0;925.0;390.0;913.0;445.0;254.0;533.0;426.0;479.0;515.0;935.0;396.0;473.0;823.0;385.0;612.0;171.0;579.0;243.0;482.0;328.0;944.0;520.0;491.0;333.0;1003.0;503.0;941.0;395.0;434.0;261.0;492.0;454.0;442.0;540.0;456.0;290.0;436.0;817.0;407.0;485.0;518.0;914.0;425.0;465.0;407.0;479.0;512.0;601.0;458.0;436.0;736.0;1004.0;431.0;1006.0;914.0;371.0;444.0;432.0;453.0;459.0;357.0;451.0;389.0;984.0;305.0;361.0;396.0;555.0;386.0;512.0;1003.0;312.0;983.0;381.0;470.0;265.0;436.0;399.0;419.0;584.0;441.0;528.0;440.0;954.0;457.0;416.0;903.0;879.0;396.0;377.0;510.0;324.0;427.0;168.0;411.0;412.0;524.0;403.0;519.0;271.0;369.0;857.0;488.0;912.0;343.0;873.0
13;310.0;589.0;516.0;504.0;308.0;397.0;294.0;607.0;403.0;306.0;251.0;355.0;351.0;0.0;372.0;463.0;508.0;385.0;599.0;272.0;177.0;347.0;234.0;649.0;447.0;211.0;265.0;759.0;168.0;549.0;598.0;457.0;497.0;476.0;450.0;319.0;611.0;315.0;449.0;448.0;252.0;301.0;617.0;340.0;351.0;194.0;373.0;349.0;380.0;513.0;402.0;490.0;384.0;211.0;187.0;286.0;364.0;707.0;624.0;253.0;414.0;365.0;346.0;404.0;377.0;270.0;557.0;464.0;360.0;463.0;325.0;457.0;538.0;669.0;249.0;531.0;225.0;434.0;460.0;550.0;337.0;502.0;359.0;481.0;331.0;316.0;685.0;770.0;510.0;543.0;430.0;506.0;496.0;559.0;539.0;234.0;386.0;271.0;417.0;108.0;259.0;733.0;332.0;580.0;564.0;563.0;553.0;482.0;355.0;379.0;438.0;504.0;411.0;500.0;667.0;484.0;298.0;643.0;367.0;640.0;575.0;409.0;547.0;541.0;454.0;492.0;642.0;329.0;533.0;534.0;473.0;351.0;326.0;493.0;225.0;587.0;264.0;678.0;484.0;584.0;213.0;716.0;562.0;664.0;323.0;475.0;208.0;537.0;311.0;393.0;472.0;521.0;306.0;507.0;549.0;349.0;451.0;446.0;646.0;463.0;481.0;290.0;557.0;524.0;298.0;460.0;407.0;404.0;697.0;529.0;717.0;655.0;268.0;373.0;441.0;378.0;414.0;370.0;531.0;246.0;672.0;465.0;378.0;471.0;474.0;407.0;508.0;691.0;370.0;681.0;437.0;512.0;302.0;407.0;465.0;428.0;450.0;448.0;440.0;492.0;669.0;486.0;367.0;646.0;618.0;380.0;267.0;467.0;446.0;395.0;182.0;183.0;438.0;191.0;301.0;449.0;390.0;466.0;560.0;570.0;635.0;315.0;579.0
14;576.0;954.0;479.0;726.0;142.0;568.0;552.0;636.0;767.0;646.0;514.0;593.0;435.0;372.0;0.0;800.0;530.0;584.0;767.0;118.0;546.0;269.0;606.0;556.0;737.0;441.0;229.0;1097.0;237.0;460.0;539.0;751.0;868.0;267.0;677.0;631.0;548.0;167.0;667.0;778.0;128.0;258.0;944.0;710.0;723.0;344.0;85.0;24.0;198.0;828.0;208.0;342.0;537.0;310.0;364.0;482.0;400.0;708.0;910.0;499.0;122.0;528.0;343.0;218.0;216.0;549.0;815.0;171.0;655.0;700.0;186.0;824.0;474.0;620.0;608.0;695.0;362.0;63.0;767.0;802.0;124.0;648.0;692.0;252.0;315.0;445.0;732.0;1106.0;841.0;185.0;622.0;417.0;851.0;741.0;823.0;545.0;330.0;153.0;318.0;358.0;542.0;684.0;657.0;453.0;576.0;932.0;853.0;835.0;727.0;563.0;245.0;872.0;748.0;156.0;1009.0;793.0;74.0;985.0;52.0;987.0;843.0;647.0;180.0;816.0;789.0;829.0;975.0;46.0;192.0;876.0;758.0;716.0;546.0;850.0;211.0;871.0;592.0;1028.0;113.0;253.0;162.0;1050.0;213.0;1007.0;50.0;783.0;207.0;184.0;673.0;732.0;823.0;187.0;145.0;804.0;903.0;28.0;79.0;797.0;997.0;772.0;802.0;86.0;853.0;158.0;647.0;100.0;740.0;708.0;1015.0;219.0;1050.0;1008.0;104.0;719.0;93.0;725.0;753.0;681.0;206.0;129.0;985.0;707.0;96.0;168.0;829.0;718.0;139.0;1002.0;146.0;1004.0;139.0;823.0;170.0;740.0;157.0;747.0;816.0;770.0;94.0;159.0;1008.0;801.0;704.0;1001.0;972.0;56.0;105.0;810.0;209.0;728.0;367.0;212.0;108.0;371.0;71.0;800.0;648.0;188.0;894.0;235.0;979.0;92.0;915.0
15;258.0;435.0;947.0;752.0;688.0;378.0;596.0;995.0;142.0;158.0;575.0;647.0;491.0;463.0;800.0;0.0;915.0;704.0;880.0;684.0;306.0;638.0;296.0;1085.0;149.0;594.0;604.0;689.0;563.0;991.0;1027.0;137.0;277.0;939.0;713.0;521.0;1039.0;678.0;300.0;32.0;700.0;761.0;622.0;217.0;243.0;634.0;769.0;782.0;717.0;596.0;865.0;948.0;406.0;509.0;618.0;654.0;793.0;1096.0;729.0;594.0;868.0;724.0;791.0;730.0;704.0;561.0;243.0;921.0;565.0;264.0;674.0;159.0;974.0;1086.0;388.0;834.0;657.0;857.0;99.0;740.0;719.0;830.0;482.0;943.0;782.0;717.0;1049.0;704.0;50.0;940.0;739.0;953.0;451.0;836.0;177.0;256.0;629.0;730.0;874.0;442.0;269.0;1144.0;144.0;1030.0;966.0;376.0;653.0;77.0;251.0;716.0;900.0;197.0;52.0;889.0;605.0;98.0;733.0;591.0;777.0;567.0;227.0;266.0;955.0;199.0;13.0;29.0;621.0;754.0;916.0;524.0;159.0;351.0;321.0;104.0;598.0;204.0;208.0;582.0;911.0;950.0;641.0;666.0;947.0;598.0;750.0;95.0;596.0;928.0;176.0;70.0;64.0;900.0;685.0;135.0;483.0;773.0;874.0;60.0;558.0;95.0;61.0;730.0;158.0;931.0;422.0;867.0;60.0;567.0;705.0;889.0;672.0;547.0;700.0;92.0;843.0;90.0;49.0;135.0;901.0;690.0;701.0;254.0;769.0;840.0;84.0;107.0;922.0;717.0;737.0;678.0;814.0;99.0;667.0;61.0;838.0;76.0;160.0;59.0;883.0;876.0;620.0;79.0;97.0;535.0;521.0;789.0;701.0;24.0;783.0;72.0;444.0;643.0;831.0;619.0;737.0;57.0;234.0;821.0;568.0;942.0;574.0;720.0;572.0
16;817.0;804.0;85.0;337.0;611.0;899.0;336.0;109.0;805.0;774.0;345.0;310.0;823.0;508.0;530.0;915.0;0.0;252.0;296.0;550.0;613.0;730.0;620.0;195.0;940.0;322.0;648.0;819.0;562.0;155.0;130.0;947.0;811.0;324.0;319.0;442.0;141.0;637.0;957.0;910.0;456.0;284.0;669.0;720.0;709.0;315.0;605.0;513.0;698.0;555.0;336.0;243.0;882.0;660.0;321.0;262.0;152.0;201.0;559.0;324.0;437.0;203.0;197.0;724.0;710.0;368.0;1057.0;430.0;422.0;969.0;659.0;841.0;120.0;172.0;541.0;243.0;284.0;565.0;941.0;428.0;617.0;196.0;514.0;348.0;224.0;199.0;203.0;821.0;965.0;683.0;249.0;160.0;678.0;293.0;1030.0;732.0;790.0;399.0;220.0;601.0;764.0;230.0;811.0;211.0;56.0;817.0;543.0;903.0;706.0;229.0;317.0;867.0;869.0;675.0;759.0;964.0;496.0;738.0;574.0;757.0;1071.0;916.0;659.0;1036.0;909.0;942.0;706.0;529.0;707.0;655.0;966.0;628.0;833.0;904.0;599.0;1077.0;750.0;798.0;577.0;768.0;511.0;772.0;719.0;761.0;524.0;954.0;576.0;691.0;739.0;850.0;899.0;708.0;613.0;993.0;713.0;537.0;572.0;877.0;774.0;943.0;951.0;481.0;1040.0;647.0;532.0;616.0;870.0;461.0;702.0;746.0;768.0;796.0;504.0;824.0;619.0;825.0;868.0;857.0;729.0;470.0;668.0;970.0;617.0;698.0;892.0;889.0;623.0;679.0;654.0;706.0;669.0;987.0;630.0;871.0;686.0;903.0;833.0;919.0;500.0;683.0;748.0;960.0;831.0;795.0;768.0;583.0;497.0;910.0;732.0;859.0;668.0;416.0;638.0;317.0;495.0;881.0;896.0;717.0;646.0;750.0;742.0;571.0;668.0
17;662.0;551.0;321.0;142.0;609.0;773.0;109.0;301.0;580.0;581.0;142.0;61.0;735.0;385.0;584.0;704.0;252.0;0.0;214.0;550.0;424.0;698.0;410.0;447.0;757.0;177.0;610.0;583.0;508.0;388.0;382.0;761.0;566.0;482.0;95.0;197.0;393.0;628.0;807.0;705.0;469.0;338.0;429.0;495.0;479.0;250.0;636.0;561.0;698.0;310.0;453.0;427.0;765.0;585.0;237.0;109.0;227.0;399.0;345.0;133.0;537.0;65.0;277.0;725.0;703.0;144.0;880.0;555.0;171.0;809.0;647.0;609.0;358.0;416.0;317.0;147.0;225.0;638.0;748.0;223.0;627.0;127.0;265.0;502.0;296.0;144.0;345.0;587.0;754.0;765.0;45.0;372.0;426.0;175.0;841.0;568.0;749.0;432.0;366.0;493.0;609.0;463.0;623.0;444.0;289.0;566.0;308.0;681.0;474.0;27.0;457.0;629.0;664.0;740.0;515.0;768.0;524.0;493.0;613.0;509.0;887.0;761.0;751.0;852.0;701.0;729.0;465.0;563.0;776.0;405.0;783.0;387.0;695.0;677.0;560.0;885.0;571.0;552.0;668.0;837.0;493.0;536.0;796.0;517.0;557.0;759.0;537.0;767.0;530.0;646.0;678.0;771.0;609.0;801.0;461.0;579.0;650.0;659.0;526.0;749.0;748.0;508.0;845.0;733.0;294.0;683.0;668.0;209.0;475.0;798.0;532.0;547.0;515.0;618.0;677.0;617.0;661.0;671.0;788.0;477.0;441.0;808.0;647.0;742.0;669.0;699.0;710.0;455.0;666.0;473.0;707.0;787.0;618.0;669.0;731.0;707.0;602.0;719.0;594.0;742.0;506.0;760.0;632.0;545.0;518.0;625.0;509.0;696.0;750.0;659.0;567.0;395.0;688.0;229.0;525.0;663.0;734.0;751.0;399.0;819.0;496.0;586.0;421.0
18;868.0;632.0;381.0;129.0;810.0;985.0;313.0;262.0;745.0;772.0;352.0;251.0;949.0;599.0;767.0;880.0;296.0;214.0;0.0;750.0;623.0;907.0;596.0;461.0;950.0;391.0;819.0;572.0;718.0;449.0;403.0;952.0;694.0;608.0;168.0;360.0;409.0;832.0;1012.0;886.0;663.0;510.0;442.0;663.0;641.0;454.0;828.0;746.0;900.0;355.0;603.0;534.0;978.0;798.0;444.0;319.0;372.0;322.0;302.0;347.0;698.0;248.0;430.0;927.0;907.0;345.0;1075.0;704.0;314.0;1012.0;851.0;762.0;415.0;394.0;496.0;73.0;425.0;814.0;935.0;185.0;825.0;119.0;403.0;632.0;456.0;326.0;237.0;571.0;928.0;939.0;169.0;455.0;516.0;44.0;1030.0;773.0;959.0;618.0;495.0;707.0;816.0;411.0;817.0;505.0;294.0;664.0;318.0;844.0;634.0;223.0;594.0;771.0;845.0;922.0;535.0;953.0;715.0;518.0;802.0;544.0;1078.0;966.0;921.0;1043.0;878.0;901.0;478.0;753.0;956.0;467.0;976.0;536.0;905.0;836.0;768.0;1071.0;770.0;581.0;837.0;1018.0;696.0;531.0;973.0;539.0;747.0;945.0;745.0;944.0;711.0;828.0;844.0;953.0;811.0;988.0;533.0;766.0;824.0;829.0;564.0;935.0;929.0;698.0;1029.0;905.0;458.0;863.0;851.0;320.0;449.0;985.0;524.0;589.0;711.0;800.0;860.0;798.0;840.0;865.0;973.0;673.0;416.0;1010.0;839.0;931.0;832.0;890.0;881.0;422.0;864.0;460.0;898.0;969.0;822.0;852.0;920.0;893.0;756.0;903.0;760.0;926.0;519.0;943.0;818.0;592.0;570.0;813.0;704.0;868.0;948.0;843.0;781.0;596.0;874.0;437.0;715.0;833.0;937.0;944.0;442.0;1000.0;528.0;782.0;459.0
19;458.0;861.0;514.0;690.0;62.0;456.0;498.0;658.0;656.0;531.0;456.0;547.0;329.0;272.0;118.0;684.0;550.0;550.0;750.0;0.0;440.0;186.0;504.0;614.0;619.0;387.0;122.0;1021.0;121.0;511.0;585.0;632.0;766.0;345.0;638.0;561.0;596.0;87.0;552.0;661.0;94.0;266.0;873.0;604.0;619.0;300.0;101.0;104.0;151.0;760.0;273.0;405.0;426.0;193.0;315.0;442.0;404.0;741.0;855.0;446.0;217.0;503.0;353.0;178.0;161.0;488.0;698.0;272.0;593.0;584.0;109.0;714.0;518.0;666.0;518.0;677.0;326.0;173.0;649.0;758.0;77.0;634.0;615.0;336.0;326.0;424.0;752.0;1031.0;724.0;272.0;592.0;466.0;765.0;718.0;705.0;428.0;249.0;152.0;360.0;243.0;424.0;732.0;540.0;516.0;601.0;835.0;792.0;721.0;624.0;533.0;314.0;764.0;632.0;228.0;931.0;675.0;70.0;906.0;96.0;906.0;726.0;531.0;278.0;699.0;672.0;712.0;901.0;73.0;261.0;797.0;640.0;622.0;429.0;737.0;94.0;753.0;476.0;946.0;227.0;314.0;63.0;976.0;290.0;928.0;70.0;665.0;88.0;264.0;562.0;617.0;708.0;250.0;63.0;686.0;818.0;90.0;191.0;683.0;914.0;654.0;684.0;80.0;735.0;255.0;563.0;190.0;623.0;643.0;948.0;263.0;976.0;923.0;47.0;604.0;169.0;610.0;637.0;563.0;261.0;80.0;920.0;591.0;108.0;204.0;715.0;600.0;242.0;938.0;116.0;935.0;169.0;704.0;82.0;623.0;196.0;630.0;706.0;652.0;208.0;221.0;931.0;683.0;588.0;915.0;887.0;109.0;54.0;694.0;200.0;611.0;249.0;156.0;166.0;323.0;74.0;685.0;530.0;206.0;819.0;300.0;899.0;43.0;839.0
20;250.0;436.0;642.0;505.0;466.0;385.0;315.0;699.0;227.0;161.0;285.0;374.0;405.0;177.0;546.0;306.0;613.0;424.0;623.0;440.0;0.0;471.0;70.0;780.0;333.0;291.0;404.0;638.0;324.0;686.0;722.0;338.0;326.0;643.0;456.0;275.0;735.0;467.0;393.0;298.0;429.0;460.0;512.0;164.0;179.0;328.0;538.0;524.0;525.0;431.0;572.0;645.0;389.0;322.0;312.0;356.0;488.0;801.0;560.0;300.0;590.0;432.0;486.0;546.0;518.0;281.0;456.0;639.0;324.0;389.0;472.0;281.0;669.0;784.0;146.0;566.0;351.0;607.0;329.0;522.0;497.0;551.0;276.0;649.0;478.0;414.0;762.0;650.0;356.0;712.0;464.0;647.0;364.0;579.0;420.0;155.0;492.0;446.0;570.0;214.0;202.0;843.0;201.0;725.0;666.0;401.0;482.0;312.0;185.0;430.0;604.0;328.0;257.0;666.0;543.0;351.0;473.0;521.0;537.0;511.0;464.0;345.0;718.0;429.0;299.0;334.0;530.0;502.0;698.0;417.0;359.0;209.0;300.0;321.0;376.0;465.0;148.0;545.0;659.0;744.0;385.0;598.0;728.0;539.0;497.0;341.0;364.0;704.0;139.0;238.0;303.0;684.0;464.0;381.0;416.0;523.0;625.0;279.0;514.0;330.0;337.0;465.0;427.0;695.0;202.0;630.0;257.0;350.0;599.0;687.0;601.0;517.0;442.0;214.0;609.0;217.0;257.0;248.0;692.0;422.0;580.0;387.0;543.0;630.0;303.0;278.0;680.0;599.0;526.0;578.0;598.0;374.0;454.0;258.0;625.0;290.0;273.0;306.0;616.0;657.0;550.0;347.0;218.0;507.0;481.0;550.0;441.0;305.0;593.0;246.0;263.0;358.0;604.0;313.0;477.0;282.0;315.0;621.0;452.0;732.0;509.0;482.0;468.0
21;384.0;907.0;699.0;832.0;131.0;326.0;627.0;839.0;651.0;505.0;583.0;683.0;182.0;347.0;269.0;638.0;730.0;698.0;907.0;186.0;471.0;0.0;541.0;800.0;538.0;523.0;88.0;1100.0;191.0;697.0;771.0;554.0;785.0;526.0;778.0;665.0;782.0;104.0;435.0;610.0;278.0;448.0;962.0;620.0;643.0;453.0;192.0;268.0;90.0;860.0;457.0;590.0;292.0;149.0;462.0;589.0;581.0;925.0;970.0;578.0;388.0;659.0;534.0;94.0;72.0;609.0;590.0;440.0;705.0;474.0;83.0;709.0;704.0;852.0;587.0;835.0;483.0;295.0;580.0;889.0;144.0;796.0;705.0;514.0;507.0;586.0;931.0;1111.0;669.0;327.0;742.0;652.0;830.0;871.0;613.0;395.0;63.0;337.0;546.0;260.0;370.0;918.0;498.0;702.0;783.0;870.0;900.0;692.0;650.0;685.0;497.0;762.0;591.0;275.0;1006.0;603.0;253.0;983.0;219.0;976.0;623.0;427.0;351.0;601.0;626.0;664.0;985.0;237.0;293.0;875.0;554.0;677.0;333.0;713.0;139.0;657.0;447.0;1012.0;343.0;316.0;220.0;1057.0;324.0;1002.0;239.0;595.0;161.0;311.0;560.0;580.0;678.0;276.0;129.0;604.0;883.0;243.0;308.0;654.0;981.0;585.0;622.0;265.0;649.0;331.0;640.0;278.0;579.0;750.0;1043.0;255.0;1059.0;986.0;233.0;575.0;253.0;583.0;599.0;505.0;272.0;263.0;1019.0;483.0;184.0;215.0;690.0;539.0;331.0;1038.0;133.0;1026.0;199.0;633.0;106.0;579.0;217.0;571.0;702.0;594.0;360.0;258.0;1010.0;616.0;551.0;976.0;949.0;223.0;240.0;654.0;147.0;568.0;211.0;318.0;231.0;470.0;256.0;655.0;438.0;190.0;904.0;310.0;973.0;183.0;922.0
22;300.0;366.0;657.0;473.0;532.0;442.0;301.0;699.0;189.0;177.0;279.0;355.0;472.0;234.0;606.0;296.0;620.0;410.0;596.0;504.0;70.0;541.0;0.0;796.0;355.0;303.0;473.0;569.0;390.0;706.0;736.0;356.0;263.0;682.0;428.0;238.0;748.0;534.0;436.0;296.0;485.0;497.0;447.0;111.0;118.0;358.0;603.0;583.0;594.0;373.0;615.0;678.0;449.0;392.0;339.0;359.0;506.0;800.0;505.0;298.0;642.0;428.0;512.0;615.0;587.0;266.0;479.0;689.0;287.0;426.0;540.0;236.0;687.0;793.0;101.0;545.0;376.0;668.0;340.0;479.0;563.0;536.0;223.0;691.0;507.0;424.0;754.0;582.0;346.0;775.0;446.0;671.0;295.0;552.0;434.0;209.0;562.0;497.0;602.0;283.0;257.0;849.0;222.0;749.0;671.0;333.0;426.0;285.0;121.0;420.0;645.0;277.0;254.0;730.0;474.0;358.0;532.0;453.0;599.0;442.0;482.0;388.0;780.0;447.0;292.0;322.0;463.0;563.0;763.0;351.0;380.0;140.0;356.0;288.0;443.0;477.0;186.0;475.0;718.0;811.0;446.0;530.0;793.0;470.0;557.0;350.0;430.0;768.0;120.0;236.0;279.0;750.0;530.0;393.0;346.0;583.0;685.0;257.0;444.0;340.0;338.0;523.0;435.0;757.0;150.0;693.0;258.0;303.0;534.0;754.0;533.0;447.0;502.0;209.0;673.0;208.0;251.0;270.0;758.0;480.0;517.0;423.0;608.0;697.0;274.0;294.0;742.0;536.0;593.0;512.0;664.0;377.0;522.0;259.0;691.0;298.0;228.0;310.0;672.0;722.0;482.0;351.0;222.0;437.0;411.0;613.0;501.0;290.0;662.0;249.0;333.0;410.0;669.0;339.0;535.0;261.0;355.0;688.0;387.0;798.0;440.0;546.0;401.0
23;958.0;998.0;139.0;525.0;670.0;1021.0;526.0;201.0;983.0;937.0;529.0;504.0;924.0;649.0;556.0;1085.0;195.0;447.0;461.0;614.0;780.0;800.0;796.0;0.0;1094.0;493.0;728.0;1009.0;661.0;105.0;65.0;1103.0;1001.0;295.0;512.0;634.0;55.0;698.0;1092.0;1077.0;525.0;368.0;862.0;900.0;892.0;458.0;640.0;546.0;748.0;749.0;349.0;214.0;999.0;763.0;470.0;444.0;292.0;198.0;745.0;507.0;439.0;396.0;304.0;771.0;764.0;556.0;1206.0;409.0;616.0;1110.0;720.0;1023.0;112.0;87.0;724.0;422.0;431.0;572.0;1102.0;614.0;667.0;381.0;707.0;315.0;322.0;373.0;270.0;1010.0;1135.0;668.0;443.0;150.0;873.0;469.0;1186.0;882.0;863.0;466.0;255.0;728.0;908.0;136.0;971.0;106.0;171.0;1011.0;734.0;1080.0;889.0;423.0;312.0;1053.0;1037.0;676.0;952.0;1125.0;548.0;931.0;607.0;951.0;1223.0;1055.0;638.0;1189.0;1078.0;1113.0;899.0;571.0;702.0;850.0;1120.0;817.0;964.0;1083.0;684.0;1234.0;906.0;992.0;564.0;759.0;592.0;963.0;705.0;955.0;568.0;1116.0;664.0;681.0;912.0;1018.0;1075.0;707.0;673.0;1152.0;908.0;573.0;572.0;1052.0;969.0;1104.0;1116.0;535.0;1200.0;632.0;720.0;620.0;1037.0;656.0;890.0;751.0;958.0;991.0;567.0;994.0;631.0;995.0;1037.0;1014.0;729.0;540.0;856.0;1112.0;652.0;715.0;1070.0;1049.0;610.0;866.0;698.0;895.0;691.0;1150.0;694.0;1037.0;703.0;1066.0;1015.0;1084.0;496.0;688.0;941.0;1124.0;997.0;990.0;963.0;612.0;560.0;1082.0;766.0;1025.0;785.0;515.0;654.0;468.0;546.0;1056.0;1039.0;740.0;841.0;741.0;936.0;622.0;862.0
24;161.0;575.0;959.0;828.0;610.0;243.0;648.0;1030.0;265.0;178.0;618.0;705.0;373.0;447.0;737.0;149.0;940.0;757.0;950.0;619.0;333.0;538.0;355.0;1094.0;0.0;620.0;521.0;826.0;504.0;995.0;1041.0;16.0;417.0;912.0;782.0;593.0;1053.0;596.0;153.0;119.0;654.0;746.0;745.0;316.0;347.0;637.0;692.0;722.0;624.0;703.0;835.0;935.0;275.0;430.0;625.0;688.0;805.0;1132.0;838.0;633.0;821.0;764.0;792.0;632.0;608.0;613.0;124.0;876.0;641.0;115.0;588.0;300.0;983.0;1108.0;455.0;897.0;664.0;788.0;52.0;830.0;640.0;884.0;570.0;913.0;778.0;741.0;1095.0;840.0;152.0;856.0;796.0;953.0;574.0;906.0;92.0;214.0;518.0;694.0;864.0;393.0;199.0;1169.0;134.0;1028.0;994.0;518.0;759.0;226.0;357.0;763.0;874.0;343.0;138.0;804.0;739.0;69.0;677.0;723.0;706.0;701.0;131.0;126.0;875.0;96.0;139.0;161.0;749.0;691.0;827.0;646.0;26.0;451.0;206.0;253.0;527.0;141.0;190.0;719.0;842.0;854.0;587.0;800.0;858.0;732.0;688.0;64.0;530.0;842.0;248.0;146.0;212.0;810.0;607.0;67.0;612.0;709.0;805.0;201.0;694.0;58.0;100.0;677.0;116.0;852.0;501.0;791.0;124.0;654.0;831.0;793.0;805.0;685.0;644.0;169.0;766.0;176.0;147.0;86.0;809.0;642.0;823.0;105.0;691.0;749.0;232.0;64.0;846.0;841.0;652.0;805.0;727.0;97.0;587.0;123.0;750.0;79.0;299.0;90.0;826.0;789.0;752.0;87.0;142.0;673.0;657.0;716.0;647.0;173.0;685.0;125.0;370.0;612.0;750.0;628.0;681.0;200.0;102.0;727.0;688.0;848.0;706.0;650.0;695.0
