Vehicle:
Average speed:;1208
Time limit:;252.851
Fuel comsumption rate:;1
Fuel Capacity:;2764
Depot:
ID;X;Y;Service Time
0;0;0;0
Customers:
ID;X;Y;Service Time
1;425;323;6.42553
2;806;514;6.42553
3;853;637;6.42553
4;564;311;6.42553
5;871;502;6.42553
6;803;526;6.42553
7;822;680;6.42553
8;827;577;6.42553
9;834;646;6.42553
10;636;403;6.42553
11;699;724;6.42553
12;830;479;6.42553
13;486;257;6.42553
14;411;384;6.42553
15;881;642;6.42553
16;424;422;6.42553
17;807;718;6.42553
18;949;612;6.42553
19;362;135;6.42553
20;836;662;6.42553
21;791;570;6.42553
22;822;508;6.42553
23;794;622;6.42553
24;823;464;6.42553
25;803;367;6.42553
26;390;502;6.42553
27;868;651;6.42553
28;732;456;6.42553
29;356;253;6.42553
30;794;481;6.42553
31;356;312;6.42553
32;994;676;6.42553
33;817;658;6.42553
34;591;333;6.42553
35;776;532;6.42553
36;811;509;6.42553
37;298;246;6.42553
38;813;517;6.42553
39;793;488;6.42553
40;944;655;6.42553
41;901;555;6.42553
42;847;594;6.42553
43;696;429;6.42553
44;454;303;6.42553
45;369;330;6.42553
46;721;539;6.42553
47;874;502;6.42553
48;860;564;6.42553
49;381;508;6.42553
50;773;575;6.42553
51;671;571;6.42553
52;901;482;6.42553
53;852;672;6.42553
54;887;576;6.42553
55;805;608;6.42553
56;828;575;6.42553
57;434;177;6.42553
58;715;450;6.42553
59;827;622;6.42553
60;757;746;6.42553
61;977;648;6.42553
62;826;595;6.42553
63;439;212;6.42553
64;514;184;6.42553
65;836;661;6.42553
66;503;227;6.42553
67;499;447;6.42553
68;792;564;6.42553
69;791;599;6.42553
70;932;582;6.42553
71;904;484;6.42553
72;453;362;6.42553
73;636;374;6.42553
74;781;639;6.42553
75;723;590;6.42553
76;911;613;6.42553
77;834;510;6.42553
78;786;449;6.42553
79;772;732;6.42553
80;776;461;6.42553
81;749;533;6.42553
82;825;882;6.42553
83;401;275;6.42553
84;965;597;6.42553
85;760;479;6.42553
86;841;501;6.42553
87;901;531;6.42553
88;443;318;6.42553
89;771;511;6.42553
90;854;615;6.42553
91;821;631;6.42553
92;734;539;6.42553
93;705;577;6.42553
94;773;573;6.42553
95;646;327;6.42553
96;842;630;6.42553
97;806;436;6.42553
98;960;576;6.42553
99;350;337;6.42553
100;828;580;6.42553
101;876;502;6.42553
102;532;332;6.42553
103;518;383;6.42553
104;770;509;6.42553
105;251;3;6.42553
106;264;445;6.42553
107;817;655;6.42553
108;493;395;6.42553
109;777;522;6.42553
110;525;263;6.42553
111;793;632;6.42553
112;713;403;6.42553
113;810;633;6.42553
114;837;649;6.42553
115;757;561;6.42553
116;766;750;6.42553
117;411;544;6.42553
118;315;293;6.42553
119;362;490;6.42553
120;484;275;6.42553
121;754;590;6.42553
122;736;784;6.42553
123;911;461;6.42553
124;882;671;6.42553
125;845;506;6.42553
126;895;582;6.42553
127;453;298;6.42553
128;581;300;6.42553
129;472;372;6.42553
130;828;569;6.42553
131;296;298;6.42553
132;766;642;6.42553
133;461;360;6.42553
134;771;657;6.42553
135;727;553;6.42553
136;883;400;6.42553
137;853;527;6.42553
138;748;466;6.42553
139;447;363;6.42553
140;884;716;6.42553
141;953;573;6.42553
142;748;499;6.42553
143;818;424;6.42553
144;761;559;6.42553
145;754;551;6.42553
146;915;521;6.42553
147;802;462;6.42553
148;997;502;6.42553
149;411;333;6.42553
150;797;466;6.42553
151;873;543;6.42553
152;902;534;6.42553
153;981;614;6.42553
154;843;695;6.42553
155;796;701;6.42553
156;459;378;6.42553
157;681;627;6.42553
158;781;616;6.42553
159;726;474;6.42553
160;407;302;6.42553
161;782;644;6.42553
162;832;667;6.42553
163;575;296;6.42553
164;788;619;6.42553
165;430;313;6.42553
166;593;548;6.42553
167;945;400;6.42553
168;490;287;6.42553
169;772;449;6.42553
170;419;448;6.42553
171;499;256;6.42553
172;427;245;6.42553
173;720;625;6.42553
174;871;555;6.42553
175;701;703;6.42553
176;859;496;6.42553
177;925;476;6.42553
178;790;585;6.42553
179;811;591;6.42553
180;991;637;6.42553
181;902;569;6.42553
182;405;298;6.42553
183;861;389;6.42553
184;394;306;6.42553
185;942;611;6.42553
186;912;528;6.42553
187;876;663;6.42553
188;399;126;6.42553
AFSs:
ID;X;Y;Service Time
189;850;696;1208
Distance matrix:
;0;1;2;3;4;5;6;7;8;9;10;11;12;13;14;15;16;17;18;19;20;21;22;23;24;25;26;27;28;29;30;31;32;33;34;35;36;37;38;39;40;41;42;43;44;45;46;47;48;49;50;51;52;53;54;55;56;57;58;59;60;61;62;63;64;65;66;67;68;69;70;71;72;73;74;75;76;77;78;79;80;81;82;83;84;85;86;87;88;89;90;91;92;93;94;95;96;97;98;99;100;101;102;103;104;105;106;107;108;109;110;111;112;113;114;115;116;117;118;119;120;121;122;123;124;125;126;127;128;129;130;131;132;133;134;135;136;137;138;139;140;141;142;143;144;145;146;147;148;149;150;151;152;153;154;155;156;157;158;159;160;161;162;163;164;165;166;167;168;169;170;171;172;173;174;175;176;177;178;179;180;181;182;183;184;185;186;187;188;189
0;0.0;534.0;956.0;1065.0;644.0;1005.0;960.0;1067.0;1008.0;1055.0;753.0;1006.0;958.0;550.0;562.0;1090.0;598.0;1080.0;1129.0;386.0;1066.0;975.0;966.0;1009.0;945.0;883.0;636.0;1085.0;862.0;437.0;928.0;473.0;1202.0;1049.0;678.0;941.0;957.0;386.0;963.0;931.0;1149.0;1058.0;1035.0;818.0;546.0;495.0;900.0;1008.0;1028.0;635.0;963.0;881.0;1022.0;1085.0;1058.0;1009.0;1008.0;469.0;845.0;1035.0;1063.0;1172.0;1018.0;488.0;546.0;1066.0;552.0;670.0;972.0;992.0;1099.0;1025.0;580.0;738.0;1009.0;933.0;1098.0;978.0;905.0;1064.0;903.0;919.0;1208.0;486.0;1135.0;898.0;979.0;1046.0;545.0;925.0;1052.0;1035.0;911.0;911.0;962.0;724.0;1052.0;916.0;1120.0;486.0;1011.0;1010.0;627.0;644.0;923.0;251.0;517.0;1047.0;632.0;936.0;587.0;1014.0;819.0;1028.0;1059.0;942.0;1072.0;682.0;430.0;609.0;557.0;957.0;1075.0;1021.0;1108.0;985.0;1068.0;542.0;654.0;601.0;1005.0;420.0;999.0;585.0;1013.0;913.0;969.0;1003.0;881.0;576.0;1138.0;1112.0;899.0;921.0;944.0;934.0;1053.0;926.0;1116.0;529.0;923.0;1028.0;1048.0;1157.0;1093.0;1061.0;595.0;926.0;995.0;867.0;507.0;1013.0;1066.0;647.0;1002.0;532.0;807.0;1026.0;568.0;893.0;613.0;561.0;492.0;953.0;1033.0;993.0;992.0;1040.0;983.0;1003.0;1178.0;1066.0;503.0;945.0;499.0;1123.0;1054.0;1099.0;418.0;1099.0
1;534.0;0.0;426.0;531.0;140.0;481.0;429.0;534.0;476.0;521.0;226.0;486.0;434.0;90.0;63.0;557.0;99.0;549.0;598.0;198.0;533.0;442.0;438.0;475.0;422.0;381.0;182.0;551.0;335.0;98.0;401.0;70.0;670.0;516.0;166.0;409.0;428.0;149.0;434.0;403.0;616.0;530.0;502.0;291.0;35.0;56.0;366.0;483.0;497.0;190.0;430.0;349.0;502.0;551.0;527.0;475.0;475.0;146.0;317.0;501.0;538.0;641.0;485.0;112.0;165.0;532.0;124.0;144.0;439.0;458.0;569.0;505.0;48.0;217.0;476.0;400.0;566.0;450.0;382.0;536.0;377.0;386.0;687.0;54.0;606.0;370.0;452.0;519.0;19.0;394.0;519.0;502.0;377.0;378.0;428.0;221.0;518.0;397.0;592.0;76.0;478.0;485.0;107.0;111.0;392.0;364.0;202.0;514.0;99.0;404.0;117.0;481.0;299.0;494.0;525.0;408.0;546.0;221.0;114.0;178.0;76.0;424.0;556.0;505.0;574.0;458.0;537.0;38.0;158.0;68.0;472.0;131.0;467.0;52.0;481.0;380.0;464.0;474.0;353.0;46.0;604.0;584.0;368.0;406.0;411.0;400.0;528.0;402.0;599.0;17.0;399.0;499.0;522.0;628.0;560.0;530.0;65.0;397.0;461.0;337.0;28.0;480.0;533.0;152.0;468.0;11.0;281.0;526.0;74.0;369.0;125.0;100.0;78.0;422.0;503.0;470.0;467.0;523.0;449.0;470.0;647.0;537.0;32.0;441.0;35.0;592.0;528.0;565.0;199.0;565.0
2;956.0;426.0;0.0;132.0;316.0;66.0;12.0;167.0;66.0;135.0;203.0;236.0;42.0;410.0;416.0;148.0;393.0;204.0;173.0;584.0;151.0;58.0;17.0;109.0;53.0;147.0;416.0;150.0;94.0;520.0;35.0;493.0;248.0;144.0;281.0;35.0;7.0;574.0;8.0;29.0;197.0;103.0;90.0;139.0;410.0;474.0;89.0;69.0;74.0;425.0;69.0;147.0;100.0;165.0;102.0;94.0;65.0;502.0;111.0;110.0;237.0;217.0;83.0;475.0;441.0;150.0;417.0;314.0;52.0;86.0;143.0;102.0;384.0;220.0;127.0;113.0;144.0;28.0;68.0;221.0;61.0;60.0;368.0;470.0;179.0;58.0;37.0;97.0;413.0;35.0;112.0;118.0;76.0;119.0;68.0;246.0;121.0;78.0;166.0;489.0;70.0;71.0;329.0;316.0;36.0;754.0;546.0;141.0;335.0;30.0;377.0;119.0;145.0;119.0;139.0;68.0;239.0;396.0;538.0;445.0;401.0;92.0;279.0;118.0;174.0;40.0;112.0;414.0;311.0;363.0;59.0;554.0;134.0;378.0;147.0;88.0;138.0;49.0;75.0;389.0;217.0;158.0;60.0;91.0;64.0;64.0;109.0;52.0;191.0;434.0;49.0;73.0;98.0;202.0;185.0;187.0;373.0;169.0;105.0;89.0;452.0;132.0;155.0;318.0;107.0;426.0;216.0;180.0;389.0;73.0;393.0;401.0;465.0;140.0;77.0;216.0;56.0;125.0;73.0;77.0;222.0;111.0;455.0;137.0;462.0;167.0;107.0;165.0;562.0;187.0
3;1065.0;531.0;132.0;0.0;436.0;136.0;122.0;53.0;65.0;21.0;319.0;177.0;160.0;528.0;509.0;28.0;480.0;93.0;99.0;702.0;30.0;91.0;133.0;61.0;176.0;275.0;482.0;21.0;218.0;628.0;167.0;594.0;146.0;42.0;401.0;130.0;135.0;679.0;126.0;161.0;93.0;95.0;43.0;261.0;520.0;573.0;164.0;137.0;73.0;489.0;101.0;194.0;162.0;35.0;70.0;56.0;67.0;622.0;232.0;30.0;145.0;124.0;50.0;593.0;566.0;29.0;539.0;402.0;95.0;73.0;96.0;161.0;485.0;341.0;72.0;138.0;63.0;128.0;200.0;125.0;192.0;147.0;247.0;579.0;119.0;183.0;137.0;116.0;519.0;150.0;22.0;33.0;154.0;160.0;102.0;373.0;13.0;206.0;123.0;586.0;62.0;137.0;443.0;420.0;153.0;874.0;620.0;40.0;434.0;138.0;497.0;60.0;273.0;43.0;20.0;122.0;143.0;452.0;639.0;513.0;517.0;110.0;188.0;185.0;45.0;131.0;69.0;524.0;433.0;464.0;72.0;652.0;87.0;480.0;84.0;151.0;239.0;110.0;201.0;490.0;85.0;119.0;173.0;216.0;121.0;131.0;132.0;182.0;197.0;536.0;180.0;96.0;114.0;130.0;59.0;86.0;472.0;172.0;75.0;207.0;558.0;71.0;37.0;440.0;67.0;533.0;275.0;254.0;504.0;205.0;473.0;520.0;579.0;134.0;84.0;166.0;141.0;176.0;82.0;62.0;138.0;84.0;562.0;248.0;566.0;93.0;124.0;35.0;684.0;59.0
4;644.0;140.0;316.0;436.0;0.0;362.0;321.0;450.0;374.0;430.0;117.0;435.0;315.0;95.0;170.0;458.0;179.0;474.0;489.0;268.0;444.0;344.0;325.0;387.0;301.0;245.0;258.0;456.0;222.0;216.0;286.0;208.0;564.0;429.0;35.0;306.0;317.0;274.0;323.0;289.0;513.0;416.0;400.0;177.0;110.0;196.0;277.0;364.0;389.0;269.0;337.0;281.0;378.0;462.0;418.0;382.0;373.0;187.0;205.0;407.0;476.0;533.0;386.0;159.0;136.0;443.0;104.0;151.0;341.0;367.0;457.0;381.0;122.0;96.0;393.0;321.0;460.0;335.0;261.0;470.0;260.0;289.0;628.0;167.0;493.0;258.0;336.0;402.0;121.0;288.0;420.0;410.0;284.0;301.0;335.0;84.0;423.0;272.0;476.0;216.0;377.0;366.0;38.0;85.0;286.0;439.0;329.0;427.0;110.0;300.0;62.0;394.0;175.0;405.0;434.0;316.0;483.0;279.0;250.0;270.0;88.0;338.0;503.0;378.0;480.0;342.0;428.0;112.0;20.0;110.0;369.0;268.0;388.0;114.0;403.0;292.0;331.0;361.0;241.0;128.0;516.0;469.0;263.0;278.0;317.0;306.0;409.0;282.0;473.0;155.0;280.0;386.0;405.0;515.0;475.0;454.0;125.0;337.0;374.0;230.0;157.0;398.0;446.0;19.0;381.0;134.0;239.0;391.0;78.0;250.0;199.0;85.0;152.0;351.0;392.0;415.0;348.0;397.0;355.0;373.0;537.0;425.0;160.0;307.0;170.0;483.0;410.0;470.0;248.0;480.0
5;1005.0;481.0;66.0;136.0;362.0;0.0;72.0;185.0;87.0;149.0;255.0;281.0;47.0;456.0;475.0;140.0;454.0;225.0;135.0;628.0;164.0;105.0;49.0;143.0;61.0;151.0;481.0;149.0;146.0;572.0;80.0;549.0;213.0;165.0;327.0;100.0;60.0;628.0;60.0;79.0;170.0;61.0;95.0;190.0;462.0;531.0;154.0;3.0;63.0;490.0;122.0;212.0;36.0;171.0;76.0;125.0;85.0;545.0;164.0;128.0;269.0;180.0;103.0;520.0;478.0;163.0;459.0;376.0;100.0;126.0;101.0;38.0;441.0;268.0;164.0;172.0;118.0;38.0;100.0;250.0;103.0;126.0;383.0;522.0;134.0;113.0;30.0;42.0;466.0;100.0;114.0;138.0;142.0;182.0;121.0;285.0;131.0;93.0;116.0;547.0;89.0;5.0;379.0;373.0;101.0;796.0;610.0;162.0;393.0;96.0;421.0;152.0;186.0;145.0;151.0;128.0;269.0;462.0;594.0;509.0;449.0;146.0;313.0;57.0;169.0;26.0;84.0;465.0;353.0;420.0;80.0;610.0;175.0;434.0;184.0;153.0;103.0;31.0;128.0;446.0;214.0;108.0;123.0;94.0;124.0;127.0;48.0;80.0;126.0;490.0;82.0;41.0;45.0;157.0;195.0;213.0;430.0;227.0;145.0;148.0;505.0;168.0;170.0;361.0;143.0;480.0;282.0;126.0;437.0;112.0;455.0;446.0;513.0;195.0;53.0;263.0;13.0;60.0;116.0;107.0;181.0;74.0;509.0;113.0;516.0;130.0;49.0;161.0;603.0;195.0
6;960.0;429.0;12.0;122.0;321.0;72.0;0.0;155.0;56.0;124.0;207.0;224.0;54.0;416.0;417.0;140.0;393.0;192.0;169.0;589.0;140.0;46.0;26.0;96.0;65.0;159.0;414.0;141.0;100.0;524.0;46.0;496.0;243.0;133.0;287.0;28.0;19.0;577.0;13.0;39.0;191.0;102.0;81.0;144.0;414.0;476.0;83.0;75.0;69.0;422.0;57.0;139.0;107.0;154.0;98.0;82.0;55.0;508.0;116.0;99.0;225.0;213.0;73.0;481.0;448.0;139.0;424.0;314.0;40.0;74.0;141.0;109.0;387.0;226.0;115.0;102.0;139.0;35.0;79.0;208.0;70.0;54.0;357.0;474.0;177.0;64.0;45.0;98.0;416.0;35.0;103.0;107.0;70.0;110.0;56.0;253.0;111.0;90.0;165.0;491.0;60.0;77.0;333.0;319.0;37.0;760.0;545.0;130.0;337.0;26.0;383.0;106.0;152.0;107.0;128.0;58.0;227.0;392.0;541.0;442.0;406.0;81.0;267.0;126.0;165.0;47.0;108.0;418.0;317.0;365.0;50.0;556.0;122.0;380.0;135.0;81.0;149.0;50.0;81.0;392.0;207.0;157.0;61.0;103.0;53.0;55.0;112.0;64.0;195.0;437.0;60.0;72.0;99.0;199.0;174.0;175.0;374.0;158.0;93.0;93.0;455.0;120.0;144.0;324.0;94.0;430.0;211.0;190.0;394.0;83.0;392.0;407.0;469.0;129.0;74.0;204.0;64.0;132.0;60.0;65.0;218.0;108.0;459.0;149.0;464.0;163.0;109.0;155.0;569.0;176.0
7;1067.0;534.0;167.0;53.0;450.0;185.0;155.0;0.0;103.0;36.0;334.0;131.0;201.0;540.0;506.0;70.0;474.0;41.0;144.0;713.0;23.0;114.0;172.0;64.0;216.0;314.0;467.0;54.0;241.0;632.0;201.0;594.0;172.0;23.0;417.0;155.0;171.0;680.0;163.0;194.0;125.0;148.0;90.0;281.0;527.0;572.0;173.0;185.0;122.0;473.0;116.0;186.0;213.0;31.0;123.0;74.0;105.0;635.0;254.0;58.0;93.0;158.0;85.0;605.0;584.0;24.0;554.0;398.0;120.0;87.0;147.0;212.0;487.0;358.0;58.0;134.0;111.0;170.0;234.0;72.0;224.0;164.0;202.0;584.0;165.0;210.0;180.0;169.0;524.0;177.0;72.0;49.0;166.0;156.0;118.0;394.0;54.0;245.0;173.0;583.0;100.0;186.0;453.0;425.0;179.0;886.0;605.0;25.0;435.0;164.0;512.0;56.0;298.0;49.0;34.0;136.0;90.0;433.0;638.0;498.0;528.0;113.0;135.0;236.0;61.0;176.0;122.0;531.0;450.0;466.0;111.0;650.0;68.0;482.0;56.0;159.0;287.0;156.0;226.0;491.0;72.0;169.0;196.0;256.0;136.0;146.0;184.0;219.0;250.0;538.0;215.0;146.0;166.0;172.0;26.0;33.0;472.0;151.0;76.0;227.0;561.0;54.0;16.0;457.0;70.0;537.0;264.0;306.0;514.0;236.0;465.0;533.0;588.0;116.0;134.0;123.0;188.0;229.0;100.0;90.0;174.0;137.0;566.0;294.0;568.0;138.0;177.0;57.0;697.0;32.0
8;1008.0;476.0;66.0;65.0;374.0;87.0;56.0;103.0;0.0;69.0;258.0;195.0;98.0;468.0;459.0;85.0;432.0;142.0;127.0;642.0;85.0;37.0;69.0;56.0;113.0;211.0;443.0;85.0;154.0;572.0;102.0;540.0;194.0;82.0;339.0;68.0;70.0;624.0;62.0;95.0;141.0;77.0;26.0;198.0;463.0;520.0;113.0;89.0;35.0;451.0;54.0;156.0;120.0;98.0;60.0;38.0;2.0;561.0;169.0;45.0;183.0;166.0;18.0;533.0;502.0;84.0;477.0;353.0;37.0;42.0;105.0;121.0;431.0;279.0;77.0;105.0;91.0;67.0;134.0;164.0;127.0;90.0;305.0;522.0;139.0;119.0;77.0;87.0;463.0;87.0;47.0;54.0;100.0;122.0;54.0;309.0;55.0;143.0;133.0;534.0;3.0;90.0;383.0;365.0;89.0;813.0;578.0;79.0;380.0;74.0;436.0;65.0;208.0;59.0;73.0;72.0;183.0;417.0;585.0;473.0;457.0;74.0;226.0;143.0;109.0;73.0;68.0;467.0;370.0;410.0;8.0;600.0;89.0;425.0;98.0;103.0;186.0;56.0;136.0;436.0;150.0;126.0;111.0;153.0;68.0;77.0;104.0;118.0;186.0;482.0;115.0;57.0;86.0;158.0;119.0;128.0;418.0;154.0;60.0;144.0;502.0;81.0;90.0;377.0;57.0;477.0;236.0;213.0;445.0;139.0;428.0;459.0;520.0;117.0;49.0;178.0;87.0;141.0;38.0;21.0;175.0;75.0;506.0;191.0;511.0;120.0;98.0;99.0;622.0;121.0
9;1055.0;521.0;135.0;21.0;430.0;149.0;124.0;36.0;69.0;0.0;313.0;156.0;167.0;522.0;498.0;47.0;467.0;77.0;120.0;696.0;16.0;87.0;139.0;47.0;182.0;281.0;467.0;34.0;216.0;619.0;170.0;583.0;163.0;21.0;396.0;128.0;139.0;669.0;131.0;163.0;110.0;113.0;54.0;257.0;512.0;562.0;156.0;149.0;86.0;474.0;94.0;179.0;177.0;32.0;88.0;48.0;71.0;616.0;229.0;25.0;126.0;143.0;52.0;587.0;562.0;15.0;534.0;390.0;92.0;64.0;117.0;176.0;475.0;336.0;53.0;124.0;84.0;136.0;203.0;106.0;194.0;141.0;236.0;570.0;140.0;183.0;145.0;133.0;510.0;149.0;37.0;20.0;146.0;146.0;95.0;370.0;18.0;212.0;144.0;574.0;66.0;150.0;436.0;411.0;151.0;868.0;604.0;19.0;423.0;136.0;492.0;43.0;271.0;27.0;4.0;115.0;124.0;435.0;628.0;497.0;510.0;98.0;169.0;200.0;54.0;140.0;88.0;516.0;429.0;454.0;77.0;641.0;68.0;470.0;64.0;142.0;251.0;121.0;199.0;479.0;86.0;140.0;170.0;223.0;114.0;124.0;149.0;187.0;217.0;526.0;184.0;110.0;131.0;150.0;50.0;67.0;461.0;154.0;61.0;203.0;548.0;52.0;21.0;435.0;53.0;524.0;260.0;270.0;497.0;207.0;460.0;514.0;571.0;116.0;98.0;145.0;152.0;193.0;75.0;60.0;157.0;103.0;552.0;258.0;556.0;114.0;141.0;45.0;678.0;52.0
10;753.0;226.0;203.0;319.0;117.0;255.0;207.0;334.0;258.0;313.0;0.0;327.0;208.0;209.0;226.0;342.0;213.0;358.0;376.0;383.0;327.0;228.0;214.0;270.0;197.0;171.0;265.0;340.0;110.0;318.0;176.0;294.0;450.0;313.0;83.0;190.0;205.0;373.0;211.0;179.0;398.0;305.0;285.0;65.0;208.0;277.0;160.0;258.0;276.0;276.0;220.0;172.0;277.0;345.0;305.0;266.0;258.0;303.0;92.0;291.0;364.0;420.0;270.0;274.0;251.0;326.0;221.0;144.0;224.0;250.0;346.0;280.0;188.0;29.0;277.0;206.0;346.0;225.0;157.0;356.0;152.0;172.0;515.0;268.0;382.0;145.0;227.0;294.0;211.0;173.0;304.0;294.0;168.0;187.0;218.0;77.0;307.0;173.0;367.0;294.0;261.0;260.0;126.0;120.0;171.0;555.0;374.0;310.0;143.0;185.0;179.0;278.0;77.0;288.0;318.0;199.0;371.0;266.0;339.0;287.0;199.0;221.0;394.0;281.0;364.0;233.0;315.0;211.0;117.0;167.0;254.0;356.0;272.0;180.0;288.0;175.0;247.0;250.0;129.0;193.0;399.0;360.0;148.0;183.0;200.0;189.0;303.0;176.0;374.0;236.0;173.0;275.0;297.0;404.0;358.0;338.0;179.0;228.0;258.0;115.0;250.0;282.0;329.0;123.0;264.0;225.0;151.0;309.0;186.0;144.0;222.0;201.0;262.0;237.0;280.0;307.0;242.0;298.0;238.0;257.0;425.0;314.0;254.0;225.0;261.0;370.0;303.0;354.0;365.0;363.0
11;1006.0;486.0;236.0;177.0;435.0;281.0;224.0;131.0;195.0;156.0;327.0;0.0;278.0;513.0;446.0;200.0;408.0;108.0;274.0;679.0;150.0;179.0;249.0;139.0;288.0;372.0;380.0;184.0;270.0;583.0;261.0;536.0;299.0;135.0;406.0;207.0;242.0;624.0;236.0;254.0;255.0;263.0;197.0;295.0;487.0;514.0;186.0;283.0;227.0;384.0;166.0;156.0;315.0;162.0;239.0;157.0;197.0;608.0;274.0;164.0;62.0;288.0;181.0;574.0;571.0;151.0;534.0;342.0;185.0;155.0;273.0;316.0;438.0;356.0;118.0;136.0;239.0;253.0;288.0;73.0;274.0;197.0;202.0;539.0;295.0;252.0;264.0;279.0;480.0;225.0;189.0;153.0;188.0;147.0;168.0;401.0;171.0;307.0;300.0;521.0;193.0;284.0;426.0;386.0;226.0;849.0;517.0;137.0;388.0;217.0;493.0;132.0;321.0;144.0;157.0;173.0;72.0;340.0;577.0;410.0;498.0;145.0;70.0;338.0;191.0;262.0;242.0;492.0;440.0;419.0;202.0;586.0;106.0;435.0;98.0;173.0;373.0;250.0;263.0;440.0;185.0;295.0;230.0;323.0;176.0;182.0;296.0;282.0;372.0;486.0;276.0;251.0;278.0;303.0;147.0;100.0;421.0;99.0;136.0;251.0;513.0;115.0;145.0;446.0;138.0;491.0;205.0;407.0;484.0;285.0;393.0;509.0;551.0;101.0;241.0;21.0;279.0;336.0;166.0;174.0;305.0;255.0;518.0;372.0;517.0;268.0;289.0;187.0;669.0;154.0
12;958.0;434.0;42.0;160.0;315.0;47.0;54.0;201.0;98.0;167.0;208.0;278.0;0.0;409.0;430.0;171.0;410.0;240.0;178.0;581.0;183.0;99.0;30.0;147.0;17.0;115.0;441.0;176.0;101.0;525.0;36.0;503.0;256.0;179.0;280.0;76.0;36.0;581.0;42.0;38.0;210.0;104.0;116.0;143.0;415.0;484.0;124.0;50.0;90.0;450.0;112.0;184.0;71.0;194.0;113.0;131.0;96.0;498.0;119.0;143.0;277.0;224.0;116.0;473.0;432.0;182.0;413.0;333.0;93.0;126.0;145.0;74.0;395.0;221.0;167.0;154.0;157.0;31.0;53.0;260.0;57.0;97.0;403.0;475.0;179.0;70.0;25.0;88.0;419.0;67.0;138.0;152.0;113.0;159.0;110.0;239.0;151.0;49.0;162.0;501.0;101.0;51.0;332.0;326.0;67.0;750.0;567.0;176.0;347.0;68.0;374.0;157.0;140.0;155.0;170.0;110.0;278.0;424.0;548.0;468.0;402.0;135.0;319.0;83.0;199.0;31.0;122.0;418.0;307.0;374.0;90.0;564.0;175.0;388.0;188.0;127.0;95.0;53.0;83.0;400.0;243.0;155.0;84.0;56.0;106.0;105.0;95.0;33.0;169.0;444.0;35.0;77.0;91.0;203.0;216.0;225.0;385.0;210.0;145.0;104.0;459.0;172.0;188.0;314.0;146.0;433.0;247.0;140.0;390.0;65.0;412.0;399.0;466.0;183.0;86.0;258.0;34.0;95.0;113.0;114.0;226.0;115.0;462.0;95.0;469.0;173.0;96.0;190.0;557.0;218.0
13;550.0;90.0;410.0;528.0;95.0;456.0;416.0;540.0;468.0;522.0;209.0;513.0;409.0;0.0;147.0;552.0;176.0;562.0;583.0;174.0;535.0;437.0;419.0;478.0;395.0;336.0;263.0;549.0;316.0;130.0;381.0;141.0;659.0;520.0;130.0;400.0;411.0;188.0;418.0;384.0;607.0;511.0;494.0;271.0;56.0;138.0;367.0;459.0;484.0;272.0;428.0;364.0;472.0;553.0;512.0;474.0;467.0;95.0;299.0;500.0;559.0;628.0;479.0;65.0;78.0;535.0;34.0;190.0;433.0;458.0;552.0;476.0;110.0;190.0;483.0;409.0;554.0;430.0;356.0;554.0;355.0;381.0;711.0;87.0;587.0;353.0;431.0;497.0;75.0;382.0;513.0;502.0;376.0;388.0;427.0;175.0;516.0;367.0;571.0;158.0;470.0;461.0;88.0;130.0;380.0;346.0;291.0;518.0;138.0;394.0;39.0;485.0;270.0;496.0;526.0;407.0;567.0;297.0;175.0;264.0;18.0;427.0;583.0;471.0;573.0;437.0;522.0;53.0;104.0;116.0;463.0;194.0;476.0;106.0;491.0;382.0;422.0;456.0;335.0;113.0;608.0;564.0;357.0;372.0;408.0;398.0;504.0;377.0;567.0;107.0;375.0;481.0;500.0;610.0;565.0;542.0;124.0;418.0;465.0;324.0;91.0;487.0;536.0;97.0;471.0;79.0;310.0;481.0;30.0;344.0;202.0;13.0;60.0;436.0;487.0;495.0;443.0;491.0;447.0;466.0;632.0;520.0;91.0;398.0;104.0;577.0;505.0;563.0;157.0;570.0
14;562.0;63.0;416.0;509.0;170.0;475.0;417.0;506.0;459.0;498.0;226.0;446.0;430.0;147.0;0.0;536.0;40.0;518.0;584.0;254.0;508.0;423.0;429.0;451.0;420.0;392.0;120.0;529.0;329.0;142.0;395.0;91.0;652.0;490.0;187.0;394.0;419.0;178.0;423.0;396.0;598.0;519.0;484.0;289.0;92.0;68.0;347.0;478.0;484.0;128.0;409.0;320.0;500.0;527.0;513.0;453.0;459.0;208.0;311.0;479.0;501.0;625.0;466.0;174.0;225.0;507.0;182.0;108.0;421.0;437.0;557.0;503.0;47.0;225.0;449.0;374.0;550.0;441.0;381.0;501.0;373.0;369.0;648.0;109.0;594.0;362.0;446.0;512.0;73.0;382.0;500.0;479.0;358.0;352.0;408.0;242.0;496.0;398.0;582.0;77.0;461.0;480.0;132.0;107.0;380.0;413.0;159.0;488.0;83.0;391.0;166.0;455.0;303.0;470.0;502.0;389.0;510.0;160.0;132.0;117.0;131.0;400.0;515.0;506.0;552.0;451.0;523.0;96.0;190.0;62.0;456.0;144.0;439.0;55.0;452.0;358.0;472.0;465.0;347.0;42.0;578.0;574.0;356.0;409.0;391.0;381.0;522.0;399.0;598.0;51.0;395.0;489.0;513.0;615.0;532.0;499.0;48.0;363.0;437.0;328.0;82.0;453.0;507.0;186.0;444.0;73.0;245.0;534.0;125.0;367.0;64.0;155.0;140.0;392.0;491.0;431.0;462.0;522.0;429.0;450.0;633.0;525.0;86.0;450.0;80.0;577.0;521.0;542.0;258.0;539.0
15;1090.0;557.0;148.0;28.0;458.0;140.0;140.0;70.0;85.0;47.0;342.0;200.0;171.0;552.0;536.0;0.0;507.0;106.0;74.0;726.0;49.0;115.0;146.0;89.0;187.0;286.0;511.0;16.0;238.0;653.0;183.0;620.0;118.0;66.0;424.0;152.0;150.0;705.0;142.0;177.0;64.0;89.0;59.0;282.0;545.0;600.0;190.0;140.0;81.0;518.0;127.0;222.0;161.0;42.0;66.0;83.0;85.0;645.0;254.0;58.0;162.0;96.0;72.0;617.0;587.0;49.0;561.0;429.0;118.0;100.0;79.0;160.0;511.0;363.0;100.0;166.0;42.0;140.0;215.0;141.0;209.0;171.0;246.0;604.0;95.0;203.0;147.0;113.0;545.0;171.0;38.0;61.0;179.0;188.0;128.0;393.0;41.0;219.0;103.0;612.0;82.0;140.0;467.0;446.0;173.0;897.0;648.0;65.0;460.0;159.0;520.0;89.0;292.0;72.0;45.0;148.0;158.0;480.0;665.0;541.0;541.0;137.0;203.0;183.0;29.0;141.0;62.0;549.0;455.0;490.0;90.0;679.0;115.0;506.0;111.0;178.0;242.0;118.0;221.0;516.0;74.0;100.0;195.0;227.0;146.0;156.0;126.0;197.0;182.0;562.0;195.0;99.0;110.0;104.0;65.0;103.0;498.0;201.0;103.0;229.0;583.0;99.0;55.0;462.0;96.0;558.0;303.0;250.0;528.0;222.0;501.0;543.0;603.0;162.0;88.0;190.0;148.0;172.0;107.0;87.0;110.0;76.0;587.0;254.0;592.0;68.0;118.0;22.0;706.0;62.0
16;598.0;99.0;393.0;480.0;179.0;454.0;393.0;474.0;432.0;467.0;213.0;408.0;410.0;176.0;40.0;507.0;0.0;484.0;558.0;294.0;477.0;396.0;407.0;421.0;401.0;383.0;87.0;500.0;310.0;182.0;375.0;129.0;624.0;458.0;189.0;369.0;397.0;216.0;400.0;375.0;570.0;495.0;457.0;272.0;123.0;107.0;319.0;457.0;459.0;96.0;381.0;288.0;481.0;496.0;488.0;424.0;432.0;245.0;292.0;450.0;465.0;597.0;438.0;211.0;254.0;476.0;210.0;79.0;394.0;407.0;533.0;484.0;67.0;217.0;418.0;343.0;523.0;419.0;363.0;466.0;354.0;343.0;610.0;149.0;569.0;341.0;424.0;489.0;106.0;358.0;471.0;449.0;331.0;321.0;380.0;241.0;467.0;382.0;558.0;113.0;434.0;459.0;141.0;102.0;357.0;453.0;162.0;457.0;74.0;367.0;188.0;425.0;290.0;440.0;471.0;361.0;474.0;123.0;169.0;92.0;159.0;370.0;478.0;489.0;521.0;429.0;497.0;127.0;199.0;69.0;430.0;178.0;407.0;72.0;419.0;330.0;460.0;442.0;327.0;63.0;546.0;550.0;333.0;394.0;364.0;354.0;501.0;380.0;579.0;90.0;376.0;465.0;491.0;589.0;500.0;465.0;56.0;329.0;406.0;306.0;121.0;421.0;476.0;197.0;414.0;109.0;211.0;521.0;150.0;349.0;26.0;182.0;177.0;359.0;466.0;395.0;441.0;504.0;401.0;422.0;606.0;500.0;125.0;438.0;120.0;551.0;499.0;512.0;297.0;507.0
17;1080.0;549.0;204.0;93.0;474.0;225.0;192.0;41.0;142.0;77.0;358.0;108.0;240.0;562.0;518.0;106.0;484.0;0.0;177.0;733.0;63.0;149.0;211.0;97.0;255.0;351.0;470.0;91.0;273.0;648.0;237.0;607.0;192.0;61.0;441.0;189.0;209.0;694.0;201.0;230.0;151.0;188.0;130.0;310.0;545.0;585.0;199.0;226.0;163.0;475.0;147.0;200.0;254.0;64.0;163.0;110.0;145.0;657.0;283.0;98.0;57.0;184.0;124.0;626.0;609.0;64.0;577.0;410.0;155.0;120.0;185.0;253.0;502.0;384.0;83.0;153.0;148.0;210.0;270.0;38.0;259.0;194.0;165.0;601.0;199.0;244.0;220.0;209.0;541.0;210.0;113.0;88.0;193.0;174.0;149.0;423.0;95.0;282.0;209.0;595.0;140.0;227.0;474.0;442.0;212.0;906.0;608.0;64.0;450.0;198.0;535.0;87.0;329.0;85.0;75.0;165.0;52.0;433.0;650.0;500.0;548.0;139.0;97.0;277.0;89.0;215.0;162.0;549.0;475.0;482.0;150.0;661.0;86.0;498.0;71.0;183.0;327.0;196.0;259.0;506.0;77.0;206.0;227.0;294.0;166.0;175.0;225.0;256.0;288.0;552.0;252.0;187.0;207.0;203.0;43.0;20.0;487.0;155.0;105.0;257.0;577.0;78.0;57.0;482.0;101.0;553.0;273.0;347.0;535.0;271.0;473.0;555.0;607.0;127.0;175.0;107.0;228.0;269.0;134.0;127.0;201.0;177.0;581.0;333.0;583.0;172.0;217.0;88.0;719.0;48.0
18;1129.0;598.0;173.0;99.0;489.0;135.0;169.0;144.0;127.0;120.0;376.0;274.0;178.0;583.0;584.0;74.0;558.0;177.0;0.0;756.0;124.0;163.0;164.0;155.0;194.0;285.0;570.0;90.0;267.0;693.0;203.0;665.0;78.0;140.0;454.0;191.0;172.0;747.0;166.0;199.0;43.0;75.0;104.0;312.0;584.0;645.0;239.0;133.0;101.0;577.0;180.0;281.0;139.0;114.0;72.0;144.0;127.0;674.0;285.0;122.0;234.0;46.0;124.0;648.0;610.0;123.0;589.0;479.0;164.0;159.0;34.0;136.0;555.0;393.0;170.0;227.0;38.0;154.0;231.0;214.0;230.0;215.0;297.0;643.0;22.0;231.0;155.0;94.0;585.0;205.0;95.0;129.0;227.0;246.0;180.0;416.0;109.0;227.0;38.0;659.0;125.0;132.0;502.0;488.0;207.0;926.0;705.0;139.0;505.0;194.0;549.0;157.0;315.0;141.0;118.0;199.0;229.0;542.0;710.0;600.0;574.0;196.0;274.0;156.0;89.0;148.0;62.0;587.0;482.0;534.0;128.0;725.0;185.0;549.0;184.0;230.0;222.0;128.0;248.0;560.0;123.0;39.0;231.0;229.0;195.0;204.0;97.0;210.0;120.0;606.0;211.0;103.0;91.0;32.0;135.0;177.0;543.0;268.0;168.0;262.0;624.0;170.0;129.0;490.0;161.0;599.0;362.0;212.0;562.0;241.0;555.0;574.0;638.0;229.0;97.0;264.0;147.0;138.0;161.0;140.0;49.0;64.0;628.0;240.0;634.0;7.0;92.0;89.0;734.0;130.0
19;386.0;198.0;584.0;702.0;268.0;628.0;589.0;713.0;642.0;696.0;383.0;679.0;581.0;174.0;254.0;726.0;294.0;733.0;756.0;0.0;709.0;611.0;592.0;651.0;566.0;498.0;368.0;723.0;490.0;118.0;553.0;177.0;832.0;693.0;303.0;574.0;584.0;128.0;591.0;557.0;780.0;683.0;668.0;445.0;192.0;195.0;540.0;630.0;657.0;373.0;602.0;534.0;641.0;727.0;686.0;648.0;641.0;83.0;473.0;673.0;728.0;801.0;653.0;109.0;160.0;708.0;168.0;341.0;607.0;632.0;724.0;645.0;245.0;364.0;655.0;581.0;728.0;603.0;528.0;724.0;527.0;555.0;879.0;145.0;760.0;526.0;603.0;669.0;200.0;556.0;687.0;676.0;549.0;559.0;601.0;343.0;690.0;536.0;743.0;202.0;644.0;632.0;260.0;293.0;553.0;172.0;325.0;691.0;291.0;567.0;207.0;658.0;442.0;670.0;700.0;581.0;736.0;412.0;165.0;355.0;186.0;601.0;749.0;638.0;747.0;609.0;696.0;187.0;274.0;261.0;637.0;176.0;648.0;246.0;663.0;555.0;585.0;628.0;508.0;243.0;781.0;736.0;531.0;540.0;582.0;572.0;674.0;548.0;733.0;204.0;547.0;654.0;671.0;783.0;738.0;713.0;262.0;586.0;638.0;497.0;173.0;660.0;710.0;267.0;645.0;191.0;473.0;640.0;199.0;516.0;318.0;183.0;128.0;607.0;660.0;661.0;614.0;658.0;621.0;640.0;805.0;693.0;169.0;560.0;174.0;750.0;676.0;737.0;38.0;744.0
20;1066.0;533.0;151.0;30.0;444.0;164.0;140.0;23.0;85.0;16.0;327.0;150.0;183.0;535.0;508.0;49.0;477.0;63.0;124.0;709.0;0.0;102.0;155.0;58.0;198.0;297.0;474.0;34.0;231.0;631.0;186.0;594.0;159.0;19.0;410.0;143.0;155.0;680.0;147.0;179.0;108.0;125.0;69.0;272.0;524.0;573.0;168.0;164.0;101.0;480.0;107.0;188.0;191.0;19.0;100.0;62.0;87.0;630.0;244.0;41.0;115.0;142.0;68.0;600.0;576.0;1.0;548.0;400.0;107.0;77.0;125.0;191.0;487.0;351.0;60.0;134.0;90.0;152.0;219.0;95.0;210.0;156.0;220.0;582.0;144.0;198.0;161.0;146.0;522.0;164.0;50.0;34.0;160.0;156.0;109.0;385.0;33.0;228.0;151.0;585.0;82.0;165.0;449.0;423.0;167.0;881.0;612.0;20.0;435.0;152.0;506.0;52.0;287.0;39.0;13.0;128.0;112.0;441.0;638.0;504.0;523.0;109.0;158.0;215.0;47.0;156.0;99.0;528.0;443.0;465.0;93.0;651.0;73.0;481.0;65.0;154.0;266.0;136.0;215.0;491.0;72.0;147.0;185.0;239.0;127.0;138.0;162.0;203.0;227.0;537.0;200.0;125.0;144.0;153.0;34.0;56.0;472.0;159.0;72.0;218.0;560.0;57.0;6.0;450.0;64.0;535.0;268.0;284.0;510.0;222.0;469.0;528.0;584.0;122.0;113.0;141.0;168.0;206.0;90.0;75.0;157.0;114.0;564.0;274.0;568.0;118.0;154.0;40.0;692.0;37.0
21;975.0;442.0;58.0;91.0;344.0;105.0;46.0;114.0;37.0;87.0;228.0;179.0;99.0;437.0;423.0;115.0;396.0;149.0;163.0;611.0;102.0;0.0;69.0;52.0;111.0;203.0;407.0;112.0;128.0;538.0;89.0;506.0;229.0;92.0;310.0;41.0;64.0;590.0;57.0;82.0;175.0;111.0;61.0;170.0;430.0;485.0;77.0;107.0;69.0;415.0;19.0;120.0;141.0;119.0;96.0;40.0;37.0;531.0;142.0;63.0;179.0;202.0;43.0;502.0;475.0;102.0;448.0;317.0;6.0;29.0;142.0;142.0;397.0;250.0;70.0;71.0;127.0;74.0;121.0;163.0;110.0;56.0;314.0;489.0;176.0;96.0;85.0;117.0;430.0;62.0;77.0;68.0;65.0;86.0;18.0;283.0;79.0;135.0;169.0;499.0;38.0;109.0;352.0;331.0;65.0;783.0;542.0;89.0;346.0;50.0;406.0;62.0;184.0;66.0;91.0;35.0;182.0;381.0;551.0;436.0;426.0;42.0;221.0;162.0;136.0;84.0;105.0;434.0;342.0;375.0;37.0;565.0;76.0;391.0;89.0;66.0;193.0;75.0;113.0;401.0;173.0;162.0;83.0;148.0;32.0;42.0;133.0;109.0;217.0;448.0;104.0;86.0;117.0;195.0;135.0;131.0;384.0;124.0;47.0;116.0;468.0;75.0;105.0;349.0;49.0;443.0;199.0;229.0;413.0;122.0;391.0;429.0;488.0;90.0;81.0;161.0;100.0;164.0;15.0;29.0;211.0;111.0;472.0;194.0;477.0;156.0;128.0;126.0;592.0;139.0
22;966.0;438.0;17.0;133.0;325.0;49.0;26.0;172.0;69.0;139.0;214.0;249.0;30.0;419.0;429.0;146.0;407.0;211.0;164.0;592.0;155.0;69.0;0.0;117.0;44.0;142.0;432.0;150.0;104.0;531.0;39.0;506.0;240.0;150.0;290.0;52.0;11.0;586.0;13.0;35.0;191.0;92.0;90.0;149.0;421.0;487.0;106.0;52.0;68.0;441.0;83.0;164.0;83.0;167.0;94.0;101.0;67.0;510.0;122.0;114.0;247.0;209.0;87.0;484.0;447.0;154.0;425.0;329.0;64.0;96.0;133.0;85.0;397.0;229.0;137.0;129.0;138.0;12.0;69.0;230.0;66.0;77.0;374.0;481.0;168.0;68.0;20.0;82.0;424.0;51.0;112.0;123.0;93.0;136.0;81.0;252.0;124.0;74.0;154.0;502.0;72.0;54.0;339.0;329.0;52.0;762.0;562.0;147.0;348.0;47.0;385.0;127.0;151.0;126.0;142.0;84.0;248.0;413.0;551.0;460.0;411.0;107.0;289.0;101.0;174.0;23.0;104.0;425.0;318.0;375.0;61.0;566.0;145.0;390.0;157.0;105.0;124.0;36.0;85.0;402.0;217.0;146.0;75.0;84.0;80.0;80.0;94.0;50.0;175.0;447.0;49.0;62.0;84.0;191.0;188.0;195.0;386.0;185.0;116.0;102.0;463.0;142.0;159.0;326.0;116.0;438.0;232.0;164.0;399.0;77.0;407.0;410.0;475.0;155.0;68.0;229.0;39.0;108.0;83.0;84.0;213.0;101.0;467.0;125.0;473.0;158.0;92.0;164.0;570.0;190.0
23;1009.0;475.0;109.0;61.0;387.0;143.0;96.0;64.0;56.0;47.0;270.0;139.0;147.0;478.0;451.0;89.0;421.0;97.0;155.0;651.0;58.0;52.0;117.0;0.0;161.0;255.0;421.0;79.0;177.0;573.0;141.0;537.0;207.0;43.0;353.0;92.0;114.0;622.0;107.0;134.0;154.0;126.0;60.0;216.0;466.0;516.0;111.0;144.0;88.0;428.0;51.0;133.0;176.0;77.0;104.0;18.0;58.0;572.0;189.0;33.0;129.0;185.0;42.0;542.0;520.0;57.0;491.0;343.0;58.0;23.0;144.0;176.0;429.0;294.0;21.0;78.0;117.0;119.0;173.0;112.0;162.0;100.0;262.0;524.0;173.0;147.0;130.0;140.0;464.0;113.0;60.0;28.0;102.0;100.0;53.0;330.0;49.0;186.0;172.0;528.0;54.0;145.0;391.0;365.0;116.0;823.0;559.0;40.0;377.0;101.0;449.0;10.0;233.0;19.0;51.0;71.0;131.0;391.0;581.0;452.0;465.0;51.0;172.0;199.0;101.0;127.0;109.0;470.0;386.0;408.0;63.0;594.0;34.0;424.0;42.0;96.0;239.0;112.0;163.0;433.0;130.0;166.0;131.0;199.0;71.0;81.0;158.0;160.0;236.0;480.0;156.0;112.0;139.0;187.0;88.0;79.0;414.0;113.0;14.0;163.0;502.0;25.0;59.0;393.0;7.0;477.0;214.0;268.0;452.0;174.0;413.0;470.0;526.0;74.0;102.0;123.0;142.0;196.0;37.0;35.0;198.0;120.0;506.0;242.0;510.0;148.0;151.0;92.0;634.0;93.0
24;945.0;422.0;53.0;176.0;301.0;61.0;65.0;216.0;113.0;182.0;197.0;288.0;17.0;395.0;420.0;187.0;401.0;255.0;194.0;566.0;198.0;111.0;44.0;161.0;0.0;99.0;435.0;192.0;91.0;512.0;34.0;491.0;272.0;194.0;266.0;83.0;47.0;568.0;54.0;38.0;226.0;120.0;132.0;132.0;403.0;473.0;127.0;64.0;107.0;444.0;122.0;186.0;80.0;210.0;129.0;145.0;111.0;483.0;109.0;158.0;290.0;240.0;131.0;459.0;417.0;197.0;398.0;324.0;105.0;139.0;161.0;83.0;384.0;208.0;180.0;161.0;173.0;47.0;40.0;273.0;47.0;101.0;418.0;462.0;195.0;65.0;41.0;103.0;407.0;70.0;154.0;167.0;116.0;163.0;120.0;224.0;167.0;33.0;177.0;490.0;116.0;65.0;320.0;316.0;70.0;735.0;559.0;191.0;337.0;74.0;359.0;171.0;126.0;169.0;186.0;117.0;292.0;420.0;536.0;462.0;388.0;144.0;332.0;88.0;215.0;47.0;138.0;406.0;292.0;363.0;105.0;553.0;187.0;377.0;200.0;131.0;88.0;70.0;75.0;389.0;259.0;170.0;83.0;40.0;113.0;111.0;108.0;21.0;178.0;432.0;26.0;93.0;106.0;218.0;232.0;239.0;374.0;216.0;158.0;98.0;446.0;185.0;203.0;300.0;159.0;421.0;245.0;138.0;377.0;53.0;404.0;385.0;453.0;191.0;103.0;268.0;48.0;103.0;125.0;128.0;241.0;131.0;450.0;84.0;457.0;189.0;110.0;206.0;542.0;234.0
25;883.0;381.0;147.0;275.0;245.0;151.0;159.0;314.0;211.0;281.0;171.0;372.0;115.0;336.0;392.0;286.0;383.0;351.0;285.0;498.0;297.0;203.0;142.0;255.0;99.0;0.0;435.0;291.0;114.0;461.0;114.0;450.0;363.0;291.0;215.0;167.0;142.0;519.0;150.0;121.0;321.0;212.0;231.0;124.0;355.0;436.0;191.0;153.0;205.0;445.0;210.0;243.0;151.0;309.0;225.0;241.0;209.0;415.0;121.0;256.0;382.0;331.0;229.0;396.0;342.0;296.0;331.0;314.0;197.0;232.0;251.0;155.0;350.0;167.0;273.0;237.0;269.0;146.0;84.0;366.0;98.0;175.0;515.0;412.0;281.0;120.0;139.0;191.0;363.0;148.0;253.0;265.0;185.0;232.0;208.0;162.0;266.0;69.0;261.0;454.0;214.0;153.0;273.0;285.0;146.0;661.0;545.0;288.0;311.0;157.0;297.0;265.0;97.0;266.0;284.0;199.0;385.0;430.0;494.0;458.0;332.0;228.0;422.0;143.0;314.0;145.0;234.0;357.0;232.0;331.0;204.0;512.0;277.0;342.0;292.0;201.0;87.0;168.0;113.0;356.0;358.0;255.0;143.0;59.0;197.0;190.0;190.0;95.0;236.0;393.0;99.0;189.0;194.0;304.0;330.0;334.0;344.0;287.0;250.0;132.0;401.0;278.0;301.0;239.0;252.0;377.0;277.0;146.0;323.0;88.0;392.0;324.0;395.0;271.0;200.0;351.0;141.0;164.0;218.0;224.0;329.0;225.0;404.0;62.0;414.0;281.0;194.0;305.0;470.0;332.0
26;636.0;182.0;416.0;482.0;258.0;481.0;414.0;467.0;443.0;467.0;265.0;380.0;441.0;263.0;120.0;511.0;87.0;470.0;570.0;368.0;474.0;407.0;432.0;421.0;435.0;435.0;0.0;501.0;345.0;251.0;405.0;193.0;629.0;455.0;263.0;387.0;421.0;272.0;423.0;403.0;575.0;514.0;466.0;315.0;209.0;173.0;333.0;484.0;474.0;11.0;390.0;289.0;511.0;492.0;502.0;428.0;444.0;328.0;329.0;453.0;441.0;605.0;446.0;294.0;341.0;473.0;297.0;122.0;407.0;413.0;548.0;514.0;154.0;277.0;414.0;344.0;533.0;444.0;400.0;446.0;388.0;360.0;578.0;227.0;583.0;371.0;451.0;512.0;191.0;381.0;478.0;450.0;346.0;324.0;390.0;310.0;470.0;421.0;575.0;170.0;445.0;486.0;222.0;175.0;380.0;518.0;138.0;454.0;149.0;388.0;274.0;423.0;338.0;440.0;471.0;372.0;450.0;47.0;222.0;30.0;246.0;374.0;446.0;523.0;520.0;455.0;511.0;214.0;278.0;154.0;443.0;225.0;401.0;159.0;411.0;341.0;503.0;464.0;360.0;150.0;538.0;567.0;358.0;435.0;375.0;367.0;525.0;414.0;607.0;170.0;409.0;485.0;513.0;602.0;492.0;452.0;142.0;317.0;407.0;337.0;201.0;417.0;472.0;277.0;415.0;193.0;208.0;564.0;237.0;386.0;61.0;269.0;260.0;352.0;484.0;370.0;469.0;536.0;409.0;430.0;616.0;516.0;205.0;484.0;196.0;563.0;523.0;512.0;376.0;499.0
27;1085.0;551.0;150.0;21.0;456.0;149.0;141.0;54.0;85.0;34.0;340.0;184.0;176.0;549.0;529.0;16.0;500.0;91.0;90.0;723.0;34.0;112.0;150.0;79.0;192.0;291.0;501.0;0.0;238.0;648.0;185.0;614.0;128.0;51.0;422.0;150.0;153.0;699.0;145.0;179.0;76.0;102.0;61.0;281.0;541.0;593.0;185.0;149.0;87.0;508.0;122.0;213.0;172.0;26.0;77.0;76.0;86.0;643.0;253.0;50.0;146.0;109.0;70.0;614.0;586.0;34.0;559.0;422.0;116.0;93.0;94.0;171.0;506.0;361.0;88.0;157.0;57.0;145.0;218.0;126.0;211.0;168.0;235.0;600.0;111.0;203.0;152.0;124.0;540.0;170.0;39.0;51.0;175.0;179.0;123.0;393.0;33.0;224.0;119.0;606.0;81.0;149.0;463.0;441.0;173.0;895.0;638.0;51.0;454.0;158.0;518.0;77.0;292.0;61.0;31.0;143.0;142.0;469.0;659.0;531.0;537.0;129.0;187.0;195.0;24.0;147.0;74.0;545.0;453.0;484.0;91.0;672.0;102.0;500.0;97.0;172.0;251.0;125.0;221.0;510.0;67.0;115.0;194.0;232.0;141.0;152.0;138.0;200.0;197.0;557.0;198.0;108.0;122.0;119.0;51.0;88.0;492.0;189.0;94.0;227.0;578.0;86.0;39.0;460.0;86.0;553.0;294.0;263.0;525.0;224.0;493.0;541.0;599.0;150.0;96.0;175.0;155.0;184.0;102.0;83.0;124.0;89.0;582.0;262.0;586.0;84.0;131.0;14.0;704.0;48.0
28;862.0;335.0;94.0;218.0;222.0;146.0;100.0;241.0;154.0;216.0;110.0;270.0;101.0;316.0;329.0;238.0;310.0;273.0;267.0;490.0;231.0;128.0;104.0;177.0;91.0;114.0;345.0;238.0;0.0;427.0;67.0;403.0;342.0;219.0;187.0;88.0;95.0;482.0;101.0;69.0;291.0;196.0;180.0;45.0;317.0;384.0;84.0;149.0;167.0;355.0;126.0;130.0;171.0;247.0;196.0;169.0;153.0;408.0;18.0;191.0;291.0;311.0;168.0;381.0;349.0;230.0;324.0;233.0;124.0;155.0;236.0;174.0;294.0;126.0;189.0;134.0;238.0;115.0;54.0;279.0;44.0;79.0;436.0;377.0;272.0;36.0;118.0;185.0;320.0;67.0;200.0;196.0;83.0;124.0;124.0;155.0;206.0;77.0;258.0;400.0;157.0;151.0;235.0;226.0;65.0;661.0;468.0;216.0;247.0;80.0;283.0;186.0;56.0;193.0;220.0;108.0;296.0;333.0;448.0;372.0;307.0;136.0;328.0;179.0;262.0;124.0;206.0;321.0;217.0;273.0;148.0;464.0;189.0;288.0;205.0;97.0;161.0;140.0;19.0;300.0;301.0;250.0;46.0;92.0;107.0;98.0;194.0;70.0;269.0;344.0;66.0;166.0;187.0;295.0;264.0;253.0;284.0;178.0;167.0;19.0;360.0;195.0;233.0;224.0;172.0;334.0;167.0;220.0;295.0;41.0;313.0;307.0;371.0;169.0;171.0;249.0;133.0;194.0;141.0;156.0;316.0;204.0;363.0;145.0;370.0;261.0;194.0;252.0;469.0;267.0
29;437.0;98.0;520.0;628.0;216.0;572.0;524.0;632.0;572.0;619.0;318.0;583.0;525.0;130.0;142.0;653.0;182.0;648.0;693.0;118.0;631.0;538.0;531.0;573.0;512.0;461.0;251.0;648.0;427.0;0.0;494.0;59.0;765.0;614.0;248.0;504.0;522.0;58.0;528.0;496.0;712.0;623.0;598.0;383.0;110.0;78.0;464.0;575.0;592.0;256.0;527.0;448.0;591.0;649.0;622.0;572.0;571.0;109.0;409.0;598.0;635.0;736.0;581.0;93.0;172.0;630.0;149.0;241.0;536.0;556.0;663.0;595.0;146.0;305.0;574.0;498.0;662.0;543.0;473.0;634.0;469.0;483.0;785.0;50.0;699.0;463.0;545.0;612.0;109.0;489.0;616.0;599.0;474.0;476.0;526.0;299.0;615.0;486.0;685.0;84.0;574.0;577.0;193.0;208.0;487.0;271.0;213.0;612.0;197.0;500.0;169.0;578.0;387.0;592.0;623.0;506.0;644.0;296.0;57.0;237.0;130.0;522.0;653.0;593.0;672.0;551.0;631.0;107.0;230.0;166.0;568.0;75.0;565.0;150.0;579.0;477.0;547.0;568.0;446.0;143.0;702.0;677.0;463.0;493.0;508.0;497.0;620.0;493.0;688.0;97.0;490.0;593.0;614.0;722.0;658.0;628.0;162.0;495.0;559.0;431.0;71.0;578.0;631.0;223.0;566.0;95.0;378.0;607.0;138.0;460.0;205.0;143.0;71.0;520.0;597.0;567.0;559.0;611.0;546.0;567.0;742.0;631.0;67.0;523.0;65.0;687.0;620.0;662.0;134.0;664.0
30;928.0;401.0;35.0;167.0;286.0;80.0;46.0;201.0;102.0;170.0;176.0;261.0;36.0;381.0;395.0;183.0;375.0;237.0;203.0;553.0;186.0;89.0;39.0;141.0;34.0;114.0;405.0;185.0;67.0;494.0;0.0;469.0;279.0;178.0;251.0;54.0;33.0;549.0;41.0;7.0;230.0;130.0;125.0;111.0;384.0;451.0;93.0;83.0;106.0;414.0;96.0;152.0;107.0;200.0;133.0;127.0;100.0;471.0;85.0;145.0;268.0;248.0;118.0;445.0;408.0;185.0;386.0;297.0;83.0;118.0;171.0;110.0;361.0;191.0;159.0;130.0;176.0;49.0;33.0;252.0;27.0;69.0;402.0;444.0;207.0;34.0;51.0;118.0;387.0;38.0;147.0;152.0;83.0;131.0;94.0;214.0;157.0;47.0;191.0;467.0;105.0;85.0;301.0;293.0;37.0;723.0;531.0;176.0;313.0;44.0;346.0;151.0;112.0;153.0;173.0;88.0;270.0;388.0;515.0;432.0;372.0;116.0;309.0;119.0;209.0;57.0;143.0;387.0;280.0;340.0;94.0;531.0;163.0;354.0;177.0;98.0;120.0;75.0;48.0;367.0;252.0;184.0;49.0;62.0;85.0;81.0;127.0;21.0;204.0;411.0;15.0;100.0;120.0;229.0;220.0;220.0;350.0;185.0;136.0;68.0;426.0;163.0;190.0;287.0;138.0;401.0;212.0;171.0;361.0;39.0;376.0;371.0;436.0;162.0;107.0;241.0;67.0;131.0;104.0;111.0;251.0;139.0;430.0;114.0;437.0;197.0;127.0;200.0;531.0;222.0
