Vehicle:
Average speed:;1229
Time limit:;145.419
Fuel comsumption rate:;1
Fuel Capacity:;1833
Depot:
ID;X;Y;Service Time
0;500;500;0
Customers:
ID;X;Y;Service Time
1;300;71;7.68125
2;434;4;7.68125
3;257;798;7.68125
4;718;17;7.68125
5;879;206;7.68125
6;929;330;7.68125
7;353;793;7.68125
8;389;540;7.68125
9;202;55;7.68125
10;417;253;7.68125
11;921;572;7.68125
12;94;788;7.68125
13;870;327;7.68125
14;281;124;7.68125
15;411;288;7.68125
16;882;116;7.68125
17;307;240;7.68125
18;359;935;7.68125
19;352;858;7.68125
20;502;776;7.68125
21;269;33;7.68125
22;440;814;7.68125
23;850;461;7.68125
24;909;404;7.68125
25;339;458;7.68125
26;767;535;7.68125
27;86;47;7.68125
28;758;532;7.68125
29;426;282;7.68125
30;534;10;7.68125
31;826;830;7.68125
32;911;79;7.68125
33;270;791;7.68125
34;391;794;7.68125
35;908;787;7.68125
36;929;858;7.68125
37;938;281;7.68125
38;941;579;7.68125
39;752;162;7.68125
40;579;68;7.68125
41;323;570;7.68125
42;238;700;7.68125
43;853;970;7.68125
44;329;805;7.68125
45;651;486;7.68125
46;291;631;7.68125
47;286;481;7.68125
48;855;547;7.68125
49;972;378;7.68125
50;561;490;7.68125
51;205;741;7.68125
52;528;672;7.68125
53;664;605;7.68125
54;462;532;7.68125
55;340;54;7.68125
56;929;941;7.68125
57;936;46;7.68125
58;864;654;7.68125
59;501;495;7.68125
60;339;10;7.68125
61;324;595;7.68125
62;585;893;7.68125
63;73;401;7.68125
64;244;926;7.68125
65;190;659;7.68125
66;900;929;7.68125
67;525;878;7.68125
68;832;622;7.68125
69;228;662;7.68125
70;36;578;7.68125
71;897;292;7.68125
72;492;426;7.68125
73;958;546;7.68125
74;674;303;7.68125
75;312;781;7.68125
76;320;557;7.68125
77;226;264;7.68125
78;446;702;7.68125
79;470;746;7.68125
80;613;620;7.68125
81;710;289;7.68125
82;439;15;7.68125
83;148;352;7.68125
84;371;115;7.68125
85;414;108;7.68125
86;693;626;7.68125
87;703;31;7.68125
88;798;932;7.68125
89;294;172;7.68125
90;710;588;7.68125
91;701;370;7.68125
92;620;270;7.68125
93;632;147;7.68125
94;909;889;7.68125
95;745;985;7.68125
96;771;946;7.68125
97;248;178;7.68125
98;265;408;7.68125
99;808;699;7.68125
100;867;883;7.68125
101;725;58;7.68125
102;688;875;7.68125
103;546;149;7.68125
104;108;303;7.68125
105;401;225;7.68125
106;824;878;7.68125
107;336;115;7.68125
108;683;219;7.68125
109;428;19;7.68125
110;407;68;7.68125
111;691;745;7.68125
112;624;46;7.68125
113;6;539;7.68125
114;652;923;7.68125
115;513;262;7.68125
116;639;753;7.68125
117;112;114;7.68125
118;478;46;7.68125
119;440;219;7.68125
120;780;270;7.68125
121;426;121;7.68125
122;354;105;7.68125
123;885;963;7.68125
124;403;32;7.68125
125;617;230;7.68125
126;370;169;7.68125
127;403;386;7.68125
128;392;52;7.68125
129;769;967;7.68125
130;811;683;7.68125
131;968;26;7.68125
132;644;82;7.68125
133;339;122;7.68125
134;413;22;7.68125
135;459;198;7.68125
136;643;391;7.68125
137;733;200;7.68125
138;348;158;7.68125
139;361;229;7.68125
140;726;749;7.68125
141;480;250;7.68125
142;837;983;7.68125
143;384;134;7.68125
144;427;197;7.68125
145;731;579;7.68125
146;741;135;7.68125
147;442;105;7.68125
148;421;23;7.68125
149;315;178;7.68125
150;676;530;7.68125
151;729;107;7.68125
152;668;471;7.68125
153;391;79;7.68125
154;715;728;7.68125
155;592;325;7.68125
156;542;296;7.68125
157;607;43;7.68125
158;727;283;7.68125
159;449;102;7.68125
160;394;101;7.68125
AFSs:
ID;X;Y;Service Time
161;223;283;1229
Distance matrix:
;0;1;2;3;4;5;6;7;8;9;10;11;12;13;14;15;16;17;18;19;20;21;22;23;24;25;26;27;28;29;30;31;32;33;34;35;36;37;38;39;40;41;42;43;44;45;46;47;48;49;50;51;52;53;54;55;56;57;58;59;60;61;62;63;64;65;66;67;68;69;70;71;72;73;74;75;76;77;78;79;80;81;82;83;84;85;86;87;88;89;90;91;92;93;94;95;96;97;98;99;100;101;102;103;104;105;106;107;108;109;110;111;112;113;114;115;116;117;118;119;120;121;122;123;124;125;126;127;128;129;130;131;132;133;134;135;136;137;138;139;140;141;142;143;144;145;146;147;148;149;150;151;152;153;154;155;156;157;158;159;160;161
0;0.0;473.0;500.0;385.0;530.0;480.0;461.0;328.0;118.0;536.0;261.0;427.0;498.0;408.0;435.0;230.0;542.0;324.0;457.0;387.0;276.0;521.0;320.0;352.0;420.0;166.0;269.0;614.0;260.0;230.0;491.0;464.0;588.0;371.0;314.0;499.0;559.0;490.0;448.0;422.0;439.0;190.0;330.0;588.0;350.0;152.0;247.0;215.0;358.0;488.0;62.0;381.0;174.0;195.0;50.0;474.0;615.0;629.0;395.0;5.0;516.0;200.0;402.0;438.0;497.0;348.0;587.0;379.0;354.0;317.0;471.0;448.0;74.0;460.0;263.0;338.0;189.0;362.0;209.0;248.0;165.0;298.0;489.0;382.0;406.0;401.0;230.0;511.0;525.0;387.0;228.0;239.0;259.0;377.0;564.0;543.0;522.0;409.0;252.0;367.0;530.0;496.0;419.0;354.0;439.0;292.0;498.0;418.0;335.0;486.0;442.0;311.0;471.0;496.0;449.0;238.0;289.0;547.0;455.0;287.0;362.0;386.0;421.0;602.0;478.0;294.0;356.0;150.0;461.0;539.0;361.0;666.0;442.0;411.0;486.0;305.0;180.0;380.0;374.0;305.0;336.0;251.0;589.0;384.0;312.0;244.0;437.0;399.0;483.0;371.0;179.0;455.0;170.0;435.0;313.0;198.0;208.0;469.0;314.0;401.0;413.0;352.0
1;473.0;0.0;150.0;728.0;421.0;595.0;680.0;724.0;477.0;99.0;216.0;798.0;746.0;625.0;56.0;244.0;584.0;169.0;866.0;789.0;733.0;49.0;756.0;674.0;694.0;389.0;658.0;215.0;650.0;246.0;242.0;923.0;611.0;721.0;729.0;939.0;1007.0;672.0;818.0;461.0;279.0;500.0;632.0;1055.0;735.0;544.0;560.0;410.0;731.0;739.0;494.0;677.0;643.0;646.0;489.0;43.0;1074.0;636.0;811.0;469.0;72.0;525.0;870.0;401.0;857.0;598.0;1047.0;838.0;766.0;595.0;572.0;637.0;404.0;812.0;440.0;710.0;486.0;207.0;648.0;696.0;632.0;464.0;150.0;319.0;84.0;120.0;680.0;405.0;995.0;101.0;660.0;500.0;377.0;341.0;1020.0;1017.0;994.0;119.0;339.0;808.0;990.0;425.0;893.0;258.0;301.0;184.0;962.0;57.0;411.0;138.0;107.0;779.0;325.0;553.0;922.0;286.0;762.0;193.0;180.0;204.0;520.0;136.0;64.0;1067.0;110.0;355.0;120.0;331.0;94.0;1011.0;797.0;670.0;344.0;64.0;123.0;203.0;469.0;452.0;99.0;169.0;801.0;254.0;1058.0;105.0;179.0;666.0;446.0;146.0;130.0;108.0;593.0;431.0;544.0;91.0;777.0;387.0;330.0;308.0;477.0;152.0;99.0;226.0
2;500.0;150.0;0.0;813.0;284.0;489.0;593.0;793.0;538.0;238.0;250.0;748.0;855.0;543.0;194.0;285.0;462.0;268.0;934.0;858.0;775.0;168.0;810.0;618.0;621.0;464.0;627.0;351.0;619.0;278.0;100.0;914.0;483.0;804.0;791.0;915.0;987.0;575.0;767.0;355.0;158.0;577.0;723.0;1053.0;808.0;529.0;643.0;499.0;687.0;655.0;502.0;772.0;675.0;644.0;529.0;106.0;1060.0;504.0;779.0;496.0;95.0;601.0;902.0;537.0;941.0;699.0;1036.0;879.0;735.0;689.0;698.0;545.0;426.0;754.0;383.0;787.0;565.0;333.0;698.0;743.0;641.0;397.0;12.0;450.0;128.0;106.0;674.0;270.0;997.0;219.0;646.0;453.0;325.0;244.0;1004.0;1029.0;1000.0;255.0;438.0;789.0;980.0;296.0;907.0;183.0;442.0;223.0;957.0;148.0;329.0;16.0;69.0;784.0;195.0;685.0;945.0;270.0;777.0;340.0;61.0;215.0;436.0;117.0;129.0;1060.0;42.0;291.0;177.0;383.0;64.0;1020.0;777.0;534.0;224.0;151.0;28.0;196.0;440.0;358.0;176.0;237.0;800.0;250.0;1059.0;139.0;193.0;647.0;334.0;101.0;23.0;211.0;579.0;312.0;522.0;86.0;777.0;358.0;311.0;177.0;405.0;99.0;105.0;350.0
3;385.0;728.0;813.0;0.0;907.0;859.0;819.0;96.0;290.0;745.0;568.0;701.0;163.0;773.0;674.0;533.0;925.0;560.0;171.0;112.0;246.0;765.0;184.0;682.0;762.0;350.0;574.0;770.0;567.0;543.0;835.0;570.0;972.0;15.0;134.0;651.0;675.0;855.0;718.0;806.0;798.0;237.0;100.0;620.0;72.0;503.0;170.0;318.0;649.0;829.0;433.0;77.0;299.0;450.0;336.0;749.0;687.0;1013.0;624.0;389.0;792.0;214.0;341.0;438.0;129.0;154.0;656.0;280.0;601.0;139.0;312.0;816.0;440.0;745.0;647.0;58.0;249.0;535.0;212.0;219.0;398.0;681.0;804.0;459.0;692.0;708.0;469.0;887.0;557.0;627.0;499.0;617.0;641.0;751.0;658.0;523.0;535.0;620.0;390.0;560.0;616.0;876.0;438.0;710.0;517.0;591.0;573.0;688.0;719.0;798.0;745.0;437.0;837.0;361.0;414.0;594.0;385.0;699.0;784.0;607.0;743.0;698.0;700.0;649.0;780.0;672.0;639.0;437.0;758.0;539.0;566.0;1050.0;814.0;681.0;792.0;633.0;561.0;764.0;646.0;578.0;472.0;592.0;609.0;676.0;625.0;522.0;821.0;717.0;792.0;623.0;497.0;837.0;525.0;731.0;463.0;580.0;577.0;832.0;697.0;722.0;710.0;516.0
4;530.0;421.0;284.0;907.0;0.0;248.0;377.0;858.0;618.0;517.0;382.0;591.0;992.0;345.0;450.0;409.0;192.0;468.0;986.0;917.0;789.0;449.0;844.0;463.0;432.0;581.0;520.0;633.0;517.0;394.0;184.0;820.0;203.0;894.0;843.0;793.0;867.0;344.0;605.0;149.0;148.0;680.0;835.0;963.0;879.0;474.0;748.0;634.0;547.0;441.0;498.0;887.0;682.0;590.0;575.0;380.0;948.0;220.0;654.0;525.0;379.0;700.0;886.0;751.0;1025.0;831.0;930.0;882.0;616.0;810.0;883.0;328.0;467.0;581.0;289.0;865.0;671.0;551.0;737.0;770.0;612.0;272.0;279.0;661.0;361.0;317.0;610.0;21.0;918.0;451.0;571.0;353.0;271.0;156.0;893.0;968.0;931.0;497.0;598.0;688.0;879.0;42.0;859.0;217.0;674.0;379.0;868.0;394.0;205.0;290.0;315.0;729.0;98.0;883.0;908.0;319.0;740.0;614.0;242.0;344.0;260.0;310.0;374.0;961.0;315.0;236.0;380.0;485.0;328.0;951.0;672.0;250.0;98.0;393.0;305.0;316.0;381.0;184.0;396.0;415.0;732.0;333.0;973.0;354.0;342.0;562.0;120.0;290.0;297.0;434.0;515.0;91.0;457.0;333.0;711.0;333.0;330.0;114.0;266.0;282.0;335.0;562.0
5;480.0;595.0;489.0;859.0;248.0;0.0;134.0;788.0;593.0;694.0;464.0;368.0;977.0;121.0;604.0;475.0;90.0;573.0;895.0;838.0;683.0;634.0;750.0;257.0;200.0;596.0;348.0;809.0;348.0;459.0;397.0;626.0;131.0;844.0;764.0;582.0;654.0;95.0;378.0;134.0;330.0;665.0;809.0;764.0;813.0;361.0;726.0;654.0;342.0;196.0;426.0;861.0;583.0;453.0;529.0;560.0;737.0;170.0;448.0;476.0;574.0;678.0;747.0;829.0;960.0;825.0;723.0;760.0;419.0;795.0;921.0;88.0;445.0;349.0;227.0;808.0;660.0;656.0;658.0;677.0;492.0;188.0;480.0;745.0;516.0;475.0;459.0;248.0;731.0;586.0;418.0;242.0;267.0;254.0;684.0;790.0;748.0;632.0;646.0;498.0;677.0;214.0;696.0;338.0;777.0;478.0;674.0;551.0;196.0;488.0;492.0;571.0;301.0;934.0;752.0;370.0;597.0;772.0;432.0;439.0;118.0;461.0;535.0;757.0;507.0;263.0;510.0;509.0;511.0;769.0;482.0;201.0;266.0;546.0;501.0;420.0;300.0;146.0;533.0;519.0;564.0;401.0;778.0;500.0;452.0;401.0;155.0;449.0;493.0;565.0;382.0;180.0;339.0;504.0;547.0;311.0;349.0;317.0;170.0;442.0;496.0;661.0
6;461.0;680.0;593.0;819.0;377.0;134.0;0.0;739.0;579.0;777.0;518.0;242.0;952.0;59.0;680.0;520.0;219.0;628.0;831.0;782.0;617.0;724.0;688.0;153.0;77.0;604.0;261.0;889.0;265.0;505.0;508.0;510.0;252.0;804.0;710.0;457.0;528.0;50.0;249.0;244.0;437.0;652.0;784.0;644.0;765.0;319.0;705.0;660.0;229.0;64.0;401.0;833.0;527.0;382.0;509.0;650.0;611.0;284.0;330.0;459.0;671.0;660.0;660.0;859.0;908.0;809.0;600.0;681.0;308.0;776.0;927.0;50.0;447.0;218.0;256.0;764.0;650.0;706.0;610.0;619.0;429.0;223.0;583.0;781.0;598.0;561.0;379.0;375.0;616.0;654.0;338.0;231.0;315.0;349.0;559.0;680.0;636.0;698.0;669.0;388.0;556.0;340.0;596.0;424.0;821.0;538.0;558.0;631.0;270.0;590.0;584.0;478.0;417.0;946.0;655.0;422.0;513.0;845.0;533.0;501.0;161.0;545.0;617.0;635.0;605.0;328.0;582.0;529.0;605.0;657.0;372.0;306.0;378.0;626.0;601.0;488.0;292.0;235.0;606.0;577.0;466.0;456.0;659.0;579.0;519.0;318.0;271.0;536.0;594.0;633.0;323.0;300.0;297.0;594.0;452.0;337.0;388.0;431.0;207.0;531.0;582.0;708.0
7;328.0;724.0;793.0;96.0;858.0;788.0;739.0;0.0;256.0;753.0;544.0;609.0;259.0;696.0;673.0;508.0;859.0;555.0;142.0;65.0;150.0;765.0;89.0;598.0;679.0;335.0;488.0;792.0;482.0;516.0;804.0;474.0;906.0;83.0;38.0;555.0;580.0;777.0;626.0;747.0;759.0;225.0;148.0;530.0;27.0;428.0;173.0;319.0;559.0;745.0;368.0;157.0;213.0;363.0;283.0;739.0;595.0;948.0;530.0;333.0;783.0;200.0;253.0;482.0;172.0;211.0;564.0;192.0;509.0;181.0;383.0;740.0;392.0;653.0;586.0;43.0;238.0;544.0;130.0;126.0;312.0;618.0;783.0;486.0;678.0;688.0;379.0;839.0;466.0;624.0;412.0;548.0;587.0;704.0;564.0;436.0;445.0;624.0;395.0;465.0;522.0;824.0;345.0;672.0;548.0;570.0;479.0;678.0;662.0;778.0;727.0;341.0;795.0;430.0;326.0;555.0;289.0;721.0;757.0;581.0;675.0;676.0;688.0;559.0;763.0;622.0;624.0;410.0;742.0;451.0;471.0;983.0;768.0;671.0;773.0;604.0;496.0;704.0;635.0;564.0;376.0;558.0;520.0;660.0;601.0;434.0;764.0;694.0;773.0;616.0;417.0;782.0;450.0;715.0;368.0;525.0;532.0;792.0;632.0;698.0;693.0;526.0
8;118.0;477.0;538.0;290.0;618.0;593.0;579.0;256.0;0.0;520.0;288.0;533.0;385.0;526.0;430.0;253.0;650.0;311.0;396.0;320.0;262.0;521.0;279.0;468.0;537.0;96.0;378.0;579.0;369.0;261.0;549.0;524.0;696.0;278.0;254.0;575.0;627.0;607.0;553.0;524.0;509.0;72.0;220.0;633.0;272.0;268.0;134.0;119.0;466.0;605.0;179.0;273.0;192.0;283.0;73.0;488.0;673.0;737.0;488.0;121.0;532.0;85.0;404.0;345.0;412.0;232.0;642.0;364.0;451.0;202.0;355.0;565.0;154.0;569.0;371.0;253.0;71.0;321.0;172.0;221.0;238.0;407.0;527.0;306.0;425.0;433.0;316.0;598.0;567.0;380.0;325.0;355.0;355.0;462.0;626.0;570.0;557.0;388.0;181.0;448.0;588.0;588.0;449.0;421.0;368.0;315.0;551.0;428.0;435.0;522.0;472.0;365.0;547.0;383.0;465.0;304.0;328.0;508.0;502.0;325.0;475.0;421.0;436.0;652.0;508.0;385.0;371.0;155.0;488.0;572.0;446.0;774.0;524.0;421.0;519.0;349.0;294.0;484.0;384.0;312.0;397.0;304.0;630.0;406.0;345.0;344.0;537.0;438.0;518.0;369.0;287.0;551.0;287.0;461.0;376.0;296.0;288.0;543.0;425.0;442.0;439.0;306.0
9;536.0;99.0;238.0;745.0;517.0;694.0;777.0;753.0;520.0;0.0;292.0;886.0;741.0;721.0;105.0;313.0;683.0;213.0;894.0;817.0;781.0;71.0;795.0;765.0;788.0;426.0;741.0;116.0;733.0;319.0;335.0;995.0;709.0;739.0;763.0;1017.0;1083.0;770.0;906.0;560.0;377.0;529.0;646.0;1123.0;761.0;622.0;583.0;434.0;818.0;835.0;564.0;686.0;698.0;718.0;543.0;138.0;1146.0;734.0;893.0;532.0;144.0;554.0;921.0;369.0;872.0;604.0;1119.0;884.0;848.0;608.0;549.0;734.0;471.0;901.0;533.0;734.0;516.0;210.0;691.0;741.0;699.0;559.0;240.0;302.0;179.0;219.0;753.0;502.0;1060.0;149.0;736.0;590.0;470.0;440.0;1093.0;1077.0;1057.0;131.0;359.0;884.0;1062.0;523.0;953.0;357.0;265.0;262.0;1032.0;147.0;508.0;229.0;205.0;846.0;422.0;522.0;978.0;374.0;824.0;108.0;276.0;289.0;617.0;234.0;160.0;1136.0;202.0;450.0;203.0;387.0;190.0;1074.0;875.0;767.0;443.0;153.0;214.0;294.0;554.0;550.0;179.0;236.0;870.0;340.0;1124.0;198.0;266.0;745.0;545.0;245.0;221.0;167.0;671.0;530.0;625.0;191.0;846.0;474.0;417.0;405.0;572.0;251.0;197.0;229.0
10;261.0;216.0;250.0;568.0;382.0;464.0;518.0;544.0;288.0;292.0;0.0;596.0;625.0;459.0;187.0;36.0;485.0;111.0;684.0;608.0;530.0;265.0;561.0;480.0;515.0;219.0;449.0;390.0;441.0;30.0;270.0;707.0;524.0;558.0;542.0;725.0;793.0;522.0;617.0;347.0;246.0;331.0;482.0;839.0;559.0;330.0;398.0;263.0;528.0;569.0;277.0;532.0;433.0;430.0;283.0;213.0;858.0;559.0;601.0;256.0;255.0;354.0;662.0;374.0;695.0;465.0;831.0;634.0;555.0;451.0;501.0;482.0;189.0;615.0;262.0;538.0;319.0;191.0;450.0;496.0;416.0;295.0;239.0;287.0;145.0;145.0;464.0;362.0;779.0;147.0;445.0;307.0;204.0;240.0;804.0;802.0;778.0;185.0;217.0;593.0;774.0;365.0;678.0;166.0;313.0;32.0;746.0;160.0;268.0;234.0;185.0;563.0;293.0;501.0;710.0;96.0;547.0;335.0;216.0;41.0;363.0;132.0;161.0;850.0;221.0;201.0;96.0;134.0;203.0;796.0;583.0;596.0;284.0;152.0;231.0;69.0;265.0;320.0;117.0;61.0;584.0;63.0;842.0;123.0;57.0;453.0;345.0;150.0;230.0;127.0;379.0;344.0;332.0;176.0;561.0;189.0;132.0;283.0;311.0;154.0;154.0;196.0
11;427.0;798.0;748.0;701.0;591.0;368.0;242.0;609.0;533.0;886.0;596.0;0.0;855.0;250.0;781.0;584.0;458.0;698.0;669.0;637.0;466.0;846.0;538.0;132.0;168.0;593.0;158.0;986.0;168.0;574.0;682.0;275.0;493.0;687.0;575.0;215.0;286.0;291.0;21.0;443.0;609.0;598.0;695.0;404.0;636.0;283.0;633.0;641.0;71.0;201.0;369.0;736.0;406.0;259.0;461.0;778.0;369.0;526.0;100.0;427.0;809.0;597.0;465.0;865.0;764.0;736.0;358.0;500.0;102.0;699.0;885.0;281.0;453.0;45.0;365.0;644.0;601.0;760.0;492.0;483.0;312.0;353.0;737.0;804.0;715.0;687.0;234.0;583.0;380.0;744.0;212.0;299.0;426.0;514.0;317.0;449.0;403.0;780.0;676.0;170.0;316.0;550.0;382.0;565.0;856.0;625.0;321.0;742.0;426.0;741.0;720.0;288.0;604.0;916.0;442.0;512.0;335.0;930.0;688.0;597.0;333.0;670.0;735.0;393.0;748.0;458.0;683.0;550.0;742.0;423.0;156.0;548.0;563.0;736.0;749.0;594.0;332.0;417.0;707.0;657.0;263.0;546.0;419.0;693.0;620.0;190.0;473.0;669.0;743.0;723.0;249.0;503.0;272.0;724.0;258.0;411.0;469.0;615.0;348.0;666.0;707.0;755.0
12;498.0;746.0;855.0;163.0;992.0;977.0;952.0;259.0;385.0;741.0;625.0;855.0;0.0;903.0;690.0;592.0;1036.0;588.0;303.0;267.0;408.0;775.0;347.0;824.0;901.0;411.0;719.0;741.0;712.0;605.0;894.0;733.0;1082.0;176.0;297.0;814.0;838.0;985.0;872.0;908.0;868.0;316.0;169.0;781.0;236.0;634.0;252.0;362.0;798.0;969.0;554.0;121.0;449.0;599.0;448.0;774.0;849.0;1122.0;782.0;501.0;816.0;300.0;502.0;388.0;204.0;161.0;818.0;440.0;756.0;184.0;218.0;944.0;538.0;897.0;756.0;218.0;323.0;540.0;362.0;378.0;546.0;793.0;846.0;439.0;728.0;752.0;621.0;972.0;719.0;648.0;648.0;737.0;738.0;837.0;821.0;680.0;695.0;629.0;417.0;720.0;779.0;965.0;600.0;783.0;485.0;641.0;736.0;715.0;819.0;838.0;785.0;599.0;912.0;264.0;574.0;672.0;546.0;674.0;835.0;666.0;860.0;745.0;731.0;810.0;817.0;765.0;678.0;507.0;794.0;698.0;725.0;1160.0;895.0;710.0;830.0;694.0;678.0;868.0;679.0;619.0;633.0;662.0;768.0;715.0;678.0;670.0;919.0;767.0;832.0;649.0;637.0;931.0;656.0;769.0;624.0;680.0;665.0;905.0;810.0;772.0;750.0;521.0
13;408.0;625.0;543.0;773.0;345.0;121.0;59.0;696.0;526.0;721.0;459.0;250.0;903.0;0.0;623.0;461.0;211.0;570.0;794.0;742.0;581.0;669.0;650.0;135.0;86.0;547.0;232.0;832.0;234.0;446.0;462.0;505.0;251.0;758.0;669.0;462.0;534.0;82.0;262.0;203.0;390.0;599.0;734.0;643.0;722.0;271.0;654.0;604.0;221.0;114.0;349.0;783.0;486.0;346.0;457.0;596.0;617.0;289.0;327.0;405.0;618.0;608.0;634.0;800.0;866.0;757.0;603.0;650.0;297.0;724.0;871.0;44.0;391.0;236.0;197.0;719.0;596.0;647.0;566.0;579.0;390.0;164.0;532.0;722.0;542.0;506.0;347.0;340.0;609.0;596.0;306.0;174.0;256.0;298.0;563.0;670.0;627.0;640.0;610.0;377.0;556.0;306.0;577.0;370.0;762.0;480.0;553.0;575.0;216.0;539.0;531.0;455.0;373.0;890.0;635.0;363.0;485.0;787.0;482.0;443.0;107.0;489.0;562.0;636.0;552.0;271.0;524.0;471.0;551.0;648.0;361.0;317.0;333.0;569.0;549.0;431.0;236.0;187.0;549.0;518.0;446.0;398.0;657.0;523.0;462.0;288.0;231.0;482.0;542.0;575.0;281.0;261.0;248.0;539.0;430.0;278.0;329.0;387.0;150.0;477.0;527.0;648.0
14;435.0;56.0;194.0;674.0;450.0;604.0;680.0;673.0;430.0;105.0;187.0;781.0;690.0;623.0;0.0;209.0;601.0;119.0;815.0;737.0;688.0;92.0;708.0;661.0;688.0;339.0;636.0;210.0;628.0;214.0;277.0;892.0;632.0;667.0;679.0;913.0;979.0;675.0;802.0;473.0;303.0;448.0;578.0;1021.0;683.0;518.0;507.0;357.0;713.0;736.0;461.0;622.0;601.0;615.0;446.0;92.0;1043.0;660.0;788.0;431.0;128.0;473.0;827.0;346.0;803.0;543.0;1015.0;792.0;743.0;541.0;516.0;638.0;368.0;798.0;432.0;658.0;435.0;150.0;601.0;650.0;597.0;460.0;192.0;264.0;90.0;134.0;649.0;432.0;959.0;50.0;632.0;487.0;369.0;352.0;990.0;978.0;957.0;63.0;284.0;780.0;959.0;449.0;854.0;266.0;249.0;157.0;929.0;56.0;413.0;181.0;138.0;744.0;352.0;498.0;881.0;270.0;724.0;169.0;212.0;185.0;520.0;145.0;75.0;1034.0;153.0;352.0;100.0;289.0;132.0;974.0;770.0;694.0;365.0;58.0;167.0;193.0;450.0;458.0;75.0;132.0;767.0;236.0;1023.0;103.0;163.0;640.0;460.0;162.0;173.0;64.0;566.0;448.0;520.0;119.0;744.0;370.0;313.0;336.0;473.0;169.0;115.0;169.0
15;230.0;244.0;285.0;533.0;409.0;475.0;520.0;508.0;253.0;313.0;36.0;584.0;592.0;461.0;209.0;0.0;501.0;115.0;649.0;573.0;496.0;292.0;527.0;472.0;511.0;185.0;433.0;405.0;424.0;16.0;304.0;683.0;542.0;522.0;506.0;704.0;770.0;527.0;605.0;364.0;277.0;295.0;447.0;813.0;523.0;311.0;363.0;230.0;514.0;568.0;252.0;498.0;401.0;406.0;249.0;245.0;834.0;578.0;582.0;226.0;287.0;319.0;630.0;356.0;659.0;432.0;806.0;601.0;537.0;416.0;474.0;486.0;160.0;605.0;263.0;503.0;284.0;187.0;415.0;462.0;389.0;299.0;274.0;271.0;178.0;180.0;440.0;389.0;751.0;165.0;424.0;301.0;210.0;262.0;781.0;773.0;750.0;197.0;189.0;571.0;750.0;389.0;649.0;194.0;303.0;64.0;720.0;189.0;281.0;270.0;220.0;536.0;322.0;476.0;679.0;105.0;518.0;346.0;251.0;75.0;369.0;168.0;192.0;825.0;256.0;214.0;126.0;98.0;237.0;768.0;562.0;616.0;311.0;181.0;266.0;102.0;254.0;334.0;144.0;77.0;558.0;79.0;815.0;156.0;92.0;433.0;364.0;186.0;265.0;146.0;359.0;366.0;315.0;210.0;535.0;185.0;131.0;314.0;316.0;190.0;188.0;188.0
16;542.0;584.0;462.0;925.0;192.0;90.0;219.0;859.0;650.0;683.0;485.0;458.0;1036.0;211.0;601.0;501.0;0.0;588.0;972.0;912.0;762.0;619.0;826.0;346.0;289.0;642.0;434.0;799.0;434.0;485.0;364.0;716.0;47.0;911.0;837.0;672.0;743.0;174.0;467.0;138.0;307.0;720.0;869.0;854.0;883.0;436.0;784.0;699.0;432.0;277.0;493.0;921.0;659.0;535.0;591.0;546.0;826.0;88.0;538.0;537.0;553.0;735.0;832.0;858.0;1031.0;880.0;813.0;841.0;508.0;852.0;964.0;177.0;498.0;437.0;280.0;876.0;714.0;672.0;730.0;753.0;571.0;244.0;454.0;771.0;511.0;468.0;544.0;198.0;820.0;591.0;502.0;312.0;304.0;252.0;773.0;880.0;837.0;637.0;683.0;588.0;767.0;167.0;783.0;338.0;796.0;493.0;764.0;546.0;224.0;464.0;477.0;657.0;267.0;973.0;839.0;397.0;682.0;770.0;410.0;454.0;185.0;456.0;528.0;847.0;486.0;288.0;515.0;550.0;494.0;858.0;571.0;124.0;240.0;543.0;478.0;431.0;364.0;171.0;536.0;533.0;652.0;424.0;868.0;498.0;462.0;487.0;142.0;440.0;470.0;570.0;462.0;153.0;415.0;492.0;634.0;357.0;385.0;285.0;228.0;433.0;488.0;680.0
17;324.0;169.0;268.0;560.0;468.0;573.0;628.0;555.0;311.0;213.0;111.0;698.0;588.0;570.0;119.0;115.0;588.0;0.0;697.0;620.0;570.0;210.0;589.0;586.0;624.0;220.0;546.0;293.0;537.0;126.0;323.0;786.0;625.0;552.0;560.0;813.0;877.0;632.0;719.0;452.0;322.0;330.0;465.0;912.0;565.0;423.0;391.0;242.0;628.0;679.0;356.0;511.0;485.0;511.0;331.0;189.0;937.0;658.0;694.0;320.0;232.0;355.0;710.0;284.0;689.0;435.0;909.0;674.0;649.0;429.0;433.0;592.0;262.0;719.0;372.0;541.0;317.0;84.0;482.0;532.0;488.0;406.0;261.0;194.0;140.0;170.0;546.0;448.0;848.0;69.0;532.0;415.0;314.0;338.0;885.0;864.0;845.0;86.0;173.0;679.0;853.0;456.0;741.0;256.0;209.0;95.0;821.0;128.0;377.0;252.0;199.0;634.0;372.0;424.0;765.0;207.0;611.0;232.0;259.0;135.0;474.0;168.0;143.0;926.0;229.0;310.0;95.0;175.0;206.0;861.0;671.0;695.0;372.0;122.0;242.0;158.0;368.0;428.0;92.0;55.0;659.0;173.0;913.0;131.0;127.0;543.0;447.0;191.0;245.0;63.0;469.0;442.0;429.0;182.0;636.0;297.0;242.0;359.0;422.0;198.0;164.0;94.0
18;457.0;866.0;934.0;171.0;986.0;895.0;831.0;142.0;396.0;894.0;684.0;669.0;303.0;794.0;815.0;649.0;972.0;697.0;0.0;77.0;214.0;906.0;146.0;682.0;765.0;477.0;571.0;929.0;567.0;656.0;941.0;479.0;1019.0;169.0;145.0;569.0;575.0;873.0;682.0;867.0;894.0;367.0;264.0;495.0;133.0;536.0;312.0;460.0;630.0;828.0;489.0;248.0;313.0;449.0;416.0;881.0;570.0;1060.0;578.0;462.0;925.0;342.0;230.0;606.0;115.0;324.0;541.0;176.0;567.0;303.0;481.0;838.0;526.0;714.0;706.0;161.0;380.0;684.0;249.0;219.0;405.0;735.0;923.0;620.0;820.0;829.0;455.0;967.0;439.0;766.0;494.0;660.0;714.0;834.0;552.0;389.0;412.0;765.0;535.0;507.0;511.0;950.0;334.0;808.0;680.0;711.0;468.0;820.0;786.0;919.0;868.0;383.0;928.0;530.0;293.0;690.0;334.0;857.0;897.0;721.0;787.0;817.0;830.0;527.0;904.0;751.0;766.0;551.0;884.0;411.0;518.0;1094.0;899.0;813.0;915.0;744.0;614.0;825.0;777.0;706.0;411.0;696.0;480.0;801.0;741.0;515.0;887.0;834.0;914.0;758.0;514.0;907.0;557.0;857.0;412.0;653.0;665.0;926.0;749.0;838.0;835.0;666.0
19;387.0;789.0;858.0;112.0;917.0;838.0;782.0;65.0;320.0;817.0;608.0;637.0;267.0;742.0;737.0;573.0;912.0;620.0;77.0;0.0;171.0;829.0;98.0;637.0;719.0;400.0;526.0;854.0;521.0;581.0;867.0;475.0;959.0;106.0;75.0;561.0;577.0;822.0;652.0;803.0;822.0;289.0;195.0;513.0;58.0;477.0;235.0;383.0;591.0;784.0;423.0;188.0;256.0;402.0;344.0;804.0;583.0;1000.0;551.0;392.0;848.0;264.0;236.0;535.0;128.0;257.0;553.0;174.0;535.0;232.0;422.0;786.0;454.0;682.0;642.0;87.0;303.0;607.0;182.0;163.0;353.0;672.0;847.0;546.0;743.0;753.0;412.0;898.0;452.0;688.0;448.0;600.0;646.0;764.0;558.0;413.0;428.0;688.0;458.0;483.0;516.0;883.0;336.0;735.0;606.0;635.0;472.0;743.0;720.0;842.0;792.0;357.0;856.0;471.0;307.0;617.0;306.0;782.0;822.0;645.0;727.0;741.0;753.0;543.0;828.0;682.0;689.0;475.0;807.0;431.0;491.0;1035.0;829.0;736.0;838.0;669.0;550.0;760.0;700.0;629.0;390.0;621.0;501.0;725.0;665.0;471.0;821.0;758.0;838.0;681.0;461.0;840.0;500.0;780.0;386.0;585.0;593.0;854.0;686.0;762.0;758.0;589.0
20;276.0;733.0;775.0;246.0;789.0;683.0;617.0;150.0;262.0;781.0;530.0;466.0;408.0;581.0;688.0;496.0;762.0;570.0;214.0;171.0;0.0;779.0;73.0;469.0;551.0;357.0;358.0;839.0;354.0;500.0;767.0;328.0;808.0;232.0;112.0;406.0;435.0;660.0;481.0;663.0;712.0;273.0;275.0;401.0;175.0;326.0;256.0;366.0;421.0;616.0;292.0;299.0;107.0;236.0;247.0;740.0;458.0;849.0;382.0;281.0;783.0;254.0;143.0;570.0;298.0;333.0;426.0;105.0;364.0;297.0;506.0;625.0;350.0;511.0;503.0;190.0;285.0;582.0;93.0;44.0;191.0;530.0;764.0;552.0;674.0;674.0;243.0;772.0;335.0;639.0;280.0;452.0;520.0;642.0;422.0;321.0;318.0;650.0;438.0;316.0;380.0;752.0;211.0;629.0;616.0;560.0;338.0;682.0;586.0;761.0;714.0;192.0;740.0;550.0;210.0;514.0;139.0;768.0;730.0;560.0;577.0;659.0;687.0;426.0;751.0;558.0;621.0;402.0;732.0;328.0;323.0;883.0;708.0;674.0;759.0;580.0;410.0;621.0;637.0;565.0;226.0;526.0;394.0;653.0;584.0;302.0;684.0;674.0;757.0;627.0;301.0;706.0;347.0;706.0;218.0;460.0;482.0;740.0;542.0;676.0;684.0;566.0
21;521.0;49.0;168.0;765.0;449.0;634.0;724.0;765.0;521.0;71.0;265.0;846.0;775.0;669.0;92.0;292.0;619.0;210.0;906.0;829.0;779.0;0.0;800.0;722.0;740.0;431.0;707.0;184.0;699.0;294.0;266.0;972.0;644.0;758.0;771.0;988.0;1057.0;713.0;866.0;500.0;312.0;540.0;668.0;1104.0;774.0;593.0;598.0;448.0;779.0;783.0;542.0;711.0;689.0;695.0;535.0;74.0;1123.0;667.0;860.0;517.0;74.0;565.0;916.0;417.0;893.0;631.0;1096.0;883.0;815.0;630.0;593.0;679.0;452.0;859.0;487.0;749.0;526.0;235.0;692.0;741.0;680.0;510.0;171.0;341.0;131.0;163.0;729.0;434.0;1043.0;141.0;709.0;548.0;424.0;380.0;1069.0;1064.0;1042.0;147.0;375.0;857.0;1039.0;457.0;940.0;300.0;314.0;233.0;1011.0;106.0;454.0;160.0;142.0;828.0;355.0;570.0;969.0;335.0;810.0;177.0;209.0;253.0;563.0;180.0;111.0;1116.0;134.0;400.0;169.0;378.0;124.0;1059.0;846.0;699.0;378.0;113.0;144.0;252.0;518.0;493.0;148.0;217.0;849.0;303.0;1107.0;153.0;228.0;715.0;483.0;187.0;152.0;152.0;642.0;466.0;592.0;130.0;826.0;435.0;379.0;338.0;522.0;193.0;142.0;254.0
22;320.0;756.0;810.0;184.0;844.0;750.0;688.0;89.0;279.0;795.0;561.0;538.0;347.0;650.0;708.0;527.0;826.0;589.0;146.0;98.0;73.0;800.0;0.0;541.0;623.0;370.0;430.0;845.0;425.0;532.0;809.0;386.0;873.0;172.0;53.0;469.0;491.0;729.0;553.0;723.0;759.0;271.0;232.0;441.0;111.0;390.0;236.0;367.0;493.0;688.0;346.0;246.0;167.0;306.0;283.0;767.0;505.0;914.0;453.0;325.0;810.0;248.0;165.0;553.0;226.0;294.0;474.0;106.0;436.0;261.0;468.0;694.0;391.0;583.0;562.0;132.0;284.0;590.0;112.0;74.0;260.0;590.0;799.0;547.0;702.0;706.0;315.0;826.0;377.0;658.0;352.0;515.0;573.0;694.0;475.0;350.0;356.0;664.0;442.0;386.0;433.0;808.0;255.0;673.0;609.0;590.0;389.0;707.0;643.0;795.0;747.0;260.0;790.0;514.0;238.0;557.0;208.0;773.0;769.0;595.0;642.0;693.0;714.0;469.0;783.0;610.0;649.0;430.0;764.0;363.0;393.0;949.0;760.0;699.0;792.0;616.0;469.0;680.0;662.0;590.0;293.0;565.0;431.0;682.0;617.0;374.0;743.0;709.0;791.0;648.0;369.0;764.0;412.0;737.0;288.0;512.0;528.0;789.0;604.0;712.0;714.0;574.0
23;352.0;674.0;618.0;682.0;463.0;257.0;153.0;598.0;468.0;765.0;480.0;132.0;824.0;135.0;661.0;472.0;346.0;586.0;682.0;637.0;469.0;722.0;541.0;0.0;82.0;511.0;111.0;869.0;116.0;460.0;551.0;370.0;387.0;667.0;567.0;331.0;405.0;200.0;149.0;315.0;477.0;538.0;657.0;509.0;624.0;201.0;584.0;564.0;86.0;148.0;290.0;703.0;385.0;235.0;394.0;652.0;486.0;424.0;194.0;351.0;682.0;543.0;507.0;779.0;764.0;689.0;471.0;529.0;162.0;654.0;822.0;175.0;360.0;137.0;237.0;626.0;539.0;654.0;470.0;475.0;285.0;222.0;606.0;710.0;591.0;561.0;228.0;454.0;474.0;627.0;189.0;175.0;299.0;382.0;432.0;534.0;491.0;665.0;587.0;242.0;422.0;422.0;445.0;436.0;759.0;507.0;418.0;620.0;294.0;611.0;592.0;325.0;473.0;848.0;503.0;391.0;360.0;816.0;557.0;476.0;203.0;543.0;611.0;503.0;620.0;328.0;562.0;453.0;614.0;512.0;225.0;451.0;431.0;613.0;619.0;471.0;219.0;286.0;586.0;541.0;314.0;426.0;522.0;569.0;499.0;168.0;344.0;541.0;613.0;605.0;187.0;374.0;182.0;597.0;299.0;292.0;349.0;484.0;216.0;538.0;581.0;652.0
24;420.0;694.0;621.0;762.0;432.0;200.0;77.0;679.0;537.0;788.0;515.0;168.0;901.0;86.0;688.0;511.0;289.0;624.0;765.0;719.0;551.0;740.0;623.0;82.0;0.0;573.0;193.0;897.0;198.0;498.0;544.0;434.0;325.0;747.0;648.0;383.0;454.0;126.0;178.0;288.0;471.0;609.0;733.0;569.0;705.0;271.0;658.0;628.0;153.0;68.0;358.0;781.0;466.0;317.0;465.0;668.0;537.0;359.0;254.0;418.0;693.0;615.0;587.0;836.0;845.0;763.0;525.0;610.0;231.0;728.0;890.0;113.0;418.0;150.0;256.0;706.0;609.0;697.0;551.0;556.0;366.0;230.0;610.0;763.0;611.0;577.0;310.0;426.0;540.0;657.0;271.0;211.0;319.0;378.0;485.0;604.0;559.0;699.0;644.0;312.0;481.0;392.0;520.0;444.0;807.0;539.0;482.0;642.0;292.0;616.0;604.0;405.0;458.0;913.0;579.0;421.0;441.0;848.0;560.0;504.0;186.0;560.0;630.0;560.0;628.0;340.0;588.0;506.0;625.0;580.0;296.0;383.0;417.0;636.0;626.0;495.0;266.0;269.0;613.0;575.0;391.0;456.0;583.0;590.0;525.0;250.0;317.0;555.0;619.0;636.0;265.0;347.0;250.0;612.0;378.0;327.0;383.0;471.0;219.0;550.0;598.0;697.0
25;166.0;389.0;464.0;350.0;581.0;596.0;604.0;335.0;96.0;426.0;219.0;593.0;411.0;547.0;339.0;185.0;642.0;220.0;477.0;400.0;357.0;431.0;370.0;511.0;573.0;0.0;435.0;483.0;425.0;196.0;489.0;613.0;686.0;340.0;340.0;657.0;713.0;625.0;614.0;508.0;458.0;113.0;262.0;725.0;347.0;313.0;180.0;58.0;524.0;638.0;224.0;313.0;286.0;357.0;144.0;404.0;762.0;725.0;560.0;166.0;448.0;138.0;500.0;272.0;478.0;250.0;733.0;459.0;520.0;232.0;326.0;582.0;156.0;625.0;369.0;324.0;101.0;225.0;266.0;316.0;318.0;408.0;454.0;218.0;344.0;358.0;392.0;561.0;660.0;290.0;393.0;373.0;338.0;427.0;715.0;665.0;652.0;294.0;89.0;527.0;678.0;556.0;544.0;372.0;278.0;241.0;642.0;343.0;419.0;448.0;396.0;454.0;501.0;343.0;561.0;262.0;421.0;412.0;435.0;259.0;479.0;348.0;353.0;744.0;431.0;360.0;291.0;96.0;409.0;666.0;523.0;763.0;484.0;336.0;442.0;286.0;311.0;471.0;300.0;230.0;484.0;251.0;724.0;327.0;275.0;410.0;516.0;368.0;443.0;281.0;345.0;525.0;329.0;383.0;463.0;286.0;260.0;494.0;426.0;373.0;361.0;210.0
26;269.0;658.0;627.0;574.0;520.0;348.0;261.0;488.0;378.0;741.0;449.0;158.0;719.0;232.0;636.0;433.0;434.0;546.0;571.0;526.0;358.0;707.0;430.0;111.0;193.0;435.0;0.0;838.0;9.0;425.0;574.0;301.0;478.0;559.0;457.0;289.0;361.0;306.0;179.0;373.0;503.0;445.0;554.0;443.0;515.0;126.0;486.0;484.0;89.0;258.0;211.0;599.0;275.0;125.0;305.0;643.0;437.0;517.0;154.0;269.0;677.0;447.0;402.0;707.0;653.0;590.0;416.0;420.0;109.0;554.0;732.0;276.0;296.0;191.0;250.0;517.0;448.0;605.0;362.0;364.0;176.0;253.0;615.0;645.0;577.0;554.0;117.0;508.0;398.0;596.0;78.0;178.0;303.0;411.0;381.0;451.0;411.0;630.0;518.0;169.0;362.0;479.0;349.0;445.0;699.0;480.0;348.0;602.0;327.0;617.0;590.0;223.0;509.0;761.0;405.0;373.0;253.0;779.0;568.0;455.0;265.0;536.0;596.0;444.0;621.0;340.0;540.0;393.0;611.0;432.0;154.0;547.0;469.0;595.0;623.0;457.0;190.0;337.0;564.0;508.0;218.0;404.0;453.0;555.0;479.0;57.0;401.0;539.0;618.0;576.0;91.0;430.0;118.0;591.0;200.0;273.0;328.0;517.0;255.0;537.0;572.0;600.0
27;614.0;215.0;351.0;770.0;633.0;809.0;889.0;792.0;579.0;116.0;390.0;986.0;741.0;832.0;210.0;405.0;799.0;293.0;929.0;854.0;839.0;184.0;845.0;869.0;897.0;483.0;838.0;0.0;829.0;413.0;450.0;1077.0;826.0;766.0;807.0;1106.0;1170.0;884.0;1007.0;676.0;493.0;574.0;670.0;1200.0;796.0;716.0;619.0;478.0;917.0;946.0;650.0;704.0;765.0;803.0;614.0;254.0;1229.0;850.0;987.0;611.0;256.0;597.0;982.0;354.0;893.0;621.0;1200.0;940.0;942.0;631.0;533.0;847.0;555.0;1005.0;641.0;768.0;561.0;258.0;747.0;798.0;778.0;669.0;354.0;311.0;293.0;334.0;839.0;617.0;1136.0;243.0;826.0;695.0;579.0;555.0;1177.0;1146.0;1130.0;208.0;403.0;973.0;1144.0;639.0;1024.0;471.0;257.0;362.0;1111.0;259.0;621.0;343.0;322.0;924.0;538.0;498.0;1043.0;478.0;897.0;72.0;392.0;394.0;729.0;348.0;274.0;1216.0;317.0;562.0;309.0;464.0;306.0;1146.0;964.0;882.0;559.0;264.0;328.0;402.0;655.0;665.0;285.0;330.0;950.0;443.0;1200.0;310.0;373.0;836.0;661.0;361.0;336.0;264.0;762.0;646.0;720.0;307.0;927.0;577.0;520.0;521.0;683.0;367.0;313.0;273.0
28;260.0;650.0;619.0;567.0;517.0;348.0;265.0;482.0;369.0;733.0;441.0;168.0;712.0;234.0;628.0;424.0;434.0;537.0;567.0;521.0;354.0;699.0;425.0;116.0;198.0;425.0;9.0;829.0;0.0;416.0;568.0;306.0;478.0;552.0;451.0;296.0;368.0;309.0;189.0;370.0;497.0;437.0;546.0;448.0;508.0;116.0;477.0;475.0;98.0;264.0;201.0;591.0;269.0;119.0;296.0;635.0;443.0;518.0;162.0;260.0;669.0;439.0;400.0;697.0;648.0;582.0;422.0;417.0;117.0;546.0;723.0;277.0;286.0;200.0;244.0;511.0;439.0;596.0;355.0;359.0;170.0;248.0;607.0;636.0;569.0;546.0;114.0;504.0;402.0;587.0;74.0;172.0;296.0;405.0;388.0;453.0;414.0;621.0;508.0;174.0;368.0;475.0;350.0;438.0;689.0;471.0;352.0;593.0;322.0;610.0;582.0;223.0;504.0;752.0;405.0;365.0;251.0;769.0;561.0;446.0;263.0;528.0;588.0;449.0;613.0;333.0;531.0;384.0;604.0;435.0;160.0;548.0;464.0;586.0;616.0;448.0;182.0;333.0;555.0;499.0;219.0;396.0;458.0;546.0;471.0;54.0;397.0;531.0;610.0;567.0;82.0;426.0;109.0;583.0;201.0;265.0;320.0;512.0;251.0;530.0;564.0;590.0
29;230.0;246.0;278.0;543.0;394.0;459.0;505.0;516.0;261.0;319.0;30.0;574.0;605.0;446.0;214.0;16.0;485.0;126.0;656.0;581.0;500.0;294.0;532.0;460.0;498.0;196.0;425.0;413.0;416.0;0.0;293.0;678.0;526.0;532.0;513.0;698.0;765.0;512.0;595.0;347.0;263.0;306.0;458.0;810.0;532.0;304.0;374.0;243.0;504.0;554.0;248.0;509.0;403.0;401.0;253.0;244.0;829.0;562.0;575.0;226.0;286.0;329.0;631.0;373.0;669.0;445.0;802.0;604.0;530.0;428.0;490.0;471.0;158.0;594.0;249.0;512.0;295.0;201.0;420.0;466.0;386.0;284.0;267.0;287.0;176.0;174.0;435.0;374.0;749.0;172.0;417.0;289.0;194.0;246.0;776.0;772.0;748.0;206.0;204.0;566.0;745.0;374.0;648.0;179.0;319.0;62.0;717.0;190.0;265.0;263.0;215.0;533.0;308.0;492.0;680.0;89.0;517.0;356.0;242.0;65.0;354.0;161.0;191.0;821.0;251.0;198.0;126.0;107.0;232.0;766.0;556.0;599.0;296.0;182.0;260.0;90.0;243.0;318.0;146.0;84.0;555.0;63.0;813.0;154.0;85.0;426.0;348.0;178.0;259.0;152.0;352.0;350.0;307.0;206.0;531.0;171.0;117.0;300.0;301.0;181.0;184.0;203.0
30;491.0;242.0;100.0;835.0;184.0;397.0;508.0;804.0;549.0;335.0;270.0;682.0;894.0;462.0;277.0;304.0;364.0;323.0;941.0;867.0;767.0;266.0;809.0;551.0;544.0;489.0;574.0;450.0;568.0;293.0;0.0;870.0;383.0;824.0;797.0;862.0;935.0;486.0;700.0;266.0;73.0;598.0;751.0;1012.0;821.0;490.0;667.0;532.0;626.0;572.0;481.0;802.0;662.0;609.0;527.0;199.0;1011.0;404.0;724.0;486.0;195.0;622.0;884.0;604.0;961.0;735.0;989.0;868.0;681.0;720.0;755.0;460.0;418.0;683.0;325.0;802.0;587.0;399.0;698.0;739.0;615.0;330.0;95.0;516.0;194.0;155.0;636.0;170.0;959.0;290.0;604.0;397.0;274.0;168.0;956.0;998.0;966.0;332.0;480.0;741.0;934.0;197.0;879.0;140.0;517.0;253.0;915.0;224.0;257.0;106.0;140.0;752.0;97.0;747.0;921.0;253.0;750.0;435.0;67.0;229.0;358.0;155.0;204.0;1016.0;133.0;235.0;228.0;398.0;148.0;985.0;728.0;434.0;131.0;225.0;122.0;202.0;396.0;275.0;238.0;279.0;764.0;246.0;1019.0;195.0;215.0;602.0;242.0;132.0;114.0;276.0;539.0;218.0;480.0;159.0;740.0;320.0;286.0;80.0;334.0;125.0;167.0;414.0
31;464.0;923.0;914.0;570.0;820.0;626.0;510.0;474.0;524.0;995.0;707.0;275.0;733.0;505.0;892.0;683.0;716.0;786.0;479.0;475.0;328.0;972.0;386.0;370.0;434.0;613.0;301.0;1077.0;306.0;678.0;870.0;0.0;756.0;557.0;436.0;93.0;107.0;560.0;276.0;672.0;801.0;566.0;602.0;143.0;498.0;386.0;571.0;643.0;284.0;475.0;431.0;627.0;337.0;277.0;470.0;916.0;151.0;792.0;180.0;467.0;954.0;554.0;249.0;867.0;590.0;659.0;124.0;305.0;208.0;621.0;829.0;543.0;524.0;313.0;548.0;516.0;575.0;825.0;401.0;366.0;299.0;553.0;902.0;830.0;847.0;831.0;244.0;808.0;106.0;846.0;268.0;477.0;597.0;710.0;102.0;175.0;128.0;871.0;702.0;132.0;67.0;779.0;145.0;736.0;891.0;739.0;48.0;867.0;628.0;903.0;870.0;160.0;810.0;870.0;197.0;649.0;202.0;1011.0;858.0;723.0;562.0;814.0;865.0;145.0;903.0;635.0;803.0;613.0;891.0;148.0;148.0;816.0;770.0;859.0;907.0;731.0;476.0;637.0;825.0;760.0;129.0;675.0;153.0;824.0;748.0;268.0;700.0;820.0;903.0;828.0;335.0;729.0;392.0;868.0;151.0;557.0;605.0;817.0;556.0;820.0;847.0;814.0
32;588.0;611.0;483.0;972.0;203.0;131.0;252.0;906.0;696.0;709.0;524.0;493.0;1082.0;251.0;632.0;542.0;47.0;625.0;1019.0;959.0;808.0;644.0;873.0;387.0;325.0;686.0;478.0;826.0;478.0;526.0;383.0;756.0;0.0;958.0;884.0;708.0;779.0;204.0;501.0;179.0;332.0;766.0;916.0;893.0;930.0;483.0;830.0;743.0;471.0;305.0;540.0;968.0;706.0;581.0;638.0;572.0;862.0;41.0;577.0;584.0;576.0;782.0;877.0;898.0;1078.0;925.0;850.0;887.0;549.0;898.0;1007.0;213.0;544.0;469.0;326.0;923.0;760.0;710.0;777.0;800.0;618.0;291.0;476.0;810.0;541.0;498.0;589.0;213.0;860.0;624.0;547.0;359.0;348.0;287.0;810.0;921.0;878.0;670.0;725.0;628.0;805.0;187.0;827.0;372.0;834.0;530.0;804.0;576.0;268.0;487.0;504.0;701.0;289.0;1015.0;883.0;438.0;727.0;800.0;434.0;491.0;232.0;487.0;558.0;884.0;510.0;331.0;548.0;594.0;520.0;899.0;612.0;78.0;267.0;574.0;501.0;467.0;411.0;215.0;569.0;570.0;695.0;464.0;907.0;530.0;498.0;531.0;179.0;470.0;493.0;604.0;509.0;184.0;461.0;520.0;678.0;403.0;428.0;306.0;275.0;463.0;517.0;718.0
33;371.0;721.0;804.0;15.0;894.0;844.0;804.0;83.0;278.0;739.0;558.0;687.0;176.0;758.0;667.0;522.0;911.0;552.0;169.0;106.0;232.0;758.0;172.0;667.0;747.0;340.0;559.0;766.0;552.0;532.0;824.0;557.0;958.0;0.0;121.0;638.0;662.0;840.0;704.0;792.0;786.0;227.0;96.0;610.0;61.0;488.0;161.0;310.0;634.0;814.0;419.0;82.0;284.0;436.0;322.0;740.0;676.0;999.0;610.0;375.0;784.0;203.0;331.0;437.0;137.0;154.0;645.0;269.0;587.0;136.0;316.0;801.0;427.0;730.0;634.0;43.0;239.0;529.0;197.0;205.0;383.0;668.0;794.0;456.0;684.0;698.0;454.0;875.0;547.0;619.0;485.0;602.0;628.0;739.0;646.0;513.0;524.0;613.0;383.0;546.0;604.0;863.0;426.0;699.0;514.0;581.0;561.0;679.0;706.0;788.0;736.0;424.0;825.0;365.0;404.0;582.0;371.0;695.0;773.0;597.0;729.0;688.0;691.0;639.0;771.0;660.0;630.0;426.0;749.0;529.0;552.0;1036.0;802.0;673.0;782.0;622.0;547.0;751.0;638.0;569.0;458.0;580.0;599.0;667.0;614.0;507.0;808.0;707.0;783.0;615.0;483.0;824.0;511.0;722.0;449.0;566.0;565.0;820.0;683.0;712.0;701.0;510.0
34;314.0;729.0;791.0;134.0;843.0;764.0;710.0;38.0;254.0;763.0;542.0;575.0;297.0;669.0;679.0;506.0;837.0;560.0;145.0;75.0;112.0;771.0;53.0;567.0;648.0;340.0;457.0;807.0;451.0;513.0;797.0;436.0;884.0;121.0;0.0;517.0;542.0;750.0;591.0;728.0;750.0;234.0;180.0;494.0;63.0;403.0;191.0;330.0;526.0;715.0;348.0;193.0;183.0;332.0;271.0;742.0;558.0;925.0;493.0;319.0;786.0;210.0;218.0;506.0;198.0;242.0;527.0;158.0;473.0;210.0;416.0;713.0;382.0;619.0;567.0;80.0;247.0;555.0;107.0;92.0;282.0;597.0;780.0;504.0;679.0;686.0;346.0;824.0;430.0;630.0;380.0;525.0;572.0;690.0;527.0;402.0;409.0;632.0;406.0;428.0;484.0;808.0;308.0;663.0;567.0;569.0;441.0;681.0;645.0;776.0;726.0;304.0;783.0;462.0;291.0;546.0;251.0;735.0;753.0;577.0;653.0;674.0;690.0;522.0;762.0;608.0;625.0;408.0;742.0;416.0;434.0;961.0;756.0;674.0;772.0;600.0;475.0;685.0;637.0;566.0;338.0;551.0;484.0;660.0;598.0;402.0;746.0;691.0;772.0;621.0;388.0;766.0;426.0;715.0;331.0;510.0;520.0;781.0;612.0;694.0;693.0;538.0
35;499.0;939.0;915.0;651.0;793.0;582.0;457.0;555.0;575.0;1017.0;725.0;215.0;814.0;462.0;913.0;704.0;672.0;813.0;569.0;561.0;406.0;988.0;469.0;331.0;383.0;657.0;289.0;1106.0;296.0;698.0;862.0;93.0;708.0;638.0;517.0;0.0;74.0;507.0;211.0;644.0;791.0;624.0;676.0;191.0;579.0;396.0;636.0;693.0;246.0;414.0;457.0;705.0;397.0;304.0;514.0;927.0;155.0;742.0;140.0;501.0;963.0;615.0;340.0;920.0;678.0;729.0;142.0;394.0;182.0;691.0;897.0;495.0;551.0;246.0;538.0;596.0;631.0;859.0;470.0;440.0;339.0;536.0;903.0;876.0;860.0;840.0;269.0;783.0;182.0;869.0;281.0;466.0;592.0;697.0;102.0;256.0;210.0;898.0;746.0;133.0;104.0;752.0;237.0;734.0;935.0;757.0;124.0;882.0;611.0;906.0;876.0;221.0;794.0;935.0;290.0;657.0;271.0;1042.0;857.0;736.0;533.0;822.0;879.0;177.0;908.0;628.0;819.0;645.0;898.0;227.0;142.0;763.0;753.0;875.0;911.0;741.0;476.0;613.0;842.0;781.0;186.0;687.0;208.0;837.0;761.0;273.0;673.0;826.0;906.0;850.0;346.0;703.0;397.0;877.0;202.0;560.0;612.0;803.0;536.0;825.0;857.0;850.0
36;559.0;1007.0;987.0;675.0;867.0;654.0;528.0;580.0;627.0;1083.0;793.0;286.0;838.0;534.0;979.0;770.0;743.0;877.0;575.0;577.0;435.0;1057.0;491.0;405.0;454.0;713.0;361.0;1170.0;368.0;765.0;935.0;107.0;779.0;662.0;542.0;74.0;0.0;577.0;279.0;718.0;864.0;671.0;709.0;135.0;602.0;464.0;677.0;745.0;320.0;482.0;520.0;733.0;442.0;366.0;570.0;997.0;83.0;812.0;214.0;561.0;1033.0;660.0;346.0;970.0;688.0;765.0;77.0;404.0;255.0;728.0;936.0;567.0;614.0;313.0;611.0;622.0;679.0;920.0;508.0;472.0;396.0;610.0;975.0;931.0;929.0;910.0;331.0;857.0;150.0;935.0;348.0;539.0;664.0;771.0;37.0;224.0;181.0;962.0;802.0;200.0;67.0;826.0;242.0;806.0;991.0;824.0;107.0;951.0;685.0;977.0;947.0;263.0;867.0;977.0;285.0;727.0;308.0;1105.0;929.0;805.0;607.0;892.0;947.0;114.0;979.0;701.0;887.0;707.0;969.0;194.0;211.0;833.0;827.0;943.0;982.0;810.0;548.0;687.0;910.0;848.0;230.0;756.0;155.0;906.0;830.0;342.0;747.0;897.0;977.0;916.0;414.0;777.0;467.0;947.0;250.0;631.0;682.0;876.0;609.0;896.0;927.0;911.0
