Vehicle:
Average speed:;1362
Time limit:;286.035
Fuel comsumption rate:;1
Fuel Capacity:;681
Depot:
ID;X;Y;Service Time
0;0;0;0
Customers:
ID;X;Y;Service Time
1;18;761;8.56604
2;835;397;8.56604
3;299;16;8.56604
4;31;168;8.56604
5;142;257;8.56604
7;612;357;8.56604
9;105;188;8.56604
10;487;636;8.56604
12;672;148;8.56604
13;506;259;8.56604
15;888;203;8.56604
16;107;534;8.56604
18;475;182;8.56604
20;719;220;8.56604
21;655;722;8.56604
22;844;197;8.56604
24;460;844;8.56604
25;739;102;8.56604
26;301;523;8.56604
27;341;627;8.56604
30;44;72;8.56604
31;861;67;8.56604
32;163;416;8.56604
34;722;397;8.56604
35;317;903;8.56604
36;547;95;8.56604
37;944;106;8.56604
38;935;192;8.56604
39;128;376;8.56604
40;908;176;8.56604
41;720;226;8.56604
43;791;498;8.56604
45;530;693;8.56604
46;141;673;8.56604
48;634;301;8.56604
49;427;853;8.56604
51;47;557;8.56604
52;48;202;8.56604
53;791;67;8.56604
55;526;842;8.56604
56;535;216;8.56604
57;828;214;8.56604
58;829;352;8.56604
59;623;473;8.56604
61;74;187;8.56604
62;275;415;8.56604
64;51;597;8.56604
65;894;395;8.56604
66;159;743;8.56604
67;301;893;8.56604
70;709;153;8.56604
71;391;153;8.56604
72;876;370;8.56604
74;604;107;8.56604
75;117;709;8.56604
76;507;89;8.56604
77;348;744;8.56604
78;476;204;8.56604
79;181;957;8.56604
81;158;788;8.56604
82;414;685;8.56604
83;358;66;8.56604
84;196;732;8.56604
85;283;343;8.56604
87;5;468;8.56604
88;459;43;8.56604
89;555;414;8.56604
90;94;964;8.56604
92;641;424;8.56604
93;132;16;8.56604
95;25;205;8.56604
96;852;45;8.56604
97;5;686;8.56604
98;400;682;8.56604
99;501;234;8.56604
102;817;114;8.56604
106;333;829;8.56604
107;223;584;8.56604
108;306;412;8.56604
109;209;663;8.56604
110;206;549;8.56604
111;542;691;8.56604
112;296;10;8.56604
113;215;747;8.56604
115;9;553;8.56604
116;411;59;8.56604
117;382;800;8.56604
119;608;727;8.56604
120;481;574;8.56604
121;169;950;8.56604
122;350;608;8.56604
123;396;536;8.56604
124;36;459;8.56604
125;359;339;8.56604
127;10;569;8.56604
128;813;10;8.56604
129;569;627;8.56604
130;692;467;8.56604
131;166;178;8.56604
132;247;413;8.56604
133;738;487;8.56604
134;508;327;8.56604
138;177;207;8.56604
139;357;374;8.56604
141;365;701;8.56604
146;60;66;8.56604
147;252;267;8.56604
149;338;688;8.56604
150;900;168;8.56604
152;852;59;8.56604
153;921;72;8.56604
154;845;534;8.56604
155;387;253;8.56604
156;812;354;8.56604
157;5;404;8.56604
158;590;575;8.56604
159;930;128;8.56604
160;184;742;8.56604
161;832;466;8.56604
162;285;346;8.56604
164;32;531;8.56604
165;966;58;8.56604
166;31;40;8.56604
167;162;539;8.56604
168;621;425;8.56604
169;802;495;8.56604
170;385;493;8.56604
171;769;329;8.56604
172;921;15;8.56604
173;64;106;8.56604
175;943;122;8.56604
176;103;285;8.56604
177;304;739;8.56604
178;398;212;8.56604
179;335;459;8.56604
180;43;108;8.56604
181;400;255;8.56604
183;179;147;8.56604
185;60;32;8.56604
188;218;360;8.56604
189;321;463;8.56604
190;403;172;8.56604
191;32;134;8.56604
192;218;490;8.56604
193;44;456;8.56604
194;430;570;8.56604
196;509;572;8.56604
198;639;505;8.56604
201;479;341;8.56604
202;207;937;8.56604
204;235;795;8.56604
205;557;130;8.56604
207;482;320;8.56604
208;60;761;8.56604
209;836;272;8.56604
210;413;327;8.56604
211;509;379;8.56604
214;176;910;8.56604
217;838;79;8.56604
AFSs:
ID;X;Y;Service Time
6;242;984;23.0847
8;663;812;23.0847
11;993;703;23.0847
14;953;706;23.0847
17;772;692;23.0847
19;828;775;23.0847
23;918;600;23.0847
28;989;936;23.0847
29;935;602;23.0847
33;981;503;23.0847
42;738;793;23.0847
44;712;751;23.0847
47;380;544;23.0847
50;606;949;23.0847
54;546;876;23.0847
60;374;1000;23.0847
63;726;789;23.0847
68;755;946;23.0847
69;978;261;23.0847
73;846;725;23.0847
80;948;710;23.0847
86;456;931;23.0847
91;558;360;23.0847
94;777;947;23.0847
100;905;968;23.0847
101;492;971;23.0847
103;651;941;23.0847
104;817;643;23.0847
105;735;937;23.0847
114;148;641;23.0847
118;824;612;23.0847
126;798;917;23.0847
135;158;986;23.0847
136;983;244;23.0847
137;637;109;23.0847
140;361;972;23.0847
142;582;957;23.0847
143;712;996;23.0847
144;932;452;23.0847
145;847;981;23.0847
148;944;435;23.0847
151;583;871;23.0847
163;548;976;23.0847
174;854;678;23.0847
182;935;851;23.0847
184;822;749;23.0847
186;829;992;23.0847
187;783;760;23.0847
195;896;875;23.0847
197;424;936;23.0847
199;914;852;23.0847
200;984;435;23.0847
203;709;700;23.0847
206;270;964;23.0847
212;961;329;23.0847
213;819;754;23.0847
215;648;809;23.0847
216;640;892;23.0847
218;552;232;23.0847
Distance matrix:
;0;1;2;3;4;5;6;7;8;9;10;11;12;13;14;15;16;17;18;19;20;21;22;23;24;25;26;27;28;29;30;31;32;33;34;35;36;37;38;39;40;41;42;43;44;45;46;47;48;49;50;51;52;53;54;55;56;57;58;59;60;61;62;63;64;65;66;67;68;69;70;71;72;73;74;75;76;77;78;79;80;81;82;83;84;85;86;87;88;89;90;91;92;93;94;95;96;97;98;99;100;101;102;103;104;105;106;107;108;109;110;111;112;113;114;115;116;117;118;119;120;121;122;123;124;125;126;127;128;129;130;131;132;133;134;135;136;137;138;139;140;141;142;143;144;145;146;147;148;149;150;151;152;153;154;155;156;157;158;159;160;161;162;163;164;165;166;167;168;169;170;171;172;173;174;175;176;177;178;179;180;181;182;183;184;185;186;187;188;189;190;191;192;193;194;195;196;197;198;199;200;201;202;203;204;205;206;207;208;209;210;211;212;213;214;215;216;217;218
0;0.0;761.0;925.0;299.0;171.0;294.0;1013.0;709.0;1048.0;215.0;801.0;1217.0;688.0;568.0;1186.0;911.0;545.0;1037.0;509.0;1134.0;752.0;975.0;867.0;1097.0;961.0;746.0;603.0;714.0;1362.0;1112.0;84.0;864.0;447.0;1102.0;824.0;957.0;555.0;950.0;955.0;397.0;925.0;755.0;1083.0;935.0;1035.0;872.0;688.0;664.0;702.0;954.0;1126.0;559.0;208.0;794.0;1032.0;993.0;577.0;855.0;901.0;782.0;1068.0;201.0;498.0;1072.0;599.0;977.0;760.0;942.0;1210.0;1012.0;725.0;420.0;951.0;1114.0;613.0;719.0;515.0;821.0;518.0;974.0;1184.0;804.0;800.0;364.0;758.0;445.0;1037.0;468.0;461.0;692.0;969.0;664.0;769.0;133.0;1225.0;207.0;853.0;686.0;791.0;553.0;1325.0;1089.0;825.0;1144.0;1040.0;1191.0;893.0;625.0;513.0;695.0;586.0;878.0;296.0;777.0;658.0;553.0;415.0;887.0;1026.0;948.0;749.0;965.0;702.0;666.0;460.0;494.0;1216.0;569.0;813.0;847.0;835.0;243.0;481.0;884.0;604.0;999.0;1013.0;646.0;272.0;517.0;1037.0;790.0;1120.0;1224.0;1036.0;1296.0;89.0;367.0;1039.0;767.0;916.0;1048.0;854.0;924.0;1000.0;462.0;886.0;404.0;824.0;939.0;764.0;954.0;448.0;1119.0;532.0;968.0;51.0;563.0;753.0;942.0;626.0;836.0;921.0;124.0;1090.0;951.0;303.0;799.0;451.0;568.0;116.0;474.0;1264.0;232.0;1112.0;68.0;1293.0;1091.0;421.0;563.0;438.0;138.0;536.0;458.0;714.0;1252.0;766.0;1028.0;814.0;1250.0;1076.0;588.0;960.0;996.0;829.0;572.0;1001.0;579.0;763.0;879.0;527.0;635.0;1016.0;1113.0;927.0;1037.0;1098.0;842.0;599.0
1;761.0;0.0;894.0;796.0;593.0;519.0;316.0;718.0;647.0;580.0;485.0;977.0;896.0;700.0;937.0;1034.0;244.0;757.0;738.0;810.0;885.0;638.0;1000.0;914.0;450.0;977.0;370.0;350.0;987.0;931.0;689.0;1092.0;374.0;997.0;793.0;331.0;851.0;1134.0;1079.0;400.0;1065.0;883.0;721.0;817.0;694.0;516.0;151.0;422.0;769.0;419.0;617.0;206.0;560.0;1039.0;540.0;514.0;751.0;977.0;908.0;670.0;429.0;577.0;431.0;709.0;167.0;949.0;142.0;312.0;760.0;1082.0;920.0;713.0;943.0;829.0;878.0;112.0;831.0;330.0;721.0;255.0;931.0;143.0;403.0;774.0;180.0;495.0;470.0;293.0;843.0;639.0;217.0;673.0;708.0;754.0;781.0;556.0;1099.0;76.0;390.0;715.0;911.0;518.0;1028.0;658.0;808.0;738.0;322.0;271.0;452.0;215.0;283.0;529.0;801.0;197.0;177.0;208.0;805.0;366.0;820.0;591.0;499.0;242.0;366.0;440.0;303.0;543.0;795.0;192.0;1094.0;567.0;735.0;601.0;417.0;770.0;655.0;265.0;1095.0;899.0;576.0;514.0;403.0;352.0;597.0;733.0;965.0;858.0;696.0;547.0;982.0;328.0;1063.0;576.0;1090.0;1136.0;858.0;628.0;892.0;357.0;601.0;1110.0;167.0;866.0;493.0;572.0;230.0;1180.0;721.0;265.0;690.0;828.0;454.0;866.0;1171.0;657.0;840.0;1124.0;484.0;287.0;668.0;438.0;653.0;634.0;921.0;635.0;804.0;730.0;843.0;765.0;448.0;425.0;704.0;627.0;337.0;306.0;454.0;885.0;526.0;442.0;672.0;901.0;1020.0;624.0;258.0;694.0;220.0;830.0;324.0;640.0;42.0;953.0;587.0;622.0;1037.0;801.0;217.0;632.0;636.0;1067.0;752.0
2;925.0;894.0;0.0;658.0;836.0;707.0;834.0;227.0;449.0;759.0;422.0;344.0;298.0;357.0;331.0;201.0;741.0;302.0;419.0;378.0;212.0;372.0;200.0;219.0;583.0;310.0;549.0;545.0;561.0;228.0;855.0;331.0;672.0;180.0;113.0;724.0;417.0;311.0;228.0;707.0;233.0;206.0;408.0;110.0;375.0;425.0;747.0;478.0;223.0;612.0;598.0;804.0;811.0;333.0;559.0;542.0;350.0;183.0;45.0;225.0;759.0;789.0;560.0;407.0;809.0;59.0;759.0;729.0;555.0;197.0;275.0;507.0;49.0;328.0;371.0;783.0;450.0;598.0;408.0;861.0;333.0;782.0;510.0;581.0;721.0;555.0;655.0;833.0;516.0;281.0;933.0;279.0;196.0;800.0;553.0;832.0;352.0;879.0;520.0;372.0;575.0;669.0;284.0;574.0;247.0;549.0;662.0;640.0;529.0;680.0;647.0;415.0;664.0;712.0;729.0;841.0;542.0;606.0;215.0;401.0;396.0;866.0;529.0;460.0;801.0;480.0;521.0;843.0;388.0;352.0;159.0;704.0;588.0;132.0;334.0;897.0;213.0;349.0;685.0;479.0;745.0;560.0;614.0;611.0;112.0;584.0;843.0;597.0;115.0;576.0;238.0;537.0;338.0;336.0;137.0;471.0;49.0;830.0;303.0;285.0;737.0;69.0;552.0;646.0;814.0;363.0;880.0;688.0;216.0;103.0;460.0;95.0;392.0;824.0;282.0;295.0;741.0;632.0;475.0;504.0;843.0;458.0;465.0;702.0;352.0;857.0;595.0;367.0;618.0;518.0;487.0;845.0;624.0;793.0;440.0;482.0;370.0;678.0;224.0;462.0;154.0;360.0;828.0;328.0;720.0;385.0;800.0;361.0;856.0;125.0;428.0;326.0;143.0;357.0;835.0;452.0;532.0;318.0;328.0
3;299.0;796.0;658.0;0.0;308.0;288.0;970.0;463.0;875.0;259.0;648.0;977.0;396.0;319.0;951.0;618.0;552.0;825.0;242.0;925.0;467.0;791.0;574.0;851.0;844.0;448.0;507.0;612.0;1150.0;865.0;261.0;564.0;422.0;838.0;569.0;887.0;260.0;651.0;660.0;399.0;630.0;470.0;892.0;689.0;843.0;715.0;676.0;534.0;440.0;847.0;982.0;597.0;312.0;495.0;895.0;857.0;309.0;565.0;628.0;560.0;987.0;283.0;400.0;883.0;632.0;705.0;740.0;877.0;1036.0;722.0;432.0;165.0;677.0;895.0;318.0;717.0;220.0;730.0;258.0;948.0;950.0;785.0;679.0;77.0;723.0;327.0;928.0;539.0;162.0;473.0;970.0;431.0;532.0;167.0;1047.0;333.0;554.0;732.0;674.0;297.0;1129.0;974.0;527.0;990.0;813.0;1019.0;814.0;573.0;396.0;653.0;541.0;717.0;7.0;736.0;643.0;610.0;120.0;788.0;794.0;775.0;587.0;943.0;594.0;529.0;515.0;329.0;1030.0;624.0;514.0;668.0;598.0;210.0;400.0;644.0;375.0;980.0;721.0;351.0;227.0;363.0;958.0;688.0;983.0;1063.0;769.0;1110.0;244.0;255.0;769.0;673.0;620.0;901.0;555.0;625.0;753.0;253.0;614.0;487.0;630.0;641.0;735.0;698.0;330.0;992.0;580.0;668.0;269.0;541.0;521.0;695.0;485.0;565.0;622.0;252.0;864.0;653.0;333.0;723.0;220.0;444.0;272.0;259.0;1050.0;178.0;900.0;240.0;1111.0;888.0;353.0;448.0;187.0;292.0;481.0;509.0;569.0;1046.0;594.0;928.0;596.0;1038.0;803.0;372.0;926.0;797.0;782.0;282.0;948.0;355.0;782.0;595.0;331.0;419.0;732.0;903.0;902.0;866.0;940.0;543.0;333.0
4;171.0;593.0;836.0;308.0;0.0;142.0;843.0;611.0;902.0;77.0;653.0;1101.0;641.0;484.0;1067.0;858.0;374.0;908.0;444.0;1002.0;690.0;834.0;814.0;987.0;801.0;711.0;446.0;554.0;1228.0;1003.0;97.0;836.0;281.0;1007.0;728.0;789.0;521.0;915.0;904.0;230.0;877.0;691.0;944.0;829.0;896.0;724.0;517.0;513.0;617.0;791.0;970.0;389.0;38.0;767.0;875.0;836.0;506.0;798.0;819.0;666.0;900.0;47.0;347.0;932.0;429.0;892.0;589.0;774.0;1063.0;952.0;678.0;360.0;869.0;987.0;576.0;548.0;483.0;657.0;446.0;803.0;1065.0;633.0;643.0;343.0;588.0;307.0;873.0;301.0;446.0;579.0;798.0;561.0;662.0;182.0;1079.0;37.0;830.0;519.0;633.0;475.0;1185.0;926.0;788.0;991.0;918.0;1043.0;727.0;458.0;368.0;526.0;419.0;731.0;309.0;608.0;487.0;386.0;395.0;723.0;909.0;803.0;606.0;794.0;543.0;518.0;291.0;370.0;1072.0;402.0;798.0;707.0;725.0;135.0;327.0;776.0;503.0;828.0;955.0;609.0;151.0;386.0;869.0;629.0;962.0;1072.0;945.0;1152.0;106.0;242.0;951.0;604.0;869.0;894.0;828.0;895.0;892.0;366.0;803.0;237.0;691.0;900.0;594.0;855.0;310.0;959.0;363.0;941.0;128.0;393.0;644.0;837.0;481.0;755.0;903.0;70.0;968.0;913.0;137.0;633.0;370.0;421.0;61.0;379.0;1133.0;149.0;981.0;139.0;1147.0;957.0;268.0;414.0;372.0;34.0;372.0;288.0;566.0;1117.0;626.0;863.0;695.0;1117.0;990.0;480.0;789.0;862.0;659.0;527.0;831.0;476.0;594.0;812.0;414.0;522.0;944.0;982.0;756.0;890.0;946.0;812.0;525.0
5;294.0;519.0;707.0;288.0;142.0;0.0;734.0;481.0;761.0;78.0;513.0;961.0;541.0;364.0;927.0;748.0;279.0;766.0;341.0;860.0;578.0;692.0;705.0;848.0;668.0;617.0;310.0;420.0;1086.0;865.0;209.0;744.0;160.0;874.0;597.0;669.0;436.0;816.0;796.0;120.0;770.0;579.0;802.0;692.0;754.0;584.0;416.0;373.0;494.0;661.0;833.0;315.0;109.0;676.0;739.0;700.0;395.0;687.0;694.0;527.0;778.0;98.0;207.0;790.0;352.0;765.0;486.0;656.0;922.0;836.0;576.0;270.0;743.0;845.0;486.0;453.0;402.0;529.0;338.0;701.0;925.0;531.0;507.0;288.0;478.0;165.0;744.0;252.0;382.0;442.0;709.0;429.0;526.0;241.0;938.0;128.0;741.0;450.0;497.0;360.0;1043.0;795.0;690.0;853.0;778.0;902.0;603.0;337.0;226.0;411.0;299.0;590.0;291.0;495.0;384.0;325.0;334.0;594.0;769.0;662.0;464.0;694.0;408.0;377.0;228.0;232.0;931.0;339.0;715.0;565.0;589.0;83.0;188.0;639.0;373.0;729.0;841.0;517.0;61.0;245.0;748.0;497.0;827.0;933.0;814.0;1011.0;208.0;110.0;822.0;473.0;763.0;756.0;737.0;801.0;756.0;245.0;677.0;201.0;549.0;798.0;487.0;721.0;168.0;826.0;295.0;848.0;244.0;283.0;508.0;702.0;339.0;631.0;816.0;170.0;827.0;812.0;48.0;508.0;260.0;279.0;179.0;258.0;991.0;116.0;839.0;239.0;1006.0;815.0;128.0;273.0;274.0;165.0;245.0;222.0;425.0;975.0;484.0;735.0;555.0;975.0;861.0;347.0;683.0;720.0;546.0;434.0;718.0;346.0;511.0;694.0;280.0;387.0;822.0;840.0;654.0;749.0;807.0;718.0;411.0
6;1013.0;316.0;834.0;970.0;843.0;734.0;0.0;728.0;455.0;808.0;426.0;802.0;940.0;772.0;763.0;1014.0;470.0;605.0;835.0;622.0;901.0;489.0;991.0;777.0;259.0;1012.0;465.0;370.0;749.0;791.0;933.0;1106.0;573.0;882.0;758.0;110.0;940.0;1124.0;1052.0;619.0;1047.0;896.0;532.0;733.0;525.0;409.0;327.0;461.0;787.0;227.0;366.0;469.0;806.0;1069.0;323.0;318.0;822.0;968.0;863.0;637.0;133.0;815.0;570.0;522.0;432.0;879.0;255.0;108.0;514.0;1032.0;953.0;844.0;883.0;657.0;949.0;302.0;933.0;262.0;814.0;67.0;757.0;213.0;345.0;925.0;256.0;642.0;220.0;568.0;966.0;650.0;149.0;699.0;688.0;974.0;536.0;809.0;1120.0;381.0;341.0;793.0;663.0;250.0;1043.0;411.0;669.0;495.0;180.0;400.0;576.0;323.0;436.0;419.0;975.0;239.0;356.0;490.0;940.0;231.0;691.0;447.0;475.0;81.0;391.0;474.0;564.0;656.0;560.0;475.0;1129.0;484.0;685.0;810.0;571.0;702.0;709.0;84.0;1047.0;960.0;780.0;621.0;120.0;309.0;341.0;470.0;871.0;605.0;936.0;717.0;891.0;311.0;1048.0;359.0;1108.0;1137.0;752.0;745.0;850.0;627.0;537.0;1098.0;249.0;785.0;639.0;306.0;499.0;1175.0;967.0;452.0;675.0;743.0;511.0;841.0;1183.0;896.0;684.0;1111.0;713.0;253.0;788.0;533.0;898.0;746.0;706.0;839.0;626.0;969.0;587.0;586.0;624.0;527.0;828.0;876.0;495.0;564.0;455.0;663.0;491.0;188.0;622.0;685.0;923.0;685.0;59.0;547.0;189.0;910.0;34.0;706.0;288.0;927.0;679.0;661.0;973.0;621.0;99.0;442.0;408.0;1084.0;813.0
7;709.0;718.0;227.0;463.0;611.0;481.0;728.0;0.0;458.0;534.0;306.0;515.0;217.0;144.0;488.0;316.0;535.0;371.0;222.0;471.0;174.0;368.0;282.0;391.0;510.0;285.0;353.0;383.0;691.0;405.0;635.0;382.0;453.0;397.0;117.0;621.0;270.0;416.0;363.0;484.0;347.0;170.0;454.0;228.0;406.0;346.0;567.0;298.0;60.0;529.0;592.0;599.0;585.0;341.0;523.0;493.0;161.0;259.0;217.0;117.0;686.0;564.0;342.0;447.0;610.0;285.0;595.0;620.0;606.0;378.0;226.0;301.0;264.0;436.0;250.0;607.0;288.0;468.0;205.0;739.0;487.0;626.0;383.0;386.0;560.0;329.0;595.0;617.0;349.0;81.0;798.0;54.0;73.0;589.0;613.0;606.0;394.0;690.0;388.0;166.0;678.0;626.0;318.0;585.0;352.0;593.0;548.0;450.0;311.0;506.0;449.0;341.0;469.0;557.0;544.0;634.0;359.0;499.0;332.0;370.0;253.0;740.0;363.0;281.0;585.0;254.0;590.0;638.0;401.0;273.0;136.0;481.0;369.0;181.0;108.0;776.0;388.0;249.0;460.0;256.0;664.0;423.0;601.0;647.0;334.0;667.0;624.0;371.0;341.0;430.0;344.0;515.0;383.0;420.0;293.0;248.0;200.0;609.0;219.0;392.0;576.0;246.0;327.0;622.0;606.0;463.0;662.0;485.0;69.0;235.0;265.0;159.0;461.0;603.0;402.0;406.0;514.0;491.0;258.0;295.0;621.0;235.0;590.0;481.0;445.0;641.0;671.0;438.0;394.0;310.0;279.0;621.0;416.0;577.0;280.0;591.0;238.0;609.0;150.0;580.0;380.0;134.0;707.0;356.0;578.0;234.0;697.0;135.0;684.0;240.0;201.0;105.0;350.0;448.0;704.0;453.0;536.0;358.0;139.0
8;1048.0;647.0;449.0;875.0;902.0;761.0;455.0;458.0;0.0;837.0;249.0;348.0;664.0;575.0;309.0;649.0;622.0;162.0;657.0;169.0;595.0;90.0;641.0;332.0;206.0;714.0;463.0;371.0;349.0;344.0;965.0;771.0;638.0;443.0;419.0;358.0;726.0;760.0;677.0;690.0;682.0;589.0;77.0;339.0;78.0;178.0;540.0;390.0;512.0;240.0;148.0;667.0;866.0;756.0;133.0;140.0;610.0;620.0;489.0;341.0;345.0;859.0;555.0;67.0;649.0;477.0;509.0;371.0;163.0;635.0;661.0;713.0;491.0;203.0;707.0;556.0;740.0;322.0;636.0;503.0;303.0;506.0;280.0;806.0;474.0;604.0;239.0;742.0;796.0;412.0;589.0;464.0;389.0;957.0;177.0;881.0;790.0;670.0;293.0;600.0;288.0;233.0;715.0;130.0;229.0;144.0;330.0;496.0;536.0;478.0;527.0;171.0;882.0;453.0;543.0;703.0;794.0;281.0;257.0;101.0;300.0;513.0;374.0;384.0;720.0;562.0;171.0;697.0;816.0;208.0;346.0;806.0;576.0;334.0;509.0;534.0;652.0;703.0;776.0;534.0;342.0;318.0;166.0;190.0;449.0;250.0;959.0;683.0;470.0;348.0;686.0;99.0;776.0;784.0;332.0;623.0;482.0;774.0;248.0;734.0;484.0;385.0;600.0;200.0;691.0;813.0;998.0;571.0;389.0;346.0;423.0;494.0;838.0;926.0;233.0;745.0;769.0;366.0;656.0;482.0;938.0;616.0;275.0;822.0;171.0;986.0;245.0;131.0;634.0;489.0;691.0;926.0;549.0;714.0;336.0;241.0;285.0;269.0;308.0;254.0;495.0;506.0;473.0;121.0;428.0;690.0;421.0;524.0;605.0;567.0;546.0;460.0;568.0;166.0;497.0;15.0;83.0;754.0;591.0
9;215.0;580.0;759.0;259.0;77.0;78.0;808.0;534.0;837.0;0.0;589.0;1027.0;568.0;407.0;994.0;783.0;346.0;836.0;370.0;931.0;615.0;767.0;739.0;911.0;746.0;640.0;388.0;498.0;1158.0;928.0;131.0;766.0;235.0;931.0;651.0;746.0;452.0;843.0;830.0;189.0;803.0;616.0;876.0;753.0;828.0;660.0;486.0;450.0;541.0;739.0;911.0;374.0;59.0;697.0;817.0;778.0;431.0;723.0;742.0;591.0;855.0;31.0;284.0;864.0;413.0;816.0;558.0;732.0;999.0;876.0;605.0;288.0;792.0;915.0;506.0;521.0;414.0;607.0;371.0;773.0;992.0;602.0;585.0;281.0;552.0;236.0;822.0;297.0;383.0;504.0;776.0;485.0;586.0;174.0;1014.0;82.0;761.0;508.0;575.0;399.0;1117.0;873.0;716.0;930.0;845.0;979.0;680.0;413.0;301.0;486.0;375.0;666.0;261.0;570.0;455.0;377.0;332.0;672.0;835.0;737.0;539.0;765.0;486.0;454.0;280.0;295.0;1006.0;393.0;730.0;639.0;650.0;62.0;266.0;700.0;426.0;800.0;880.0;538.0;74.0;313.0;825.0;575.0;905.0;1011.0;868.0;1086.0;130.0;167.0;875.0;552.0;795.0;834.0;758.0;824.0;817.0;289.0;726.0;238.0;620.0;827.0;560.0;778.0;240.0;904.0;351.0;871.0;165.0;356.0;568.0;762.0;414.0;679.0;834.0;92.0;895.0;841.0;97.0;586.0;294.0;355.0;101.0;303.0;1062.0;85.0;910.0;162.0;1082.0;887.0;206.0;350.0;298.0;91.0;322.0;275.0;502.0;1048.0;557.0;813.0;621.0;1047.0;913.0;404.0;756.0;792.0;621.0;456.0;793.0;399.0;575.0;736.0;338.0;447.0;868.0;911.0;725.0;825.0;884.0;741.0;449.0
10;801.0;485.0;422.0;648.0;653.0;513.0;426.0;306.0;249.0;589.0;0.0;510.0;522.0;377.0;471.0;590.0;393.0;290.0;454.0;368.0;476.0;189.0;566.0;433.0;210.0;590.0;218.0;146.0;585.0;449.0;717.0;681.0;392.0;512.0;335.0;317.0;544.0;700.0;631.0;443.0;624.0;472.0;296.0;334.0;253.0;71.0;348.0;141.0;366.0;225.0;335.0;447.0;617.0;645.0;247.0;210.0;423.0;543.0;445.0;212.0;381.0;610.0;306.0;284.0;438.0;473.0;345.0;317.0;410.0;618.0;532.0;492.0;471.0;370.0;542.0;377.0;547.0;176.0;432.0;443.0;467.0;362.0;88.0;584.0;306.0;357.0;297.0;510.0;594.0;232.0;512.0;285.0;262.0;714.0;425.0;632.0;695.0;485.0;98.0;402.0;534.0;335.0;618.0;346.0;330.0;390.0;247.0;269.0;288.0;279.0;294.0;78.0;654.0;294.0;339.0;485.0;582.0;195.0;338.0;151.0;62.0;447.0;140.0;135.0;484.0;323.0;419.0;482.0;706.0;82.0;266.0;559.0;328.0;292.0;310.0;480.0;632.0;548.0;529.0;292.0;359.0;138.0;335.0;425.0;482.0;499.0;712.0;437.0;499.0;158.0;624.0;254.0;683.0;712.0;372.0;396.0;430.0;535.0;120.0;674.0;321.0;385.0;353.0;345.0;467.0;751.0;750.0;339.0;250.0;345.0;176.0;417.0;758.0;678.0;369.0;687.0;520.0;210.0;433.0;233.0;690.0;391.0;497.0;578.0;354.0;740.0;494.0;321.0;385.0;240.0;472.0;678.0;306.0;478.0;87.0;474.0;68.0;307.0;201.0;479.0;536.0;295.0;411.0;231.0;298.0;511.0;393.0;316.0;445.0;504.0;318.0;258.0;565.0;352.0;414.0;236.0;298.0;658.0;409.0
11;1217.0;977.0;344.0;977.0;1101.0;961.0;802.0;515.0;348.0;1027.0;510.0;0.0;641.0;659.0;40.0;511.0;902.0;221.0;735.0;180.0;555.0;339.0;527.0;127.0;551.0;652.0;715.0;656.0;233.0;116.0;1140.0;650.0;878.0;200.0;409.0;705.0;754.0;599.0;514.0;925.0;534.0;550.0;270.0;288.0;285.0;463.0;853.0;633.0;539.0;586.0;459.0;957.0;1070.0;667.0;479.0;487.0;669.0;516.0;387.0;436.0;687.0;1054.0;774.0;281.0;948.0;324.0;835.0;718.0;340.0;442.0;619.0;815.0;353.0;149.0;712.0;876.0;783.0;646.0;719.0;851.0;46.0;839.0;579.0;899.0;798.0;796.0;583.0;1016.0;849.0;525.0;936.0;554.0;449.0;1101.0;326.0;1089.0;673.0;988.0;593.0;680.0;279.0;568.0;615.0;417.0;186.0;348.0;672.0;779.0;746.0;785.0;802.0;451.0;983.0;779.0;847.0;995.0;868.0;619.0;192.0;386.0;528.0;860.0;650.0;620.0;988.0;731.0;290.0;992.0;716.0;431.0;382.0;980.0;800.0;334.0;614.0;882.0;459.0;693.0;955.0;716.0;687.0;628.0;483.0;406.0;258.0;314.0;1130.0;860.0;272.0;655.0;543.0;443.0;659.0;635.0;225.0;755.0;393.0;1032.0;423.0;578.0;810.0;287.0;793.0;522.0;976.0;646.0;1168.0;847.0;464.0;282.0;643.0;436.0;692.0;1104.0;141.0;583.0;983.0;690.0;771.0;702.0;1121.0;743.0;159.0;986.0;177.0;1149.0;332.0;218.0;848.0;714.0;794.0;1117.0;804.0;981.0;578.0;197.0;501.0;615.0;406.0;169.0;268.0;629.0;820.0;284.0;764.0;720.0;769.0;639.0;935.0;459.0;691.0;582.0;375.0;181.0;843.0;361.0;400.0;643.0;645.0
12;688.0;896.0;298.0;396.0;641.0;541.0;940.0;217.0;664.0;568.0;522.0;641.0;0.0;200.0;625.0;223.0;684.0;553.0;200.0;646.0;86.0;574.0;179.0;515.0;728.0;81.0;528.0;582.0;849.0;525.0;633.0;206.0;575.0;471.0;254.0;834.0;136.0;275.0;267.0;590.0;238.0;92.0;648.0;370.0;604.0;563.0;747.0;492.0;158.0;746.0;804.0;747.0;626.0;144.0;739.0;709.0;153.0;169.0;257.0;329.0;903.0;599.0;478.0;643.0;766.0;332.0;786.0;832.0;802.0;326.0;37.0;281.0;301.0;603.0;79.0;789.0;175.0;678.0;204.0;946.0;626.0;821.0;596.0;325.0;753.0;435.0;812.0;740.0;237.0;291.0;1000.0;241.0;278.0;556.0;806.0;650.0;207.0;857.0;599.0;191.0;852.0;842.0;149.0;793.0;516.0;792.0;761.0;626.0;451.0;693.0;615.0;558.0;401.0;753.0;719.0;777.0;276.0;714.0;488.0;583.0;467.0;947.0;562.0;476.0;708.0;367.0;779.0;785.0;197.0;490.0;320.0;507.0;501.0;345.0;243.0;983.0;325.0;52.0;499.0;388.0;881.0;633.0;814.0;849.0;400.0;851.0;617.0;437.0;395.0;635.0;229.0;728.0;201.0;260.0;423.0;304.0;249.0;714.0;435.0;259.0;769.0;356.0;435.0;837.0;746.0;307.0;650.0;643.0;282.0;371.0;449.0;205.0;282.0;609.0;560.0;272.0;585.0;696.0;281.0;459.0;630.0;292.0;751.0;493.0;619.0;623.0;858.0;622.0;501.0;472.0;270.0;640.0;568.0;699.0;486.0;761.0;454.0;826.0;359.0;744.0;424.0;273.0;916.0;553.0;781.0;116.0;910.0;256.0;866.0;206.0;315.0;283.0;341.0;624.0;909.0;661.0;745.0;180.0;146.0
13;568.0;700.0;357.0;319.0;484.0;364.0;772.0;144.0;575.0;407.0;377.0;659.0;200.0;0.0;632.0;386.0;485.0;508.0;83.0;608.0;217.0;486.0;344.0;535.0;587.0;281.0;334.0;403.0;832.0;549.0;498.0;404.0;377.0;534.0;256.0;671.0;169.0;464.0;434.0;396.0;410.0;217.0;582.0;372.0;533.0;435.0;552.0;312.0;135.0;599.0;697.0;547.0;462.0;344.0;618.0;583.0;52.0;325.0;336.0;244.0;753.0;438.0;279.0;574.0;567.0;411.0;596.0;666.0;731.0;472.0;229.0;156.0;386.0;577.0;181.0;595.0;170.0;510.0;63.0;770.0;631.0;633.0;436.0;243.0;566.0;238.0;674.0;543.0;221.0;163.0;817.0;114.0;213.0;446.0;739.0;484.0;407.0;658.0;436.0;25.0;814.0;712.0;343.0;697.0;494.0;716.0;596.0;431.0;252.0;501.0;417.0;433.0;326.0;568.0;524.0;577.0;221.0;555.0;475.0;479.0;316.0;769.0;382.0;298.0;511.0;167.0;720.0;585.0;395.0;373.0;279.0;350.0;301.0;325.0;68.0;806.0;477.0;199.0;333.0;188.0;728.0;464.0;702.0;765.0;468.0;798.0;486.0;254.0;472.0;461.0;404.0;617.0;400.0;455.0;437.0;119.0;320.0;522.0;327.0;444.0;580.0;386.0;238.0;718.0;546.0;502.0;523.0;444.0;202.0;379.0;263.0;272.0;481.0;468.0;545.0;458.0;404.0;521.0;118.0;263.0;487.0;106.0;731.0;346.0;583.0;500.0;801.0;572.0;305.0;275.0;135.0;490.0;369.0;502.0;320.0;729.0;313.0;682.0;280.0;720.0;509.0;86.0;741.0;485.0;601.0;139.0;743.0;66.0;672.0;330.0;115.0;120.0;460.0;586.0;730.0;568.0;647.0;378.0;53.0
14;1186.0;937.0;331.0;951.0;1067.0;927.0;763.0;488.0;309.0;994.0;471.0;40.0;625.0;632.0;0.0;507.0;863.0;182.0;709.0;143.0;539.0;298.0;521.0;112.0;512.0;641.0;677.0;617.0;233.0;106.0;1108.0;646.0;842.0;205.0;386.0;666.0;734.0;600.0;514.0;889.0;532.0;534.0;232.0;264.0;245.0;423.0;813.0;595.0;516.0;546.0;424.0;918.0;1036.0;659.0;441.0;448.0;644.0;508.0;375.0;404.0;649.0;1021.0;738.0;242.0;909.0;317.0;795.0;678.0;311.0;446.0;604.0;788.0;345.0;109.0;693.0;836.0;761.0;606.0;692.0;812.0;6.0;799.0;539.0;874.0;757.0;762.0;546.0;977.0;827.0;494.0;897.0;525.0;421.0;1072.0;298.0;1055.0;669.0;948.0;554.0;654.0;266.0;532.0;607.0;383.0;150.0;318.0;632.0;740.0;711.0;745.0;763.0;411.0;957.0;739.0;808.0;956.0;844.0;579.0;160.0;346.0;490.0;821.0;611.0;582.0;950.0;698.0;262.0;953.0;710.0;392.0;354.0;948.0;764.0;307.0;585.0;843.0;463.0;675.0;923.0;682.0;649.0;588.0;448.0;377.0;255.0;295.0;1099.0;827.0;271.0;615.0;541.0;405.0;655.0;635.0;203.0;725.0;379.0;995.0;386.0;578.0;770.0;269.0;759.0;487.0;937.0;648.0;1137.0;808.0;435.0;259.0;607.0;420.0;692.0;1073.0;103.0;584.0;949.0;650.0;743.0;666.0;1089.0;714.0;146.0;955.0;138.0;1119.0;312.0;178.0;812.0;677.0;767.0;1084.0;766.0;943.0;540.0;178.0;464.0;577.0;373.0;151.0;273.0;598.0;781.0;244.0;723.0;699.0;730.0;609.0;895.0;449.0;660.0;551.0;377.0;142.0;803.0;322.0;364.0;637.0;621.0
15;911.0;1034.0;201.0;618.0;858.0;748.0;1014.0;316.0;649.0;783.0;590.0;511.0;223.0;386.0;507.0;0.0;848.0;503.0;414.0;575.0;170.0;569.0;44.0;398.0;771.0;180.0;669.0;692.0;740.0;402.0;854.0;139.0;756.0;314.0;255.0;903.0;358.0;112.0;48.0;779.0;34.0;170.0;609.0;311.0;576.0;607.0;883.0;612.0;272.0;797.0;798.0;912.0;840.0;167.0;755.0;734.0;353.0;61.0;160.0;378.0;948.0;814.0;649.0;608.0;925.0;192.0;907.0;906.0;755.0;107.0;186.0;500.0;167.0;524.0;300.0;922.0;398.0;764.0;412.0;1034.0;511.0;935.0;676.0;547.0;871.0;621.0;847.0;922.0;458.0;394.0;1100.0;365.0;331.0;779.0;752.0;863.0;162.0;1006.0;684.0;388.0;765.0;864.0;114.0;775.0;446.0;750.0;837.0;766.0;618.0;820.0;765.0;598.0;623.0;865.0;860.0;946.0;498.0;783.0;414.0;594.0;551.0;1037.0;673.0;594.0;890.0;546.0;720.0;951.0;207.0;531.0;329.0;722.0;675.0;321.0;400.0;1071.0;103.0;268.0;711.0;558.0;932.0;722.0;814.0;812.0;253.0;779.0;839.0;639.0;239.0;733.0;37.0;734.0;148.0;135.0;334.0;503.0;169.0;906.0;477.0;86.0;887.0;269.0;620.0;844.0;917.0;165.0;872.0;800.0;347.0;304.0;581.0;173.0;191.0;830.0;476.0;98.0;789.0;793.0;490.0;609.0;850.0;491.0;650.0;711.0;550.0;845.0;791.0;567.0;688.0;624.0;486.0;859.0;729.0;881.0;587.0;672.0;529.0;868.0;391.0;650.0;251.0;432.0;1001.0;528.0;881.0;339.0;980.0;423.0;998.0;86.0;491.0;418.0;146.0;555.0;1003.0;652.0;732.0;134.0;337.0
16;545.0;244.0;741.0;552.0;374.0;279.0;470.0;535.0;622.0;346.0;393.0;902.0;684.0;485.0;863.0;848.0;0.0;684.0;509.0;760.0;688.0;579.0;810.0;814.0;470.0;766.0;194.0;252.0;969.0;831.0;466.0;887.0;131.0;875.0;630.0;425.0;622.0;940.0;896.0;159.0;877.0;686.0;682.0;685.0;643.0;452.0;143.0;273.0;576.0;452.0;649.0;64.0;337.0;828.0;556.0;520.0;533.0;789.0;745.0;520.0;537.0;349.0;206.0;669.0;84.0;799.0;215.0;408.0;768.0;913.0;712.0;475.0;786.0;763.0;655.0;175.0;598.0;320.0;495.0;429.0;859.0;259.0;342.0;531.0;217.0;260.0;529.0;121.0;604.0;464.0;430.0;483.0;545.0;519.0;787.0;339.0;891.0;183.0;328.0;495.0;908.0;582.0;825.0;679.0;718.0;746.0;372.0;126.0;233.0;164.0;100.0;462.0;557.0;239.0;115.0;100.0;564.0;383.0;721.0;537.0;376.0;421.0;254.0;289.0;103.0;319.0;790.0;103.0;879.0;471.0;589.0;361.0;185.0;633.0;451.0;455.0;923.0;679.0;334.0;297.0;506.0;307.0;636.0;761.0;829.0;865.0;470.0;304.0;843.0;278.0;873.0;583.0;884.0;936.0;738.0;397.0;728.0;165.0;485.0;918.0;222.0;728.0;259.0;624.0;75.0;982.0;500.0;55.0;525.0;696.0;281.0;693.0;965.0;430.0;761.0;932.0;249.0;284.0;434.0;240.0;431.0;405.0;887.0;394.0;747.0;504.0;855.0;713.0;206.0;225.0;468.0;407.0;119.0;100.0;325.0;860.0;404.0;512.0;533.0;867.0;883.0;419.0;415.0;624.0;291.0;605.0;460.0;432.0;232.0;775.0;369.0;431.0;878.0;745.0;382.0;607.0;642.0;861.0;538.0
17;1037.0;757.0;302.0;825.0;908.0;766.0;605.0;371.0;162.0;836.0;290.0;221.0;553.0;508.0;182.0;503.0;684.0;0.0;590.0;100.0;475.0;121.0;500.0;173.0;347.0;591.0;500.0;436.0;327.0;186.0;956.0;631.0;669.0;282.0;299.0;502.0;638.0;611.0;526.0;717.0;534.0;469.0;107.0;195.0;84.0;242.0;631.0;419.0;415.0;381.0;306.0;737.0;874.0;625.0;291.0;288.0;532.0;481.0;345.0;265.0;503.0;862.0;569.0;107.0;727.0;321.0;615.0;512.0;255.0;478.0;543.0;660.0;338.0;81.0;609.0;655.0;659.0;427.0;571.0;648.0;177.0;621.0;358.0;751.0;577.0;601.0;396.0;799.0;721.0;353.0;731.0;395.0;298.0;931.0;255.0;892.0;652.0;767.0;372.0;532.0;306.0;395.0;580.0;277.0;67.0;248.0;460.0;560.0;544.0;564.0;584.0;230.0;832.0;560.0;626.0;776.0;729.0;405.0;95.0;168.0;314.0;656.0;430.0;407.0;772.0;543.0;226.0;772.0;683.0;213.0;239.0;795.0;595.0;208.0;450.0;681.0;495.0;598.0;768.0;523.0;497.0;407.0;326.0;310.0;288.0;299.0;948.0;672.0;309.0;434.0;539.0;260.0;638.0;638.0;174.0;584.0;340.0;819.0;216.0;586.0;590.0;234.0;597.0;362.0;757.0;663.0;987.0;629.0;307.0;199.0;435.0;363.0;693.0;919.0;83.0;595.0;783.0;470.0;609.0;495.0;934.0;574.0;228.0;805.0;76.0;971.0;305.0;69.0;646.0;506.0;638.0;927.0;590.0;765.0;363.0;221.0;289.0;425.0;229.0;214.0;333.0;457.0;616.0;64.0;547.0;602.0;571.0;472.0;715.0;425.0;512.0;409.0;409.0;78.0;635.0;170.0;240.0;617.0;510.0
18;509.0;738.0;419.0;242.0;444.0;341.0;835.0;222.0;657.0;370.0;454.0;735.0;200.0;83.0;709.0;414.0;509.0;590.0;0.0;690.0;247.0;569.0;369.0;609.0;662.0;276.0;383.0;465.0;913.0;623.0;445.0;403.0;390.0;599.0;327.0;738.0;113.0;475.0;460.0;398.0;433.0;249.0;665.0;447.0;616.0;514.0;594.0;374.0;199.0;673.0;778.0;569.0;427.0;336.0;698.0;662.0;69.0;354.0;393.0;326.0;824.0;401.0;307.0;657.0;593.0;470.0;644.0;732.0;814.0;509.0;236.0;89.0;443.0;658.0;149.0;637.0;98.0;576.0;22.0;829.0;709.0;684.0;507.0;165.0;617.0;251.0;749.0;550.0;140.0;245.0;870.0;196.0;293.0;381.0;822.0;451.0;401.0;689.0;506.0;58.0;896.0;789.0;349.0;779.0;574.0;799.0;662.0;474.0;285.0;550.0;455.0;513.0;248.0;622.0;564.0;596.0;139.0;625.0;554.0;561.0;392.0;827.0;444.0;363.0;519.0;195.0;803.0;605.0;379.0;455.0;358.0;309.0;325.0;403.0;149.0;864.0;512.0;178.0;299.0;225.0;798.0;531.0;782.0;848.0;531.0;881.0;431.0;239.0;533.0;524.0;425.0;697.0;397.0;459.0;511.0;113.0;378.0;520.0;409.0;458.0;631.0;456.0;251.0;797.0;564.0;506.0;466.0;475.0;283.0;453.0;324.0;329.0;476.0;418.0;624.0;472.0;386.0;583.0;83.0;310.0;438.0;105.0;812.0;298.0;665.0;441.0;884.0;655.0;313.0;320.0;73.0;446.0;401.0;511.0;391.0;811.0;391.0;756.0;362.0;801.0;568.0;159.0;801.0;568.0;658.0;97.0;808.0;138.0;712.0;372.0;158.0;200.0;508.0;667.0;787.0;650.0;729.0;377.0;92.0
19;1134.0;810.0;378.0;925.0;1002.0;860.0;622.0;471.0;169.0;931.0;368.0;180.0;646.0;608.0;143.0;575.0;760.0;100.0;690.0;0.0;566.0;181.0;578.0;197.0;374.0;679.0;584.0;509.0;228.0;203.0;1053.0;709.0;756.0;312.0;393.0;527.0;736.0;679.0;593.0;806.0;604.0;560.0;92.0;279.0;118.0;309.0;695.0;504.0;512.0;409.0;282.0;811.0;968.0;709.0;300.0;309.0;631.0;561.0;423.0;365.0;507.0;956.0;660.0;103.0;797.0;386.0;670.0;540.0;186.0;535.0;633.0;760.0;408.0;53.0;705.0;714.0;757.0;481.0;671.0;672.0;136.0;670.0;424.0;851.0;633.0;695.0;403.0;878.0;820.0;453.0;758.0;495.0;398.0;1030.0;179.0;985.0;730.0;828.0;438.0;632.0;208.0;389.0;661.0;243.0;132.0;187.0;498.0;634.0;636.0;629.0;662.0;298.0;932.0;614.0;693.0;849.0;829.0;447.0;163.0;225.0;401.0;682.0;506.0;494.0;853.0;640.0;145.0;844.0;765.0;298.0;337.0;891.0;685.0;302.0;551.0;702.0;553.0;693.0;864.0;619.0;507.0;469.0;306.0;250.0;339.0;207.0;1045.0;768.0;359.0;498.0;611.0;263.0;716.0;709.0;242.0;683.0;421.0;903.0;311.0;655.0;645.0;309.0;692.0;345.0;833.0;730.0;1084.0;707.0;407.0;281.0;525.0;450.0;766.0;1016.0;100.0;663.0;875.0;525.0;708.0;586.0;1030.0;673.0;131.0;903.0;27.0;1069.0;217.0;47.0;738.0;595.0;738.0;1022.0;673.0;846.0;448.0;121.0;378.0;435.0;330.0;115.0;374.0;557.0;642.0;141.0;593.0;700.0;589.0;572.0;768.0;503.0;611.0;509.0;465.0;23.0;666.0;183.0;221.0;696.0;609.0
20;752.0;885.0;212.0;467.0;690.0;578.0;901.0;174.0;595.0;615.0;476.0;555.0;86.0;217.0;539.0;170.0;688.0;475.0;247.0;566.0;0.0;506.0;127.0;429.0;676.0;120.0;516.0;555.0;765.0;439.0;691.0;209.0;590.0;386.0;177.0;793.0;213.0;252.0;218.0;611.0;194.0;6.0;573.0;287.0;531.0;509.0;734.0;469.0;117.0;697.0;738.0;752.0;671.0;169.0;678.0;651.0;184.0;109.0;172.0;271.0;853.0;646.0;485.0;569.0;767.0;247.0;766.0;792.0;727.0;262.0;68.0;335.0;217.0;521.0;161.0;776.0;249.0;642.0;244.0;912.0;541.0;798.0;556.0;392.0;732.0;453.0;758.0;756.0;315.0;254.0;972.0;213.0;218.0;621.0;729.0;694.0;220.0;853.0;561.0;218.0;771.0;785.0;144.0;724.0;434.0;717.0;721.0;615.0;455.0;676.0;609.0;503.0;472.0;729.0;709.0;784.0;348.0;671.0;406.0;519.0;427.0;914.0;535.0;452.0;724.0;379.0;701.0;790.0;230.0;434.0;248.0;555.0;510.0;268.0;237.0;949.0;265.0;138.0;542.0;393.0;833.0;597.0;750.0;776.0;315.0;772.0;677.0;469.0;311.0;603.0;188.0;665.0;209.0;250.0;338.0;334.0;163.0;737.0;378.0;230.0;747.0;271.0;452.0;775.0;754.0;295.0;711.0;642.0;227.0;287.0;431.0;120.0;288.0;665.0;477.0;244.0;619.0;665.0;321.0;452.0;685.0;321.0;667.0;545.0;539.0;685.0;780.0;544.0;520.0;466.0;320.0;692.0;569.0;715.0;454.0;678.0;410.0;774.0;296.0;661.0;341.0;269.0;881.0;480.0;752.0;185.0;869.0;257.0;853.0;128.0;324.0;263.0;265.0;543.0;878.0;593.0;677.0;185.0;167.0
21;975.0;638.0;372.0;791.0;834.0;692.0;489.0;368.0;90.0;767.0;189.0;339.0;574.0;486.0;298.0;569.0;579.0;121.0;569.0;181.0;506.0;0.0;558.0;290.0;230.0;626.0;406.0;328.0;397.0;305.0;892.0;687.0;579.0;393.0;332.0;383.0;636.0;680.0;599.0;630.0;602.0;500.0;109.0;262.0;64.0;128.0;516.0;328.0;422.0;263.0;232.0;630.0;799.0;669.0;189.0;176.0;520.0;537.0;409.0;251.0;395.0;790.0;489.0;98.0;617.0;405.0;496.0;393.0;245.0;563.0;572.0;627.0;416.0;191.0;617.0;538.0;650.0;308.0;548.0;529.0;293.0;501.0;244.0;720.0;459.0;531.0;289.0;698.0;707.0;324.0;611.0;375.0;298.0;879.0;256.0;815.0;705.0;651.0;258.0;512.0;351.0;298.0;629.0;219.0;180.0;229.0;339.0;454.0;467.0;450.0;481.0;117.0;797.0;441.0;513.0;668.0;706.0;284.0;202.0;47.0;228.0;537.0;326.0;319.0;673.0;484.0;242.0;663.0;729.0;128.0;258.0;731.0;512.0;249.0;421.0;563.0;580.0;613.0;703.0;458.0;386.0;291.0;246.0;280.0;387.0;322.0;886.0;608.0;407.0;319.0;606.0;165.0;692.0;702.0;267.0;540.0;400.0;724.0;161.0;655.0;471.0;311.0;528.0;276.0;652.0;733.0;924.0;526.0;299.0;270.0;354.0;409.0;755.0;854.0;204.0;666.0;704.0;351.0;571.0;414.0;867.0;532.0;308.0;746.0;169.0;911.0;321.0;134.0;567.0;423.0;605.0;857.0;495.0;666.0;272.0;285.0;209.0;315.0;218.0;290.0;437.0;420.0;497.0;58.0;426.0;600.0;455.0;438.0;596.0;485.0;463.0;373.0;498.0;167.0;515.0;87.0;171.0;669.0;501.0
22;867.0;1000.0;200.0;574.0;814.0;705.0;991.0;282.0;641.0;739.0;566.0;527.0;179.0;344.0;521.0;44.0;810.0;500.0;369.0;578.0;127.0;558.0;0.0;410.0;752.0;142.0;633.0;662.0;753.0;415.0;810.0;131.0;715.0;335.0;234.0;881.0;314.0;135.0;91.0;738.0;67.0;127.0;605.0;306.0;570.0;587.0;849.0;579.0;234.0;777.0;789.0;875.0;796.0;140.0;742.0;719.0;310.0;23.0;156.0;354.0;930.0;770.0;609.0;604.0;888.0;204.0;876.0;883.0;754.0;148.0;142.0;455.0;176.0;528.0;256.0;889.0;354.0;738.0;368.0;1009.0;523.0;905.0;650.0;503.0;840.0;580.0;830.0;882.0;415.0;361.0;1073.0;329.0;305.0;735.0;753.0;819.0;152.0;971.0;658.0;345.0;773.0;850.0;87.0;769.0;447.0;748.0;813.0;732.0;579.0;788.0;729.0;579.0;579.0;836.0;826.0;908.0;454.0;760.0;415.0;580.0;523.0;1011.0;643.0;562.0;849.0;505.0;721.0;913.0;190.0;510.0;310.0;678.0;635.0;309.0;360.0;1046.0;147.0;225.0;667.0;518.0;913.0;695.0;804.0;810.0;270.0;784.0;795.0;596.0;258.0;705.0;63.0;723.0;138.0;147.0;337.0;460.0;160.0;864.0;455.0;110.0;856.0;269.0;579.0;833.0;878.0;185.0;828.0;763.0;319.0;301.0;546.0;152.0;198.0;785.0;481.0;124.0;746.0;765.0;446.0;572.0;806.0;448.0;660.0;667.0;552.0;801.0;795.0;566.0;647.0;587.0;442.0;814.0;691.0;841.0;557.0;680.0;503.0;850.0;370.0;659.0;276.0;392.0;976.0;521.0;854.0;295.0;958.0;382.0;966.0;75.0;450.0;381.0;176.0;558.0;977.0;643.0;724.0;118.0;294.0
23;1097.0;914.0;219.0;851.0;987.0;848.0;777.0;391.0;332.0;911.0;433.0;127.0;515.0;535.0;112.0;398.0;814.0;173.0;609.0;197.0;429.0;290.0;410.0;0.0;519.0;529.0;622.0;578.0;343.0;17.0;1021.0;536.0;777.0;116.0;282.0;673.0;627.0;495.0;408.0;821.0;424.0;423.0;264.0;163.0;255.0;399.0;780.0;541.0;412.0;552.0;468.0;872.0;957.0;548.0;463.0;461.0;542.0;396.0;263.0;321.0;675.0;940.0;669.0;269.0;867.0;206.0;772.0;683.0;382.0;344.0;493.0;691.0;234.0;144.0;585.0;808.0;656.0;588.0;593.0;819.0;114.0;783.0;511.0;774.0;734.0;685.0;568.0;922.0;722.0;408.0;901.0;433.0;328.0;979.0;375.0;976.0;559.0;917.0;524.0;555.0;368.0;565.0;496.0;433.0;110.0;383.0;628.0;695.0;640.0;712.0;714.0;387.0;857.0;718.0;771.0;910.0;741.0;572.0;95.0;335.0;438.0;827.0;568.0;526.0;893.0;617.0;339.0;909.0;599.0;350.0;262.0;862.0;697.0;213.0;493.0;852.0;362.0;566.0;839.0;605.0;670.0;562.0;490.0;446.0;149.0;388.0;1011.0;745.0;167.0;587.0;432.0;431.0;545.0;528.0;98.0;634.0;268.0;934.0;329.0;472.0;748.0;159.0;682.0;528.0;889.0;544.0;1049.0;758.0;345.0;156.0;544.0;309.0;585.0;987.0;101.0;479.0;874.0;630.0;649.0;600.0;1004.0;622.0;252.0;867.0;177.0;1029.0;402.0;209.0;740.0;613.0;670.0;1001.0;709.0;886.0;489.0;276.0;410.0;597.0;295.0;252.0;178.0;510.0;787.0;232.0;710.0;593.0;743.0;518.0;873.0;338.0;574.0;465.0;274.0;183.0;804.0;341.0;403.0;527.0;519.0
24;961.0;450.0;583.0;844.0;801.0;668.0;259.0;510.0;206.0;746.0;210.0;551.0;728.0;587.0;512.0;771.0;470.0;347.0;662.0;374.0;676.0;230.0;752.0;519.0;0.0;793.0;358.0;247.0;537.0;533.0;877.0;874.0;521.0;623.0;518.0;155.0;754.0;883.0;807.0;574.0;804.0;670.0;283.0;479.0;269.0;166.0;362.0;310.0;570.0;34.0;180.0;503.0;763.0;845.0;92.0;66.0;632.0;730.0;615.0;405.0;178.0;762.0;467.0;272.0;478.0;624.0;317.0;166.0;312.0;780.0;734.0;694.0;631.0;404.0;751.0;369.0;756.0;150.0;640.0;301.0;506.0;307.0;166.0;785.0;287.0;531.0;87.0;590.0;801.0;440.0;385.0;494.0;457.0;891.0;333.0;773.0;890.0;482.0;173.0;611.0;462.0;131.0;813.0;214.0;410.0;290.0;128.0;352.0;459.0;309.0;389.0;174.0;850.0;264.0;372.0;537.0;787.0;90.0;432.0;189.0;271.0;310.0;260.0;315.0;573.0;515.0;346.0;527.0;906.0;243.0;443.0;728.0;481.0;452.0;519.0;334.0;796.0;756.0;697.0;481.0;162.0;172.0;166.0;294.0;614.0;411.0;875.0;613.0;634.0;198.0;807.0;126.0;877.0;899.0;494.0;595.0;603.0;633.0;299.0;856.0;294.0;530.0;528.0;159.0;530.0;935.0;911.0;426.0;449.0;489.0;359.0;601.0;949.0;838.0;428.0;869.0;663.0;188.0;635.0;405.0;846.0;592.0;475.0;752.0;374.0;905.0;398.0;334.0;541.0;406.0;674.0;829.0;429.0;569.0;276.0;437.0;276.0;99.0;383.0;454.0;665.0;503.0;270.0;288.0;230.0;721.0;225.0;524.0;409.0;685.0;519.0;468.0;718.0;370.0;292.0;191.0;186.0;853.0;619.0
25;746.0;977.0;310.0;448.0;711.0;617.0;1012.0;285.0;714.0;640.0;590.0;652.0;81.0;281.0;641.0;180.0;766.0;591.0;276.0;679.0;120.0;626.0;142.0;529.0;793.0;0.0;608.0;659.0;871.0;537.0;696.0;127.0;656.0;468.0;295.0;905.0;192.0;205.0;216.0;670.0;184.0;125.0;691.0;399.0;650.0;627.0;827.0;569.0;225.0;813.0;857.0;828.0;698.0;63.0;798.0;770.0;234.0;143.0;266.0;389.0;969.0;670.0;560.0;687.0;848.0;331.0;864.0;904.0;844.0;287.0;59.0;352.0;301.0;632.0;135.0;869.0;232.0;752.0;282.0;1021.0;643.0;899.0;667.0;383.0;832.0;516.0;876.0;820.0;286.0;362.0;1077.0;315.0;337.0;613.0;846.0;721.0;127.0;938.0;672.0;272.0;882.0;903.0;79.0;844.0;547.0;835.0;833.0;706.0;533.0;772.0;696.0;621.0;452.0;831.0;800.0;858.0;331.0;784.0;517.0;639.0;538.0;1022.0;638.0;553.0;788.0;448.0;817.0;866.0;118.0;552.0;368.0;578.0;582.0;385.0;322.0;1058.0;282.0;102.0;572.0;469.0;949.0;706.0;869.0;894.0;400.0;886.0;680.0;514.0;391.0;710.0;174.0;785.0;121.0;184.0;445.0;383.0;262.0;794.0;496.0;193.0;847.0;376.0;515.0;895.0;827.0;231.0;711.0;724.0;344.0;398.0;527.0;229.0;202.0;675.0;587.0;205.0;662.0;771.0;358.0;539.0;696.0;372.0;774.0;562.0;652.0;683.0;895.0;659.0;581.0;552.0;343.0;708.0;650.0;780.0;561.0;789.0;523.0;892.0;415.0;770.0;413.0;353.0;990.0;599.0;857.0;184.0;981.0;337.0;946.0;196.0;396.0;360.0;318.0;657.0;985.0;713.0;796.0;102.0;228.0
