Vehicle:
Average speed:;1309
Time limit:;140.66
Fuel comsumption rate:;1
Fuel Capacity:;1609
Depot:
ID;X;Y;Service Time
0;550;574;0
Customers:
ID;X;Y;Service Time
1;177;24;5.79204
2;448;476;5.79204
3;934;619;5.79204
4;323;122;5.79204
5;430;76;5.79204
6;364;9;5.79204
7;988;994;5.79204
8;91;636;5.79204
9;938;641;5.79204
10;979;764;5.79204
11;4;748;5.79204
12;420;164;5.79204
13;294;15;5.79204
14;304;89;5.79204
15;362;207;5.79204
16;770;344;5.79204
17;67;634;5.79204
18;90;44;5.79204
19;712;418;5.79204
20;299;6;5.79204
21;997;871;5.79204
22;38;695;5.79204
23;830;1000;5.79204
24;916;622;5.79204
25;445;107;5.79204
26;314;222;5.79204
27;292;519;5.79204
28;183;344;5.79204
29;520;434;5.79204
30;262;283;5.79204
31;996;902;5.79204
32;115;158;5.79204
33;371;61;5.79204
34;971;352;5.79204
35;448;484;5.79204
36;299;89;5.79204
37;402;147;5.79204
38;537;431;5.79204
39;389;48;5.79204
40;186;22;5.79204
41;658;505;5.79204
42;459;528;5.79204
43;956;900;5.79204
44;486;383;5.79204
45;36;651;5.79204
46;994;713;5.79204
47;270;100;5.79204
48;944;606;5.79204
49;813;917;5.79204
50;318;42;5.79204
51;17;369;5.79204
52;398;280;5.79204
53;74;760;5.79204
54;910;623;5.79204
55;96;604;5.79204
56;432;96;5.79204
57;188;17;5.79204
58;441;480;5.79204
59;458;124;5.79204
60;557;620;5.79204
61;196;51;5.79204
62;253;137;5.79204
63;953;658;5.79204
64;389;0;5.79204
65;386;127;5.79204
66;140;683;5.79204
67;293;75;5.79204
68;475;386;5.79204
69;224;487;5.79204
70;299;157;5.79204
71;556;346;5.79204
72;366;110;5.79204
73;681;864;5.79204
74;220;97;5.79204
75;382;140;5.79204
76;266;88;5.79204
77;440;423;5.79204
78;168;19;5.79204
79;616;244;5.79204
80;270;177;5.79204
81;126;666;5.79204
82;332;85;5.79204
83;234;26;5.79204
84;834;571;5.79204
85;49;602;5.79204
86;248;74;5.79204
87;81;696;5.79204
88;308;43;5.79204
89;915;675;5.79204
90;500;518;5.79204
91;510;353;5.79204
92;329;86;5.79204
93;830;724;5.79204
94;993;634;5.79204
95;959;600;5.79204
96;991;973;5.79204
97;411;25;5.79204
98;382;303;5.79204
99;477;58;5.79204
100;225;31;5.79204
101;439;456;5.79204
102;120;710;5.79204
103;462;471;5.79204
104;107;134;5.79204
105;970;995;5.79204
106;427;501;5.79204
107;938;650;5.79204
108;370;16;5.79204
109;460;140;5.79204
110;263;59;5.79204
111;524;19;5.79204
112;411;89;5.79204
113;953;944;5.79204
114;79;357;5.79204
115;757;867;5.79204
116;343;121;5.79204
117;361;316;5.79204
118;407;508;5.79204
119;414;117;5.79204
120;576;591;5.79204
121;544;44;5.79204
122;418;27;5.79204
123;837;660;5.79204
124;174;487;5.79204
125;168;601;5.79204
126;854;575;5.79204
127;615;52;5.79204
128;193;51;5.79204
129;458;659;5.79204
130;957;641;5.79204
131;51;647;5.79204
132;137;714;5.79204
133;203;140;5.79204
134;386;146;5.79204
135;976;649;5.79204
136;522;26;5.79204
137;281;121;5.79204
138;453;69;5.79204
139;393;25;5.79204
140;341;532;5.79204
141;466;153;5.79204
142;507;472;5.79204
143;946;963;5.79204
144;327;78;5.79204
145;301;135;5.79204
146;256;139;5.79204
147;997;980;5.79204
148;343;173;5.79204
149;860;622;5.79204
150;151;798;5.79204
151;317;211;5.79204
152;418;6;5.79204
153;833;694;5.79204
154;83;641;5.79204
155;229;449;5.79204
156;283;204;5.79204
157;513;697;5.79204
158;232;96;5.79204
159;247;22;5.79204
160;651;664;5.79204
161;857;701;5.79204
162;337;72;5.79204
163;439;65;5.79204
164;398;106;5.79204
165;409;24;5.79204
166;931;476;5.79204
167;368;92;5.79204
168;97;676;5.79204
169;880;606;5.79204
170;281;199;5.79204
171;410;110;5.79204
172;252;22;5.79204
173;181;147;5.79204
174;945;948;5.79204
175;135;618;5.79204
176;348;443;5.79204
177;296;39;5.79204
178;953;368;5.79204
179;81;826;5.79204
180;997;734;5.79204
181;533;134;5.79204
182;372;134;5.79204
183;231;681;5.79204
184;317;479;5.79204
185;143;603;5.79204
186;122;38;5.79204
187;220;898;5.79204
188;946;690;5.79204
189;95;37;5.79204
190;429;9;5.79204
191;137;64;5.79204
192;361;258;5.79204
193;153;65;5.79204
194;536;296;5.79204
195;509;404;5.79204
196;423;59;5.79204
197;162;759;5.79204
198;525;342;5.79204
199;943;678;5.79204
200;522;195;5.79204
201;463;29;5.79204
202;371;335;5.79204
203;289;136;5.79204
204;191;568;5.79204
205;505;381;5.79204
206;265;55;5.79204
207;125;62;5.79204
208;304;44;5.79204
209;958;610;5.79204
210;975;966;5.79204
211;277;631;5.79204
212;285;169;5.79204
213;486;111;5.79204
214;940;621;5.79204
215;993;964;5.79204
216;771;548;5.79204
217;484;276;5.79204
218;440;455;5.79204
219;104;561;5.79204
220;200;61;5.79204
221;491;62;5.79204
222;277;169;5.79204
223;177;695;5.79204
224;628;312;5.79204
225;430;429;5.79204
226;945;994;5.79204
AFSs:
ID;X;Y;Service Time
227;461;608;1309
Distance matrix:
;0;1;2;3;4;5;6;7;8;9;10;11;12;13;14;15;16;17;18;19;20;21;22;23;24;25;26;27;28;29;30;31;32;33;34;35;36;37;38;39;40;41;42;43;44;45;46;47;48;49;50;51;52;53;54;55;56;57;58;59;60;61;62;63;64;65;66;67;68;69;70;71;72;73;74;75;76;77;78;79;80;81;82;83;84;85;86;87;88;89;90;91;92;93;94;95;96;97;98;99;100;101;102;103;104;105;106;107;108;109;110;111;112;113;114;115;116;117;118;119;120;121;122;123;124;125;126;127;128;129;130;131;132;133;134;135;136;137;138;139;140;141;142;143;144;145;146;147;148;149;150;151;152;153;154;155;156;157;158;159;160;161;162;163;164;165;166;167;168;169;170;171;172;173;174;175;176;177;178;179;180;181;182;183;184;185;186;187;188;189;190;191;192;193;194;195;196;197;198;199;200;201;202;203;204;205;206;207;208;209;210;211;212;213;214;215;216;217;218;219;220;221;222;223;224;225;226;227
0;0.0;665.0;141.0;387.0;506.0;512.0;595.0;607.0;463.0;394.0;469.0;573.0;430.0;615.0;544.0;412.0;318.0;487.0;702.0;225.0;621.0;537.0;526.0;510.0;369.0;479.0;424.0;264.0;433.0;143.0;409.0;554.0;602.0;543.0;476.0;136.0;546.0;452.0;144.0;550.0;661.0;128.0;102.0;521.0;201.0;520.0;465.0;551.0;395.0;432.0;580.0;571.0;331.0;511.0;363.0;455.0;492.0;664.0;144.0;459.0;47.0;632.0;528.0;412.0;596.0;476.0;424.0;561.0;202.0;337.0;487.0;228.0;499.0;318.0;580.0;465.0;563.0;187.0;674.0;337.0;486.0;434.0;535.0;633.0;284.0;502.0;584.0;485.0;584.0;379.0;75.0;225.0;536.0;318.0;447.0;410.0;595.0;566.0;319.0;521.0;633.0;162.0;451.0;135.0;624.0;595.0;143.0;395.0;586.0;443.0;590.0;556.0;505.0;547.0;519.0;359.0;498.0;320.0;157.0;477.0;31.0;530.0;563.0;300.0;386.0;383.0;304.0;526.0;633.0;125.0;412.0;504.0;436.0;556.0;458.0;433.0;549.0;527.0;514.0;571.0;213.0;429.0;111.0;555.0;544.0;505.0;525.0;604.0;451.0;314.0;458.0;431.0;583.0;307.0;472.0;344.0;456.0;128.0;574.0;630.0;135.0;332.0;545.0;521.0;492.0;568.0;393.0;515.0;464.0;332.0;462.0;485.0;627.0;564.0;544.0;417.0;241.0;592.0;453.0;532.0;475.0;440.0;475.0;336.0;252.0;408.0;686.0;462.0;413.0;704.0;578.0;656.0;368.0;646.0;278.0;175.0;530.0;430.0;233.0;407.0;380.0;552.0;299.0;510.0;359.0;198.0;592.0;665.0;584.0;410.0;578.0;279.0;484.0;467.0;393.0;590.0;223.0;305.0;162.0;446.0;621.0;515.0;488.0;392.0;273.0;188.0;577.0;95.0
1;665.0;0.0;527.0;963.0;176.0;258.0;188.0;1264.0;618.0;980.0;1091.0;744.0;280.0;117.0;143.0;260.0;674.0;620.0;89.0;664.0;123.0;1179.0;685.0;1174.0;951.0;281.0;241.0;508.0;320.0;535.0;273.0;1201.0;148.0;197.0;859.0;534.0;138.0;256.0;543.0;213.0;9.0;680.0;578.0;1172.0;474.0;643.0;1069.0;120.0;963.0;1096.0;142.0;380.0;338.0;743.0;947.0;586.0;265.0;13.0;527.0;298.0;707.0;33.0;136.0;1002.0;213.0;233.0;660.0;127.0;469.0;465.0;180.0;497.0;208.0;980.0;85.0;236.0;110.0;478.0;10.0;491.0;179.0;644.0;167.0;57.0;855.0;592.0;87.0;679.0;132.0;984.0;590.0;468.0;164.0;957.0;1019.0;971.0;1250.0;234.0;346.0;302.0;49.0;505.0;688.0;530.0;130.0;1254.0;539.0;985.0;193.0;306.0;93.0;347.0;243.0;1204.0;347.0;1023.0;192.0;345.0;536.0;255.0;693.0;368.0;241.0;917.0;463.0;577.0;873.0;439.0;31.0;694.0;995.0;636.0;691.0;119.0;242.0;1014.0;345.0;142.0;280.0;216.0;534.0;316.0;556.0;1214.0;159.0;166.0;140.0;1259.0;223.0;908.0;774.0;234.0;242.0;938.0;624.0;428.0;209.0;752.0;91.0;70.0;796.0;960.0;167.0;265.0;236.0;232.0;879.0;203.0;657.0;913.0;204.0;248.0;75.0;123.0;1201.0;595.0;453.0;120.0;849.0;808.0;1085.0;373.0;224.0;659.0;476.0;580.0;57.0;875.0;1017.0;83.0;252.0;57.0;298.0;48.0;450.0;505.0;248.0;735.0;471.0;1007.0;385.0;286.0;367.0;158.0;544.0;485.0;93.0;64.0;129.0;976.0;1235.0;615.0;181.0;321.0;969.0;1245.0;792.0;397.0;505.0;542.0;44.0;316.0;176.0;671.0;535.0;478.0;1237.0;649.0
2;141.0;527.0;0.0;507.0;375.0;400.0;474.0;748.0;391.0;517.0;604.0;521.0;313.0;486.0;413.0;282.0;348.0;412.0;561.0;270.0;493.0;676.0;465.0;648.0;490.0;369.0;287.0;162.0;296.0;83.0;268.0;694.0;460.0;422.0;537.0;8.0;415.0;332.0;100.0;432.0;524.0;212.0;53.0;662.0;100.0;448.0;595.0;416.0;513.0;572.0;453.0;444.0;202.0;470.0;485.0;375.0;380.0;528.0;8.0;352.0;181.0;494.0;391.0;537.0;480.0;354.0;371.0;430.0;94.0;224.0;352.0;169.0;375.0;453.0;442.0;342.0;429.0;54.0;536.0;286.0;348.0;374.0;408.0;498.0;398.0;418.0;449.0;428.0;455.0;508.0;67.0;138.0;408.0;455.0;567.0;526.0;736.0;453.0;185.0;419.0;498.0;22.0;403.0;15.0;483.0;736.0;33.0;520.0;467.0;336.0;456.0;463.0;389.0;689.0;388.0;498.0;370.0;182.0;52.0;361.0;172.0;443.0;450.0;430.0;274.0;307.0;418.0;456.0;496.0;183.0;535.0;432.0;392.0;416.0;336.0;556.0;456.0;392.0;407.0;454.0;121.0;324.0;59.0;697.0;416.0;371.0;388.0;745.0;321.0;437.0;438.0;296.0;471.0;442.0;401.0;221.0;318.0;230.0;437.0;497.0;277.0;467.0;419.0;411.0;373.0;454.0;483.0;392.0;404.0;451.0;323.0;368.0;495.0;424.0;685.0;344.0;105.0;463.0;516.0;507.0;607.0;352.0;350.0;299.0;131.0;330.0;546.0;480.0;542.0;563.0;467.0;516.0;235.0;506.0;200.0;94.0;418.0;402.0;155.0;535.0;291.0;447.0;161.0;375.0;273.0;111.0;459.0;525.0;455.0;527.0;720.0;231.0;348.0;367.0;513.0;732.0;331.0;203.0;22.0;354.0;483.0;416.0;351.0;348.0;244.0;50.0;718.0;133.0
3;387.0;963.0;507.0;0.0;788.0;741.0;835.0;379.0;843.0;22.0;152.0;939.0;686.0;880.0;823.0;705.0;320.0;867.0;1021.0;299.0;883.0;260.0;899.0;395.0;18.0;708.0;736.0;650.0;800.0;453.0;751.0;290.0;940.0;793.0;270.0;504.0;827.0;711.0;439.0;789.0;957.0;299.0;484.0;282.0;506.0;899.0;112.0;843.0;16.0;322.0;844.0;950.0;634.0;871.0;24.0;838.0;725.0;959.0;512.0;687.0;377.0;931.0;834.0;43.0;825.0;736.0;797.0;841.0;515.0;722.0;785.0;466.0;763.0;352.0;884.0;731.0;853.0;531.0;973.0;492.0;798.0;809.0;805.0;917.0;111.0;885.0;876.0;856.0;851.0;59.0;446.0;501.0;806.0;148.0;61.0;31.0;359.0;791.0;636.0;724.0;921.0;521.0;819.0;495.0;959.0;378.0;521.0;31.0;826.0;674.0;874.0;727.0;745.0;326.0;894.0;305.0;773.0;648.0;539.0;723.0;359.0;695.0;785.0;105.0;771.0;766.0;91.0;651.0;934.0;478.0;32.0;883.0;803.0;874.0;724.0;52.0;722.0;821.0;731.0;803.0;599.0;660.0;452.0;344.0;813.0;797.0;831.0;366.0;740.0;74.0;803.0;740.0;801.0;126.0;851.0;725.0;772.0;428.0;875.0;910.0;287.0;112.0;810.0;743.0;742.0;794.0;143.0;773.0;839.0;56.0;776.0;731.0;906.0;889.0;329.0;799.0;612.0;862.0;252.0;878.0;131.0;629.0;742.0;706.0;633.0;791.0;998.0;767.0;72.0;1021.0;792.0;971.0;677.0;958.0;513.0;476.0;758.0;785.0;494.0;60.0;591.0;755.0;631.0;806.0;745.0;491.0;875.0;982.0;853.0;26.0;349.0;657.0;790.0;677.0;6.0;350.0;178.0;566.0;521.0;832.0;922.0;712.0;796.0;761.0;433.0;539.0;375.0;473.0
4;506.0;176.0;375.0;788.0;0.0;116.0;120.0;1097.0;564.0;805.0;918.0;703.0;106.0;111.0;38.0;94.0;499.0;572.0;246.0;489.0;118.0;1008.0;640.0;1014.0;776.0;123.0;100.0;398.0;262.0;369.0;172.0;1030.0;211.0;78.0;688.0;383.0;41.0;83.0;376.0;99.0;170.0;509.0;428.0;1003.0;308.0;602.0;894.0;57.0;787.0;934.0;80.0;393.0;175.0;685.0;772.0;533.0;112.0;171.0;377.0;135.0;550.0;145.0;72.0;827.0;139.0;63.0;590.0;56.0;305.0;378.0;42.0;323.0;45.0;824.0;106.0;62.0;66.0;323.0;186.0;317.0;76.0;579.0;38.0;131.0;680.0;553.0;89.0;623.0;80.0;810.0;434.0;297.0;36.0;787.0;843.0;796.0;1082.0;131.0;190.0;167.0;134.0;354.0;622.0;376.0;216.0;1087.0;393.0;811.0;116.0;138.0;87.0;226.0;94.0;1036.0;339.0;862.0;20.0;198.0;395.0;91.0;533.0;234.0;134.0;744.0;394.0;503.0;698.0;300.0;148.0;554.0;819.0;591.0;621.0;121.0;67.0;839.0;221.0;42.0;140.0;120.0;410.0;146.0;395.0;1047.0;44.0;26.0;69.0;1091.0;55.0;734.0;698.0;89.0;150.0;766.0;572.0;340.0;91.0;606.0;95.0;126.0;634.0;788.0;52.0;129.0;77.0;130.0;704.0;54.0;598.0;738.0;88.0;88.0;123.0;144.0;1034.0;530.0;322.0;87.0;676.0;744.0;910.0;210.0;50.0;567.0;357.0;514.0;218.0;783.0;843.0;243.0;155.0;195.0;141.0;179.0;275.0;338.0;118.0;657.0;299.0;833.0;212.0;168.0;218.0;37.0;465.0;317.0;89.0;207.0;80.0;801.0;1067.0;511.0;60.0;163.0;794.0;1076.0;618.0;223.0;353.0;491.0;137.0;178.0;66.0;591.0;359.0;325.0;1071.0;505.0
5;512.0;258.0;400.0;741.0;116.0;0.0;94.0;1074.0;655.0;760.0;880.0;796.0;89.0;149.0;127.0;148.0;433.0;666.0;342.0;443.0;149.0;976.0;733.0;1007.0;731.0;34.0;186.0;464.0;364.0;369.0;267.0;1001.0;325.0;61.0;607.0;408.0;132.0;76.0;371.0;50.0;250.0;486.0;453.0;978.0;312.0;697.0;851.0;162.0;738.0;924.0;117.0;506.0;206.0;771.0;728.0;625.0;20.0;249.0;404.0;56.0;559.0;235.0;187.0;782.0;86.0;67.0;673.0;137.0;313.0;460.0;154.0;298.0;72.0;827.0;211.0;80.0;164.0;347.0;268.0;251.0;189.0;664.0;98.0;202.0;639.0;649.0;182.0;711.0;126.0;771.0;448.0;288.0;101.0;762.0;793.0;745.0;1058.0;54.0;232.0;50.0;210.0;380.0;706.0;396.0;328.0;1066.0;425.0;767.0;85.0;71.0;168.0;110.0;23.0;1013.0;450.0;856.0;98.0;250.0;433.0;44.0;535.0;118.0;50.0;712.0;484.0;587.0;655.0;187.0;238.0;584.0;773.0;685.0;702.0;236.0;83.0;791.0;105.0;156.0;24.0;63.0;465.0;85.0;403.0;1026.0;103.0;142.0;185.0;1067.0;130.0;695.0;774.0;176.0;71.0;738.0;663.0;424.0;195.0;627.0;199.0;191.0;628.0;757.0;93.0;14.0;44.0;56.0;641.0;64.0;686.0;695.0;193.0;39.0;186.0;259.0;1013.0;617.0;376.0;139.0;599.0;827.0;869.0;118.0;82.0;637.0;419.0;600.0;310.0;848.0;802.0;337.0;67.0;293.0;195.0;277.0;244.0;337.0;18.0;734.0;282.0;791.0;150.0;57.0;266.0;153.0;547.0;314.0;166.0;305.0;130.0;751.0;1044.0;576.0;172.0;66.0;746.0;1051.0;582.0;207.0;379.0;584.0;230.0;63.0;179.0;669.0;308.0;353.0;1053.0;533.0
6;595.0;188.0;474.0;835.0;120.0;94.0;0.0;1166.0;684.0;854.0;974.0;822.0;165.0;70.0;100.0;198.0;526.0;692.0;276.0;537.0;65.0;1069.0;760.0;1095.0;825.0;127.0;219.0;515.0;381.0;453.0;292.0;1094.0;290.0;52.0;697.0;482.0;103.0;143.0;456.0;46.0;178.0;577.0;528.0;1070.0;393.0;721.0;945.0;131.0;832.0;1013.0;57.0;500.0;273.0;805.0;822.0;653.0;110.0;176.0;477.0;149.0;641.0;173.0;169.0;876.0;27.0;120.0;710.0;97.0;393.0;498.0;162.0;388.0;101.0;912.0;169.0;132.0;126.0;421.0;196.0;345.0;193.0;699.0;82.0;131.0;733.0;671.0;133.0;743.0;66.0;864.0;527.0;374.0;85.0;853.0;887.0;839.0;1150.0;50.0;295.0;123.0;141.0;453.0;742.0;472.0;286.0;1157.0;496.0;860.0;9.0;162.0;113.0;160.0;93.0;1105.0;450.0;944.0;114.0;307.0;501.0;119.0;619.0;183.0;57.0;805.0;514.0;624.0;749.0;255.0;176.0;657.0;867.0;711.0;741.0;208.0;139.0;886.0;159.0;139.0;107.0;33.0;524.0;176.0;485.0;1118.0;78.0;141.0;169.0;1159.0;165.0;789.0;817.0;207.0;54.0;830.0;692.0;460.0;211.0;704.0;158.0;118.0;715.0;850.0;69.0;94.0;103.0;47.0;735.0;83.0;718.0;789.0;207.0;111.0;113.0;229.0;1104.0;651.0;434.0;74.0;690.0;865.0;962.0;210.0;125.0;685.0;472.0;634.0;244.0;901.0;896.0;270.0;65.0;234.0;249.0;218.0;335.0;421.0;77.0;777.0;370.0;885.0;244.0;101.0;326.0;147.0;585.0;398.0;109.0;245.0;69.0;845.0;1135.0;628.0;178.0;159.0;840.0;1144.0;675.0;293.0;452.0;610.0;172.0;138.0;182.0;711.0;402.0;425.0;1144.0;607.0
7;607.0;1264.0;748.0;379.0;1097.0;1074.0;1166.0;0.0;966.0;357.0;230.0;1014.0;1006.0;1200.0;1134.0;1006.0;686.0;989.0;1307.0;639.0;1205.0;123.0;996.0;158.0;379.0;1040.0;1025.0;843.0;1035.0;730.0;1016.0;92.0;1209.0;1119.0;642.0;743.0;1137.0;1030.0;721.0;1120.0;1260.0;590.0;705.0;99.0;791.0;1012.0;281.0;1147.0;390.0;191.0;1164.0;1155.0;926.0;943.0;379.0;974.0;1056.0;1263.0;751.0;1019.0;571.0;1231.0;1129.0;338.0;1161.0;1056.0;903.0;1152.0;796.0;917.0;1084.0;779.0;1081.0;333.0;1181.0;1047.0;1158.0;791.0;1274.0;837.0;1088.0;922.0;1121.0;1227.0;450.0;1018.0;1181.0;955.0;1169.0;327.0;682.0;800.0;1122.0;313.0;360.0;395.0;21.0;1128.0;919.0;1066.0;1229.0;769.0;913.0;742.0;1231.0;18.0;747.0;348.0;1157.0;1004.0;1183.0;1080.0;1073.0;61.0;1110.0;264.0;1085.0;923.0;757.0;1048.0;576.0;1049.0;1122.0;367.0;959.0;909.0;440.0;1013.0;1233.0;627.0;354.0;999.0;896.0;1160.0;1040.0;345.0;1074.0;1123.0;1069.0;1137.0;795.0;990.0;710.0;52.0;1130.0;1100.0;1126.0;17.0;1044.0;393.0;860.0;1031.0;1141.0;338.0;971.0;934.0;1059.0;560.0;1174.0;1222.0;472.0;321.0;1129.0;1079.0;1066.0;1130.0;521.0;1095.0;946.0;403.0;1064.0;1056.0;1219.0;1170.0;63.0;932.0;845.0;1179.0;627.0;922.0;260.0;973.0;1058.0;819.0;846.0;931.0;1290.0;774.0;307.0;1309.0;1133.0;1261.0;967.0;1249.0;832.0;760.0;1092.0;859.0;800.0;319.0;925.0;1099.0;903.0;1107.0;904.0;780.0;1185.0;1270.0;1171.0;385.0;31.0;798.0;1084.0;1016.0;376.0;30.0;496.0;877.0;769.0;984.0;1221.0;1056.0;1089.0;864.0;771.0;794.0;43.0;653.0
8;463.0;618.0;391.0;843.0;564.0;655.0;684.0;966.0;0.0;847.0;897.0;142.0;575.0;653.0;587.0;507.0;739.0;24.0;592.0;658.0;663.0;936.0;79.0;824.0;825.0;637.0;470.0;233.0;306.0;474.0;392.0;943.0;479.0;640.0;925.0;388.0;585.0;580.0;491.0;659.0;621.0;582.0;384.0;904.0;469.0;57.0;906.0;565.0;854.0;775.0;636.0;277.0;470.0;125.0;819.0;32.0;639.0;627.0;383.0;630.0;466.0;594.0;525.0;862.0;702.0;588.0;68.0;596.0;458.0;200.0;522.0;548.0;594.0;633.0;554.0;575.0;575.0;409.0;622.0;655.0;493.0;46.0;601.0;627.0;746.0;54.0;584.0;61.0;631.0;825.0;426.0;506.0;599.0;744.0;902.0;869.0;961.0;690.0;442.0;695.0;620.0;392.0;79.0;406.0;502.0;949.0;362.0;847.0;680.0;618.0;602.0;754.0;634.0;915.0;279.0;705.0;573.0;419.0;341.0;611.0;487.0;745.0;691.0;746.0;171.0;85.0;765.0;785.0;594.0;368.0;866.0;41.0;91.0;508.0;572.0;885.0;747.0;549.0;673.0;682.0;271.0;611.0;447.0;915.0;606.0;543.0;524.0;969.0;527.0;769.0;173.0;481.0;710.0;744.0;9.0;232.0;473.0;426.0;558.0;634.0;561.0;769.0;615.0;669.0;612.0;690.0;855.0;610.0;40.0;790.0;477.0;615.0;635.0;497.0;909.0;48.0;321.0;631.0;903.0;190.0;911.0;669.0;575.0;147.0;275.0;62.0;599.0;292.0;857.0;599.0;712.0;574.0;465.0;574.0;560.0;478.0;666.0;142.0;524.0;853.0;617.0;712.0;411.0;538.0;121.0;486.0;606.0;575.0;629.0;867.0;944.0;186.0;506.0;657.0;849.0;960.0;686.0;533.0;393.0;76.0;585.0;700.0;503.0;104.0;627.0;397.0;926.0;371.0
9;394.0;980.0;517.0;22.0;805.0;760.0;854.0;357.0;847.0;0.0;130.0;940.0;704.0;898.0;841.0;721.0;341.0;871.0;1037.0;317.0;901.0;237.0;902.0;375.0;29.0;727.0;752.0;657.0;811.0;466.0;765.0;267.0;954.0;811.0;291.0;515.0;844.0;729.0;453.0;808.0;974.0;311.0;492.0;260.0;520.0;902.0;91.0;860.0;36.0;303.0;862.0;960.0;650.0;872.0;33.0;843.0;744.0;976.0;522.0;705.0;382.0;948.0;850.0;23.0;844.0;754.0;799.0;858.0;529.0;730.0;802.0;483.0;780.0;340.0;901.0;748.0;870.0;544.0;990.0;511.0;813.0;812.0;822.0;935.0;125.0;890.0;893.0;859.0;869.0;41.0;455.0;516.0;824.0;136.0;55.0;46.0;336.0;811.0;651.0;743.0;938.0;532.0;821.0;505.0;973.0;355.0;530.0;9.0;845.0;692.0;891.0;747.0;763.0;303.0;905.0;290.0;790.0;662.0;547.0;741.0;365.0;715.0;805.0;103.0;779.0;771.0;107.0;672.0;950.0;480.0;19.0;887.0;804.0;890.0;741.0;39.0;742.0;838.0;750.0;822.0;607.0;679.0;463.0;322.0;831.0;814.0;847.0;344.0;757.0;80.0;803.0;755.0;821.0;118.0;855.0;735.0;787.0;429.0;892.0;928.0;288.0;101.0;828.0;762.0;760.0;813.0;165.0;791.0;842.0;68.0;792.0;749.0;924.0;904.0;307.0;803.0;622.0;880.0;273.0;877.0;110.0;649.0;760.0;708.0;642.0;796.0;1015.0;763.0;50.0;1037.0;811.0;987.0;693.0;974.0;530.0;490.0;777.0;785.0;510.0;37.0;610.0;775.0;644.0;822.0;751.0;505.0;892.0;998.0;871.0;37.0;327.0;661.0;806.0;697.0;20.0;328.0;191.0;583.0;532.0;838.0;939.0;731.0;812.0;763.0;452.0;550.0;353.0;478.0
10;469.0;1091.0;604.0;152.0;918.0;880.0;974.0;230.0;897.0;130.0;0.0;975.0;820.0;1015.0;955.0;831.0;469.0;921.0;1144.0;437.0;1018.0;109.0;944.0;279.0;155.0;847.0;858.0;729.0;900.0;565.0;863.0;139.0;1055.0;929.0;412.0;600.0;958.0;845.0;553.0;928.0;1086.0;412.0;571.0;138.0;623.0;950.0;53.0;971.0;162.0;226.0;979.0;1040.0;756.0;905.0;157.0;897.0;863.0;1088.0;608.0;825.0;446.0;1059.0;959.0;109.0;965.0;870.0;843.0;972.0;630.0;804.0;912.0;595.0;896.0;314.0;1010.0;864.0;983.0;638.0;1101.0;634.0;920.0;859.0;938.0;1049.0;241.0;944.0;1005.0;901.0;985.0;110.0;538.0;624.0;939.0;154.0;131.0;165.0;209.0;932.0;754.0;866.0;1052.0;622.0;861.0;594.0;1076.0;231.0;611.0;121.0;965.0;812.0;1005.0;873.0;882.0;182.0;988.0;245.0;904.0;763.0;627.0;859.0;439.0;841.0;926.0;176.0;851.0;827.0;227.0;800.0;1061.0;531.0;125.0;935.0;843.0;996.0;856.0;115.0;868.0;949.0;872.0;943.0;679.0;798.0;555.0;202.0;946.0;925.0;956.0;217.0;868.0;185.0;829.0;863.0;943.0;162.0;904.0;813.0;893.0;471.0;1002.0;1042.0;343.0;137.0;944.0;883.0;878.0;934.0;292.0;908.0;886.0;186.0;898.0;867.0;1039.0;1009.0;187.0;857.0;708.0;996.0;397.0;900.0;35.0;772.0;875.0;753.0;721.0;851.0;1123.0;771.0;81.0;1145.0;934.0;1095.0;799.0;1082.0;644.0;592.0;898.0;817.0;620.0;93.0;730.0;898.0;744.0;933.0;812.0;609.0;1006.0;1105.0;987.0;155.0;202.0;714.0;914.0;818.0;148.0;200.0;300.0;695.0;621.0;898.0;1049.0;855.0;920.0;805.0;572.0;643.0;232.0;541.0
11;573.0;744.0;521.0;939.0;703.0;796.0;822.0;1014.0;142.0;940.0;975.0;0.0;717.0;788.0;724.0;649.0;866.0;130.0;709.0;781.0;798.0;1001.0;63.0;864.0;921.0;778.0;611.0;368.0;442.0;604.0;532.0;1004.0;600.0;779.0;1045.0;517.0;722.0;721.0;620.0;799.0;748.0;698.0;505.0;964.0;605.0;102.0;991.0;700.0;951.0;826.0;773.0;379.0;612.0;71.0;915.0;171.0;780.0;754.0;513.0;772.0;568.0;723.0;660.0;953.0;841.0;729.0;151.0;732.0;594.0;341.0;661.0;683.0;734.0;687.0;686.0;716.0;710.0;544.0;747.0;793.0;630.0;147.0;740.0;758.0;849.0;153.0;717.0;93.0;768.0;914.0;547.0;642.0;737.0;826.0;996.0;966.0;1012.0;830.0;584.0;837.0;750.0;524.0;122.0;535.0;623.0;997.0;490.0;939.0;818.0;760.0;736.0;895.0;775.0;969.0;398.0;762.0;713.0;560.0;469.0;753.0;593.0;887.0;831.0;838.0;311.0;220.0;867.0;926.0;722.0;463.0;959.0;111.0;137.0;640.0;713.0;977.0;889.0;685.0;814.0;821.0;400.0;753.0;574.0;966.0;744.0;681.0;659.0;1020.0;667.0;865.0;155.0;622.0;850.0;831.0;133.0;374.0;611.0;512.0;691.0;766.0;652.0;854.0;754.0;810.0;753.0;830.0;966.0;750.0;118.0;887.0;615.0;756.0;767.0;627.0;962.0;185.0;460.0;767.0;1022.0;110.0;993.0;810.0;716.0;237.0;413.0;201.0;720.0;263.0;944.0;717.0;852.0;697.0;606.0;699.0;698.0;611.0;806.0;158.0;661.0;942.0;758.0;853.0;553.0;675.0;260.0;621.0;741.0;697.0;765.0;964.0;995.0;297.0;644.0;799.0;945.0;1012.0;793.0;673.0;525.0;212.0;714.0;841.0;640.0;181.0;761.0;532.0;973.0;478.0
12;430.0;280.0;313.0;686.0;106.0;89.0;165.0;1006.0;575.0;704.0;820.0;717.0;0.0;195.0;138.0;72.0;394.0;588.0;351.0;387.0;199.0;913.0;654.0;931.0;675.0;62.0;121.0;377.0;298.0;288.0;198.0;936.0;305.0;114.0;582.0;321.0;142.0;25.0;292.0;120.0;274.0;416.0;366.0;910.0;229.0;620.0;794.0;163.0;686.0;849.0;159.0;452.0;118.0;689.0;671.0;546.0;69.0;275.0;317.0;55.0;476.0;251.0;169.0;727.0;167.0;50.0;590.0;155.0;229.0;378.0;121.0;227.0;76.0;747.0;211.0;45.0;172.0;260.0;291.0;212.0;151.0;582.0;118.0;232.0;581.0;574.0;194.0;631.0;165.0;711.0;363.0;209.0;120.0;694.0;741.0;693.0;990.0;139.0;144.0;120.0;236.0;293.0;623.0;310.0;314.0;997.0;337.0;710.0;156.0;47.0;189.0;178.0;76.0;945.0;392.0;780.0;88.0;163.0;344.0;47.0;455.0;173.0;137.0;648.0;406.0;504.0;598.0;225.0;254.0;496.0;718.0;608.0;619.0;218.0;38.0;738.0;172.0;145.0;101.0;142.0;376.0;47.0;320.0;957.0;127.0;122.0;166.0;999.0;78.0;635.0;689.0;113.0;158.0;672.0;584.0;343.0;143.0;541.0;200.0;224.0;551.0;692.0;124.0;101.0;62.0;140.0;599.0;89.0;605.0;638.0;143.0;55.0;220.0;240.0;944.0;536.0;288.0;176.0;571.0;744.0;811.0;117.0;57.0;550.0;331.0;519.0;324.0;761.0;744.0;349.0;155.0;300.0;111.0;285.0;176.0;256.0;105.0;649.0;207.0;733.0;107.0;142.0;178.0;134.0;464.0;233.0;189.0;312.0;167.0;699.0;975.0;488.0;135.0;85.0;692.0;984.0;520.0;129.0;292.0;507.0;243.0;124.0;143.0;584.0;255.0;265.0;982.0;446.0
13;615.0;117.0;486.0;880.0;111.0;149.0;70.0;1200.0;653.0;898.0;1015.0;788.0;195.0;0.0;75.0;204.0;579.0;659.0;206.0;581.0;10.0;1108.0;727.0;1121.0;869.0;177.0;208.0;504.0;347.0;476.0;270.0;1131.0;229.0;90.0;756.0;494.0;74.0;171.0;482.0;101.0;108.0;610.0;539.0;1105.0;415.0;686.0;989.0;88.0;879.0;1041.0;36.0;449.0;285.0;777.0;866.0;621.0;160.0;106.0;488.0;197.0;660.0;104.0;129.0;921.0;96.0;145.0;686.0;60.0;413.0;477.0;142.0;422.0;119.0;933.0;110.0;153.0;78.0;433.0;126.0;395.0;164.0;672.0;80.0;61.0;775.0;636.0;75.0;714.0;31.0;906.0;544.0;401.0;79.0;889.0;934.0;886.0;1185.0;117.0;301.0;188.0;71.0;464.0;716.0;486.0;222.0;1191.0;504.0;904.0;76.0;208.0;54.0;230.0;138.0;1139.0;404.0;970.0;117.0;308.0;506.0;157.0;641.0;252.0;125.0;843.0;487.0;599.0;792.0;323.0;107.0;665.0;912.0;677.0;716.0;155.0;160.0;931.0;228.0;107.0;168.0;100.0;519.0;221.0;504.0;1151.0;71.0;120.0;130.0;1194.0;165.0;830.0;796.0;197.0;124.0;867.0;661.0;439.0;189.0;716.0;102.0;48.0;741.0;887.0;71.0;153.0;138.0;115.0;786.0;107.0;690.0;832.0;184.0;150.0;43.0;174.0;1138.0;624.0;431.0;24.0;748.0;839.0;1006.0;267.0;142.0;669.0;465.0;607.0;174.0;886.0;938.0;200.0;135.0;164.0;252.0;150.0;371.0;444.0;136.0;756.0;400.0;928.0;290.0;170.0;329.0;121.0;563.0;422.0;49.0;175.0;31.0;892.0;1170.0;616.0;154.0;215.0;886.0;1179.0;715.0;323.0;464.0;578.0;105.0;203.0;155.0;690.0;447.0;436.0;1176.0;616.0
14;544.0;143.0;413.0;823.0;38.0;127.0;100.0;1134.0;587.0;841.0;955.0;724.0;138.0;75.0;0.0;131.0;531.0;594.0;219.0;524.0;83.0;1045.0;662.0;1052.0;812.0;142.0;133.0;430.0;282.0;407.0;198.0;1068.0;201.0;73.0;717.0;420.0;5.0;114.0;414.0;94.0;136.0;546.0;466.0;1041.0;346.0;623.0;930.0;36.0;823.0;972.0;49.0;401.0;213.0;709.0;808.0;555.0;128.0;137.0;414.0;158.0;588.0;114.0;70.0;863.0;123.0;90.0;616.0;18.0;343.0;406.0;68.0;360.0;65.0;862.0;84.0;93.0;38.0;361.0;153.0;348.0;94.0;604.0;28.0;94.0;716.0;573.0;58.0;647.0;46.0;847.0;472.0;335.0;25.0;825.0;878.0;831.0;1120.0;125.0;228.0;176.0;98.0;391.0;648.0;413.0;202.0;1124.0;430.0;847.0;98.0;164.0;51.0;231.0;107.0;1073.0;350.0;900.0;50.0;234.0;431.0;114.0;571.0;244.0;130.0;781.0;419.0;530.0;734.0;313.0;117.0;590.0;855.0;613.0;647.0;113.0;100.0;875.0;227.0;39.0;150.0;110.0;445.0;174.0;433.0;1084.0;25.0;46.0;69.0;1129.0;93.0;770.0;725.0;123.0;141.0;804.0;595.0;368.0;117.0;643.0;72.0;88.0;672.0;825.0;37.0;137.0;96.0;123.0;737.0;64.0;622.0;774.0;112.0;108.0;85.0;136.0;1072.0;555.0;357.0;51.0;706.0;770.0;947.0;233.0;82.0;596.0;390.0;539.0;189.0;813.0;879.0;215.0;148.0;169.0;178.0;153.0;311.0;376.0;123.0;685.0;336.0;869.0;242.0;170.0;255.0;49.0;492.0;354.0;52.0;181.0;45.0;836.0;1104.0;543.0;82.0;183.0;829.0;1114.0;655.0;260.0;390.0;513.0;108.0;189.0;84.0;619.0;393.0;363.0;1109.0;542.0
15;412.0;260.0;282.0;705.0;94.0;148.0;198.0;1006.0;507.0;721.0;831.0;649.0;72.0;204.0;131.0;0.0;430.0;519.0;317.0;409.0;211.0;919.0;586.0;921.0;692.0;130.0;50.0;320.0;225.0;277.0;126.0;941.0;252.0;146.0;626.0;290.0;134.0;72.0;284.0;161.0;255.0;420.0;335.0;913.0;215.0;551.0;810.0;141.0;706.0;841.0;171.0;381.0;81.0;624.0;688.0;478.0;131.0;258.0;284.0;127.0;457.0;228.0;130.0;743.0;209.0;84.0;525.0;149.0;212.0;312.0;80.0;239.0;97.0;730.0;180.0;70.0;153.0;230.0;270.0;257.0;97.0;516.0;126.0;222.0;596.0;504.0;175.0;564.0;173.0;724.0;340.0;208.0;125.0;697.0;762.0;715.0;991.0;188.0;98.0;188.0;223.0;261.0;558.0;282.0;265.0;995.0;301.0;727.0;191.0;119.0;178.0;248.0;128.0;945.0;320.0;769.0;88.0;109.0;304.0;104.0;440.0;244.0;189.0;656.0;337.0;439.0;614.0;297.0;230.0;462.0;736.0;539.0;555.0;173.0;66.0;757.0;242.0;118.0;165.0;185.0;326.0;117.0;302.0;955.0;134.0;94.0;126.0;1000.0;39.0;648.0;628.0;45.0;209.0;678.0;516.0;276.0;79.0;513.0;171.0;218.0;541.0;699.0;137.0;162.0;107.0;189.0;629.0;115.0;539.0;654.0;81.0;108.0;215.0;191.0;943.0;470.0;236.0;180.0;613.0;680.0;825.0;186.0;74.0;492.0;276.0;453.0;294.0;705.0;758.0;317.0;209.0;267.0;51.0;253.0;195.0;246.0;160.0;587.0;212.0;748.0;160.0;205.0;128.0;102.0;399.0;225.0;180.0;278.0;173.0;719.0;976.0;432.0;86.0;157.0;711.0;985.0;533.0;140.0;260.0;438.0;218.0;194.0;93.0;522.0;286.0;232.0;979.0;413.0
16;318.0;674.0;348.0;320.0;499.0;433.0;526.0;686.0;739.0;341.0;469.0;866.0;394.0;579.0;531.0;430.0;0.0;760.0;743.0;94.0;580.0;574.0;812.0;659.0;314.0;402.0;472.0;509.0;587.0;266.0;512.0;602.0;681.0;489.0;201.0;351.0;536.0;417.0;249.0;482.0;667.0;196.0;361.0;586.0;287.0;796.0;432.0;556.0;315.0;575.0;544.0;753.0;377.0;811.0;312.0;722.0;419.0;668.0;356.0;382.0;349.0;644.0;557.0;363.0;513.0;441.0;715.0;548.0;298.0;564.0;507.0;214.0;467.0;528.0;603.0;438.0;565.0;339.0;684.0;184.0;527.0;720.0;509.0;623.0;236.0;766.0;588.0;774.0;551.0;361.0;321.0;260.0;511.0;385.0;366.0;318.0;667.0;480.0;390.0;409.0;628.0;349.0;746.0;333.0;695.0;681.0;377.0;349.0;517.0;371.0;582.0;408.0;440.0;627.0;691.0;523.0;482.0;410.0;398.0;422.0;314.0;376.0;474.0;323.0;613.0;655.0;246.0;331.0;647.0;443.0;351.0;780.0;733.0;603.0;432.0;368.0;403.0;537.0;420.0;494.0;468.0;359.0;292.0;644.0;517.0;513.0;553.0;675.0;460.0;292.0;768.0;472.0;488.0;356.0;748.0;551.0;507.0;437.0;592.0;614.0;341.0;367.0;511.0;433.0;442.0;482.0;208.0;474.0;750.0;284.0;510.0;429.0;610.0;621.0;629.0;692.0;433.0;564.0;185.0;841.0;451.0;317.0;450.0;636.0;473.0;678.0;717.0;781.0;388.0;742.0;478.0;692.0;418.0;677.0;239.0;268.0;449.0;736.0;245.0;376.0;289.0;440.0;399.0;524.0;621.0;268.0;582.0;704.0;554.0;326.0;655.0;570.0;516.0;367.0;325.0;659.0;204.0;294.0;348.0;700.0;636.0;397.0;523.0;689.0;146.0;350.0;673.0;406.0
17;487.0;620.0;412.0;867.0;572.0;666.0;692.0;989.0;24.0;871.0;921.0;130.0;588.0;659.0;594.0;519.0;760.0;0.0;590.0;680.0;669.0;960.0;68.0;846.0;849.0;649.0;480.0;253.0;312.0;495.0;402.0;967.0;478.0;649.0;947.0;409.0;592.0;591.0;512.0;669.0;623.0;605.0;406.0;928.0;488.0;35.0;930.0;571.0;877.0;798.0;643.0;270.0;485.0;126.0;843.0;42.0;650.0;629.0;404.0;643.0;490.0;597.0;531.0;886.0;711.0;599.0;88.0;603.0;477.0;215.0;530.0;568.0;603.0;656.0;558.0;586.0;581.0;429.0;623.0;673.0;500.0;67.0;610.0;631.0;770.0;37.0;589.0;64.0;638.0;849.0;448.0;525.0;607.0;768.0;926.0;893.0;984.0;699.0;457.0;707.0;623.0;412.0;93.0;427.0;502.0;972.0;384.0;871.0;688.0;631.0;607.0;766.0;644.0;939.0;277.0;728.0;583.0;433.0;363.0;623.0;511.0;759.0;701.0;770.0;182.0;106.0;789.0;799.0;596.0;392.0;890.0;21.0;106.0;512.0;583.0;909.0;759.0;556.0;684.0;691.0;292.0;625.0;469.0;939.0;614.0;551.0;530.0;992.0;537.0;793.0;184.0;491.0;719.0;768.0;17.0;246.0;481.0;450.0;563.0;638.0;585.0;793.0;623.0;680.0;623.0;699.0;878.0;620.0;52.0;813.0;485.0;626.0;639.0;500.0;932.0;70.0;340.0;638.0;925.0;193.0;935.0;683.0;586.0;171.0;294.0;82.0;599.0;305.0;881.0;598.0;722.0;574.0;477.0;575.0;578.0;498.0;676.0;157.0;543.0;877.0;632.0;723.0;426.0;545.0;140.0;506.0;612.0;575.0;636.0;891.0;967.0;210.0;514.0;670.0;873.0;983.0;709.0;550.0;414.0;82.0;588.0;712.0;510.0;126.0;647.0;417.0;949.0;395.0
18;702.0;89.0;561.0;1021.0;246.0;342.0;276.0;1307.0;592.0;1037.0;1144.0;709.0;351.0;206.0;219.0;317.0;743.0;590.0;0.0;726.0;212.0;1227.0;653.0;1209.0;1008.0;361.0;286.0;516.0;314.0;581.0;294.0;1248.0;117.0;282.0;933.0;567.0;214.0;329.0;591.0;299.0;98.0;732.0;609.0;1218.0;521.0;609.0;1125.0;189.0;1022.0;1134.0;228.0;333.0;388.0;716.0;1004.0;560.0;346.0;102.0;560.0;377.0;742.0;106.0;188.0;1059.0;302.0;307.0;641.0;205.0;515.0;463.0;238.0;555.0;284.0;1011.0;140.0;307.0;181.0;516.0;82.0;563.0;224.0;623.0;245.0;145.0;912.0;560.0;161.0;652.0;218.0;1039.0;627.0;521.0;243.0;1005.0;1079.0;1032.0;1294.0;322.0;390.0;387.0;136.0;540.0;667.0;566.0;92.0;1296.0;568.0;1042.0;281.0;382.0;174.0;435.0;324.0;1247.0;313.0;1059.0;264.0;384.0;562.0;332.0;732.0;454.0;328.0;968.0;451.0;562.0;930.0;525.0;103.0;717.0;1053.0;604.0;672.0;148.0;313.0;1073.0;432.0;206.0;364.0;304.0;549.0;391.0;598.0;1256.0;239.0;230.0;191.0;1303.0;284.0;963.0;756.0;282.0;330.0;987.0;597.0;428.0;251.0;778.0;151.0;159.0;836.0;1010.0;249.0;350.0;314.0;320.0;945.0;282.0;632.0;970.0;246.0;327.0;163.0;137.0;1244.0;576.0;475.0;206.0;922.0;782.0;1140.0;452.0;296.0;652.0;491.0;562.0;33.0;864.0;1072.0;9.0;341.0;51.0;345.0;66.0;512.0;552.0;333.0;719.0;527.0;1063.0;458.0;373.0;405.0;219.0;534.0;535.0;175.0;39.0;214.0;1036.0;1278.0;616.0;232.0;402.0;1027.0;1289.0;847.0;457.0;540.0;517.0;111.0;401.0;225.0;657.0;601.0;514.0;1278.0;675.0
19;225.0;664.0;270.0;299.0;489.0;443.0;537.0;639.0;658.0;317.0;437.0;781.0;387.0;581.0;524.0;409.0;94.0;680.0;726.0;0.0;583.0;535.0;729.0;594.0;288.0;410.0;444.0;432.0;534.0;193.0;470.0;561.0;651.0;494.0;267.0;272.0;528.0;412.0;175.0;491.0;658.0;102.0;276.0;540.0;229.0;715.0;408.0;545.0;299.0;509.0;545.0;697.0;343.0;724.0;285.0;643.0;427.0;660.0;278.0;389.0;255.0;633.0;538.0;340.0;528.0;437.0;630.0;541.0;239.0;493.0;489.0;172.0;463.0;447.0;587.0;431.0;555.0;272.0;675.0;199.0;503.0;636.0;505.0;618.0;196.0;688.0;578.0;690.0;551.0;328.0;234.0;212.0;507.0;328.0;354.0;307.0;621.0;495.0;349.0;430.0;622.0;276.0;660.0;256.0;668.0;632.0;297.0;324.0;528.0;375.0;575.0;441.0;446.0;579.0;636.0;451.0;474.0;366.0;318.0;424.0;220.0;410.0;489.0;272.0;542.0;574.0;212.0;379.0;636.0;350.0;331.0;700.0;647.0;580.0;425.0;351.0;436.0;523.0;435.0;506.0;388.0;362.0;212.0;593.0;514.0;499.0;535.0;630.0;443.0;252.0;678.0;446.0;506.0;301.0;667.0;484.0;479.0;343.0;578.0;611.0;253.0;318.0;510.0;446.0;443.0;497.0;227.0;474.0;667.0;252.0;483.0;431.0;607.0;596.0;579.0;611.0;365.0;563.0;246.0;751.0;426.0;336.0;443.0;548.0;400.0;598.0;702.0;687.0;359.0;725.0;497.0;675.0;386.0;661.0;214.0;203.0;461.0;647.0;202.0;348.0;293.0;462.0;351.0;508.0;542.0;210.0;576.0;687.0;553.0;312.0;608.0;484.0;494.0;381.0;305.0;614.0;143.0;269.0;275.0;625.0;624.0;419.0;501.0;602.0;135.0;282.0;621.0;315.0
20;621.0;123.0;493.0;883.0;118.0;149.0;65.0;1205.0;663.0;901.0;1018.0;798.0;199.0;10.0;83.0;211.0;580.0;669.0;212.0;583.0;0.0;1111.0;737.0;1127.0;872.0;178.0;217.0;513.0;357.0;482.0;279.0;1135.0;239.0;91.0;756.0;501.0;83.0;175.0;487.0;99.0;114.0;615.0;546.0;1109.0;421.0;697.0;991.0;98.0;881.0;1046.0;41.0;460.0;291.0;787.0;868.0;632.0;161.0;112.0;495.0;198.0;666.0;112.0;139.0;923.0;90.0;149.0;695.0;69.0;419.0;487.0;151.0;426.0;124.0;939.0;121.0;158.0;88.0;440.0;132.0;396.0;173.0;682.0;86.0;68.0;778.0;646.0;85.0;724.0;38.0;909.0;550.0;406.0;85.0;893.0;936.0;888.0;1189.0;114.0;308.0;185.0;78.0;471.0;726.0;493.0;231.0;1195.0;511.0;907.0;72.0;209.0;64.0;225.0;139.0;1143.0;414.0;975.0;123.0;316.0;513.0;160.0;647.0;248.0;121.0;847.0;497.0;609.0;795.0;319.0;115.0;672.0;914.0;687.0;726.0;165.0;165.0;934.0;224.0;116.0;166.0;96.0;528.0;222.0;510.0;1155.0;77.0;129.0;140.0;1198.0;173.0;833.0;806.0;206.0;119.0;871.0;671.0;448.0;199.0;723.0;112.0;54.0;746.0;891.0;76.0;152.0;141.0;111.0;788.0;110.0;700.0;835.0;194.0;152.0;50.0;184.0;1142.0;634.0;440.0;33.0;748.0;848.0;1009.0;267.0;147.0;678.0;473.0;617.0;180.0;895.0;942.0;206.0;130.0;172.0;260.0;157.0;375.0;450.0;135.0;765.0;405.0;931.0;292.0;166.0;337.0;130.0;572.0;428.0;60.0;183.0;38.0;894.0;1174.0;625.0;164.0;214.0;888.0;1183.0;719.0;327.0;471.0;588.0;113.0;200.0;164.0;700.0;449.0;443.0;1180.0;623.0
21;537.0;1179.0;676.0;260.0;1008.0;976.0;1069.0;123.0;936.0;237.0;109.0;1001.0;913.0;1108.0;1045.0;919.0;574.0;960.0;1227.0;535.0;1111.0;0.0;975.0;211.0;262.0;943.0;942.0;788.0;970.0;647.0;941.0;31.0;1134.0;1024.0;520.0;672.0;1048.0;937.0;637.0;1023.0;1174.0;499.0;638.0;50.0;707.0;986.0;158.0;1060.0;270.0;190.0;1072.0;1101.0;841.0;930.0;263.0;940.0;959.0;1176.0;680.0;921.0;507.0;1146.0;1045.0;217.0;1062.0;963.0;877.0;1063.0;713.0;863.0;998.0;686.0;989.0;316.0;1097.0;955.0;1071.0;715.0;1189.0;734.0;1005.0;895.0;1030.0;1139.0;341.0;985.0;1094.0;933.0;1077.0;212.0;610.0;711.0;1031.0;222.0;237.0;274.0;102.0;1029.0;837.0;965.0;1141.0;695.0;892.0;668.0;1156.0;127.0;680.0;229.0;1060.0;907.0;1095.0;974.0;977.0;85.0;1052.0;240.0;995.0;844.0;693.0;953.0;506.0;943.0;1024.0;265.0;908.0;872.0;329.0;904.0;1148.0;579.0;233.0;972.0;874.0;1079.0;948.0;223.0;969.0;1037.0;969.0;1039.0;738.0;893.0;632.0;105.0;1038.0;1013.0;1042.0;109.0;957.0;284.0;849.0;948.0;1041.0;241.0;942.0;876.0;977.0;514.0;1089.0;1133.0;403.0;220.0;1036.0;980.0;972.0;1031.0;400.0;1001.0;921.0;290.0;982.0;961.0;1130.0;1091.0;93.0;898.0;777.0;1088.0;505.0;917.0;137.0;871.0;966.0;789.0;785.0;895.0;1208.0;777.0;188.0;1228.0;1032.0;1179.0;883.0;1167.0;737.0;675.0;994.0;842.0;709.0;200.0;826.0;997.0;824.0;1021.0;861.0;694.0;1096.0;1189.0;1079.0;264.0;98.0;759.0;1000.0;916.0;256.0;93.0;394.0;786.0;695.0;945.0;1136.0;954.0;1006.0;839.0;670.0;719.0;134.0;597.0
22;526.0;685.0;465.0;899.0;640.0;733.0;760.0;996.0;79.0;902.0;944.0;63.0;654.0;727.0;662.0;586.0;812.0;68.0;653.0;729.0;737.0;975.0;0.0;849.0;881.0;715.0;548.0;309.0;380.0;548.0;469.0;980.0;542.0;716.0;994.0;461.0;660.0;658.0;565.0;736.0;689.0;648.0;453.0;941.0;546.0;44.0;956.0;639.0;910.0;806.0;710.0;327.0;549.0;74.0;875.0;108.0;717.0;694.0;457.0;709.0;524.0;663.0;598.0;916.0;779.0;666.0;103.0;670.0;535.0;279.0;598.0;625.0;671.0;665.0;625.0;653.0;648.0;485.0;688.0;733.0;568.0;93.0;677.0;697.0;806.0;94.0;656.0;43.0;706.0;877.0;495.0;583.0;675.0;793.0;957.0;926.0;993.0;767.0;522.0;774.0;690.0;467.0;83.0;480.0;565.0;979.0;435.0;901.0;756.0;697.0;675.0;833.0;712.0;948.0;340.0;739.0;650.0;498.0;414.0;690.0;548.0;825.0;769.0;800.0;249.0;160.0;825.0;864.0;662.0;422.0;921.0;50.0;101.0;579.0;650.0;939.0;826.0;623.0;751.0;758.0;344.0;691.0;519.0;947.0;681.0;619.0;597.0;1000.0;605.0;825.0;153.0;559.0;787.0;795.0;70.0;311.0;549.0;475.0;630.0;705.0;614.0;819.0;691.0;747.0;690.0;767.0;919.0;687.0;62.0;847.0;552.0;693.0;706.0;566.0;942.0;124.0;400.0;705.0;972.0;138.0;960.0;748.0;653.0;194.0;353.0;140.0;662.0;273.0;908.0;660.0;790.0;639.0;543.0;640.0;638.0;554.0;743.0;140.0;601.0;905.0;696.0;790.0;490.0;613.0;199.0;563.0;679.0;639.0;703.0;924.0;975.0;247.0;581.0;736.0;905.0;992.0;748.0;612.0;468.0;149.0;654.0;778.0;578.0;139.0;703.0;474.0;955.0;432.0
23;510.0;1174.0;648.0;395.0;1014.0;1007.0;1095.0;158.0;824.0;375.0;279.0;864.0;931.0;1121.0;1052.0;921.0;659.0;846.0;1209.0;594.0;1127.0;211.0;849.0;0.0;388.0;972.0;934.0;722.0;921.0;645.0;915.0;193.0;1105.0;1045.0;663.0;642.0;1054.0;954.0;640.0;1049.0;1171.0;524.0;600.0;161.0;706.0;867.0;331.0;1060.0;410.0;85.0;1086.0;1029.0;840.0;793.0;385.0;834.0;988.0;1174.0;649.0;952.0;468.0;1141.0;1038.0;363.0;1093.0;979.0;759.0;1070.0;709.0;794.0;996.0;709.0;1004.0;202.0;1090.0;970.0;1072.0;696.0;1183.0;786.0;995.0;779.0;1042.0;1142.0;429.0;877.0;1094.0;808.0;1090.0;336.0;584.0;722.0;1042.0;276.0;401.0;420.0;163.0;1061.0;829.0;1006.0;1142.0;670.0;767.0;644.0;1128.0;140.0;641.0;366.0;1086.0;936.0;1099.0;1028.0;1003.0;135.0;989.0;152.0;1005.0;829.0;649.0;976.0;481.0;998.0;1057.0;340.0;833.0;773.0;426.0;972.0;1143.0;505.0;381.0;855.0;750.0;1064.0;963.0;380.0;1022.0;1036.0;1004.0;1068.0;677.0;922.0;619.0;122.0;1050.0;1014.0;1035.0;168.0;960.0;379.0;708.0;941.0;1076.0;306.0;829.0;815.0;966.0;439.0;1084.0;1139.0;381.0;300.0;1051.0;1013.0;993.0;1063.0;534.0;1019.0;801.0;397.0;971.0;984.0;1136.0;1072.0;126.0;793.0;737.0;1099.0;644.0;769.0;314.0;916.0;980.0;679.0;731.0;793.0;1194.0;618.0;331.0;1211.0;1069.0;1165.0;878.0;1154.0;763.0;677.0;1025.0;710.0;725.0;341.0;862.0;1038.0;808.0;1019.0;771.0;699.0;1101.0;1173.0;1091.0;410.0;149.0;665.0;994.0;953.0;395.0;167.0;456.0;802.0;670.0;848.0;1131.0;997.0;998.0;721.0;717.0;697.0;115.0;538.0
24;369.0;951.0;490.0;18.0;776.0;731.0;825.0;379.0;825.0;29.0;155.0;921.0;675.0;869.0;812.0;692.0;314.0;849.0;1008.0;288.0;872.0;262.0;881.0;388.0;0.0;698.0;723.0;632.0;784.0;438.0;737.0;291.0;926.0;782.0;276.0;488.0;815.0;700.0;424.0;779.0;945.0;283.0;467.0;281.0;492.0;880.0;120.0;831.0;32.0;312.0;833.0;934.0;621.0;853.0;6.0;820.0;715.0;947.0;496.0;677.0;359.0;919.0;821.0;52.0;815.0;725.0;778.0;829.0;500.0;705.0;773.0;454.0;751.0;337.0;872.0;719.0;841.0;516.0;961.0;483.0;784.0;791.0;793.0;906.0;97.0;867.0;864.0;838.0;840.0;53.0;429.0;487.0;795.0;133.0;78.0;48.0;359.0;782.0;622.0;715.0;909.0;505.0;801.0;478.0;945.0;377.0;504.0;36.0;816.0;664.0;862.0;719.0;734.0;324.0;878.0;292.0;761.0;634.0;522.0;712.0;341.0;687.0;776.0;88.0;754.0;748.0;78.0;645.0;921.0;459.0;45.0;865.0;784.0;861.0;712.0;66.0;714.0;809.0;721.0;794.0;582.0;650.0;436.0;342.0;802.0;784.0;818.0;367.0;728.0;56.0;785.0;726.0;792.0;110.0;833.0;708.0;759.0;410.0;863.0;899.0;268.0;99.0;799.0;733.0;731.0;784.0;147.0;762.0;821.0;39.0;763.0;720.0;895.0;875.0;327.0;781.0;596.0;851.0;257.0;860.0;138.0;620.0;731.0;688.0;616.0;773.0;986.0;749.0;74.0;1008.0;783.0;958.0;664.0;945.0;501.0;462.0;748.0;766.0;481.0;62.0;581.0;746.0;616.0;793.0;727.0;476.0;863.0;969.0;842.0;44.0;349.0;639.0;777.0;668.0;24.0;351.0;163.0;553.0;504.0;814.0;910.0;703.0;783.0;743.0;423.0;523.0;373.0;455.0
