Vehicle:
Average speed:;1315
Time limit:;5529.44
Fuel comsumption rate:;1
Fuel Capacity:;1931.57
Depot:
ID;X;Y;Service Time
0;0;0;0
Customers:
ID;X;Y;Service Time
1;80;386;5.59574
2;521;652;5.59574
3;597;936;5.59574
4;836;69;5.59574
5;503;987;5.59574
6;618;169;5.59574
7;115;662;5.59574
8;312;175;5.59574
9;78;83;5.59574
10;364;317;5.59574
11;12;454;5.59574
12;980;537;5.59574
13;403;383;5.59574
14;144;443;5.59574
15;739;464;5.59574
16;886;511;5.59574
17;904;106;5.59574
18;794;539;5.59574
19;821;608;5.59574
20;781;347;5.59574
21;336;490;5.59574
22;101;736;5.59574
23;365;68;5.59574
24;618;684;5.59574
25;282;286;5.59574
26;311;806;5.59574
27;557;793;5.59574
28;54;50;5.59574
29;651;264;5.59574
30;619;661;5.59574
31;156;994;5.59574
32;950;369;5.59574
33;183;707;5.59574
34;673;856;5.59574
35;5;651;5.59574
36;867;449;5.59574
37;946;914;5.59574
38;75;82;5.59574
39;522;8;5.59574
40;573;493;5.59574
41;833;699;5.59574
42;881;677;5.59574
43;201;77;5.59574
44;536;593;5.59574
45;67;895;5.59574
46;99;113;5.59574
47;120;133;5.59574
48;428;231;5.59574
49;701;845;5.59574
50;190;508;5.59574
51;431;218;5.59574
52;626;782;5.59574
53;113;914;5.59574
54;569;117;5.59574
55;865;639;5.59574
56;708;9;5.59574
57;511;977;5.59574
58;104;838;5.59574
59;229;467;5.59574
60;956;568;5.59574
61;431;929;5.59574
62;615;707;5.59574
63;913;42;5.59574
64;854;504;5.59574
65;236;176;5.59574
66;377;404;5.59574
67;380;468;5.59574
68;590;752;5.59574
69;620;146;5.59574
70;616;746;5.59574
71;675;114;5.59574
72;556;640;5.59574
73;99;777;5.59574
74;12;194;5.59574
75;920;116;5.59574
76;846;384;5.59574
77;525;23;5.59574
78;199;348;5.59574
79;813;875;5.59574
80;757;593;5.59574
81;573;358;5.59574
82;264;448;5.59574
83;132;556;5.59574
84;289;765;5.59574
85;246;267;5.59574
86;245;876;5.59574
87;235;592;5.59574
88;648;790;5.59574
89;378;754;5.59574
90;636;653;5.59574
91;555;181;5.59574
92;738;446;5.59574
93;130;836;5.59574
94;882;942;5.59574
95;102;787;5.59574
96;669;905;5.59574
97;490;45;5.59574
98;883;547;5.59574
99;971;638;5.59574
100;256;227;5.59574
101;775;935;5.59574
102;489;411;5.59574
103;826;228;5.59574
104;514;866;5.59574
105;129;566;5.59574
106;7;118;5.59574
107;415;820;5.59574
108;161;160;5.59574
109;27;21;5.59574
110;695;395;5.59574
111;64;937;5.59574
112;121;847;5.59574
113;770;896;5.59574
114;264;607;5.59574
115;174;871;5.59574
116;20;546;5.59574
117;986;803;5.59574
118;379;259;5.59574
119;728;180;5.59574
120;686;273;5.59574
121;133;869;5.59574
122;157;499;5.59574
123;784;186;5.59574
124;649;934;5.59574
125;999;236;5.59574
126;670;615;5.59574
127;978;479;5.59574
128;646;823;5.59574
129;193;565;5.59574
130;440;534;5.59574
131;26;411;5.59574
132;114;126;5.59574
133;661;528;5.59574
134;946;326;5.59574
135;223;602;5.59574
136;695;420;5.59574
137;172;317;5.59574
138;116;701;5.59574
139;940;438;5.59574
140;732;172;5.59574
141;824;136;5.59574
142;837;507;5.59574
143;125;570;5.59574
144;773;241;5.59574
145;542;708;5.59574
146;441;235;5.59574
147;808;413;5.59574
148;68;374;5.59574
149;582;768;5.59574
150;220;519;5.59574
151;593;651;5.59574
152;71;712;5.59574
153;26;569;5.59574
154;918;629;5.59574
155;165;731;5.59574
156;941;282;5.59574
157;285;379;5.59574
158;227;977;5.59574
159;788;366;5.59574
160;33;507;5.59574
161;597;983;5.59574
162;299;617;5.59574
163;799;35;5.59574
164;414;697;5.59574
165;529;178;5.59574
166;235;743;5.59574
167;118;484;5.59574
168;349;554;5.59574
169;477;280;5.59574
170;591;189;5.59574
171;743;221;5.59574
172;807;670;5.59574
173;163;621;5.59574
174;874;932;5.59574
175;245;24;5.59574
176;960;27;5.59574
177;139;44;5.59574
178;45;584;5.59574
179;281;434;5.59574
180;684;501;5.59574
181;284;414;5.59574
182;20;905;5.59574
183;80;256;5.59574
184;57;354;5.59574
185;306;107;5.59574
186;167;289;5.59574
187;952;66;5.59574
188;862;741;5.59574
189;240;516;5.59574
190;806;277;5.59574
191;782;700;5.59574
192;82;208;5.59574
193;951;550;5.59574
194;710;44;5.59574
195;537;764;5.59574
196;407;191;5.59574
197;629;133;5.59574
198;608;911;5.59574
199;760;125;5.59574
200;727;517;5.59574
201;295;706;5.59574
202;679;836;5.59574
203;73;420;5.59574
204;637;903;5.59574
205;297;723;5.59574
206;55;920;5.59574
207;676;550;5.59574
208;933;456;5.59574
209;812;155;5.59574
210;326;903;5.59574
211;846;181;5.59574
212;116;175;5.59574
213;344;992;5.59574
214;28;667;5.59574
215;439;245;5.59574
216;891;450;5.59574
217;224;732;5.59574
218;156;734;5.59574
219;390;441;5.59574
220;663;560;5.59574
221;115;896;5.59574
222;655;766;5.59574
223;210;731;5.59574
224;42;176;5.59574
225;505;517;5.59574
226;923;66;5.59574
227;490;844;5.59574
228;342;859;5.59574
229;210;644;5.59574
230;313;79;5.59574
231;399;775;5.59574
232;79;559;5.59574
233;876;843;5.59574
234;631;889;5.59574
235;182;284;5.59574
AFSs:
ID;X;Y;Service Time
236;471;120;1315
Distance matrix:
;0;1;2;3;4;5;6;7;8;9;10;11;12;13;14;15;16;17;18;19;20;21;22;23;24;25;26;27;28;29;30;31;32;33;34;35;36;37;38;39;40;41;42;43;44;45;46;47;48;49;50;51;52;53;54;55;56;57;58;59;60;61;62;63;64;65;66;67;68;69;70;71;72;73;74;75;76;77;78;79;80;81;82;83;84;85;86;87;88;89;90;91;92;93;94;95;96;97;98;99;100;101;102;103;104;105;106;107;108;109;110;111;112;113;114;115;116;117;118;119;120;121;122;123;124;125;126;127;128;129;130;131;132;133;134;135;136;137;138;139;140;141;142;143;144;145;146;147;148;149;150;151;152;153;154;155;156;157;158;159;160;161;162;163;164;165;166;167;168;169;170;171;172;173;174;175;176;177;178;179;180;181;182;183;184;185;186;187;188;189;190;191;192;193;194;195;196;197;198;199;200;201;202;203;204;205;206;207;208;209;210;211;212;213;214;215;216;217;218;219;220;221;222;223;224;225;226;227;228;229;230;231;232;233;234;235;236
0;0.0;394.0;835.0;1110.0;839.0;1108.0;641.0;672.0;358.0;114.0;483.0;454.0;1117.0;556.0;466.0;873.0;1023.0;910.0;960.0;1022.0;855.0;594.0;743.0;371.0;922.0;402.0;864.0;969.0;74.0;702.0;906.0;1006.0;1019.0;730.0;1089.0;651.0;976.0;1315.0;111.0;522.0;756.0;1087.0;1111.0;215.0;799.0;898.0;150.0;179.0;486.0;1098.0;542.0;483.0;1002.0;921.0;581.0;1075.0;708.0;1103.0;844.0;520.0;1112.0;1024.0;937.0;914.0;992.0;294.0;553.0;603.0;956.0;637.0;967.0;685.0;848.0;783.0;194.0;927.0;929.0;526.0;401.0;1194.0;962.0;676.0;520.0;571.0;818.0;363.0;910.0;637.0;1022.0;843.0;912.0;584.0;862.0;846.0;1290.0;794.0;1125.0;492.0;1039.0;1162.0;342.0;1214.0;639.0;857.0;1007.0;581.0;118.0;919.0;227.0;34.0;799.0;939.0;856.0;1181.0;662.0;888.0;546.0;1272.0;459.0;750.0;738.0;879.0;523.0;806.0;1137.0;1026.0;909.0;1089.0;1046.0;597.0;692.0;412.0;170.0;846.0;1001.0;642.0;812.0;361.0;711.0;1037.0;752.0;835.0;979.0;584.0;810.0;892.0;500.0;907.0;380.0;964.0;564.0;881.0;716.0;570.0;1113.0;749.0;982.0;474.0;1003.0;869.0;508.0;1150.0;686.0;800.0;811.0;558.0;779.0;498.0;655.0;553.0;620.0;775.0;1049.0;642.0;1278.0;246.0;960.0;146.0;586.0;517.0;848.0;502.0;905.0;268.0;359.0;324.0;334.0;954.0;1137.0;569.0;852.0;1050.0;224.0;1099.0;711.0;934.0;450.0;643.0;1095.0;770.0;892.0;765.0;1077.0;426.0;1105.0;782.0;922.0;871.0;1038.0;827.0;960.0;865.0;210.0;1050.0;668.0;503.0;998.0;766.0;750.0;589.0;868.0;903.0;1008.0;761.0;181.0;723.0;925.0;976.0;925.0;677.0;323.0;872.0;565.0;1216.0;1090.0;337.0;486.0
1;394.0;0.0;515.0;755.0;820.0;735.0;580.0;278.0;314.0;303.0;292.0;96.0;913.0;323.0;86.0;664.0;816.0;870.0;730.0;774.0;702.0;276.0;351.0;427.0;615.0;225.0;479.0;627.0;337.0;584.0;605.0;613.0;870.0;337.0;757.0;275.0;790.0;1014.0;304.0;582.0;504.0;815.0;852.0;332.0;501.0;509.0;274.0;256.0;381.0;772.0;164.0;389.0;674.0;529.0;558.0;825.0;732.0;731.0;453.0;170.0;895.0;647.0;624.0;901.0;783.0;262.0;298.0;311.0;628.0;591.0;646.0;654.0;540.0;391.0;204.0;882.0;766.0;574.0;125.0;881.0;708.0;494.0;194.0;178.0;433.0;204.0;517.0;258.0;697.0;474.0;617.0;517.0;661.0;453.0;976.0;402.0;785.0;533.0;819.0;926.0;237.0;886.0;410.0;763.0;647.0;187.0;278.0;548.0;240.0;369.0;615.0;551.0;463.0;858.0;288.0;494.0;171.0;997.0;325.0;680.0;616.0;486.0;137.0;732.0;790.0;931.0;633.0;903.0;715.0;212.0;389.0;60.0;262.0;598.0;868.0;259.0;616.0;115.0;317.0;862.0;686.0;785.0;767.0;189.0;708.0;563.0;391.0;729.0;17.0;631.0;193.0;577.0;326.0;191.0;873.0;355.0;867.0;205.0;609.0;708.0;130.0;790.0;318.0;800.0;456.0;495.0;389.0;105.0;317.0;411.0;548.0;683.0;781.0;249.0;964.0;398.0;950.0;347.0;201.0;207.0;615.0;206.0;522.0;130.0;39.0;359.0;130.0;929.0;859.0;206.0;734.0;769.0;178.0;886.0;717.0;593.0;381.0;604.0;745.0;728.0;660.0;386.0;749.0;35.0;760.0;401.0;535.0;618.0;856.0;768.0;573.0;793.0;214.0;661.0;286.0;386.0;814.0;375.0;356.0;315.0;608.0;511.0;689.0;369.0;213.0;445.0;902.0;615.0;541.0;289.0;385.0;503.0;173.0;918.0;746.0;144.0;473.0
2;835.0;515.0;0.0;294.0;663.0;335.0;493.0;406.0;521.0;721.0;370.0;546.0;473.0;294.0;431.0;288.0;391.0;667.0;295.0;303.0;401.0;246.0;428.0;604.0;102.0;437.0;260.0;146.0;762.0;409.0;98.0;500.0;514.0;342.0;254.0;516.0;401.0;499.0;724.0;644.0;167.0;316.0;361.0;658.0;61.0;515.0;685.0;656.0;431.0;264.0;361.0;443.0;167.0;485.0;537.0;344.0;670.0;325.0;457.0;346.0;443.0;291.0;109.0;725.0;364.0;555.0;287.0;232.0;121.0;516.0;134.0;560.0;37.0;440.0;685.0;668.0;421.0;629.0;443.0;367.0;243.0;299.0;328.0;401.0;258.0;473.0;355.0;292.0;188.0;176.0;115.0;472.0;299.0;432.0;463.0;440.0;293.0;608.0;377.0;450.0;501.0;380.0;243.0;522.0;214.0;401.0;741.0;199.0;610.0;801.0;310.0;539.0;445.0;349.0;261.0;410.0;512.0;489.0;418.0;515.0;413.0;445.0;395.0;535.0;310.0;634.0;154.0;489.0;212.0;339.0;143.0;551.0;665.0;187.0;536.0;302.0;290.0;484.0;408.0;470.0;524.0;598.0;348.0;404.0;482.0;60.0;425.0;373.0;532.0;131.0;329.0;72.0;454.0;502.0;398.0;365.0;560.0;361.0;438.0;391.0;509.0;340.0;225.0;677.0;116.0;474.0;300.0;437.0;198.0;375.0;468.0;485.0;287.0;359.0;451.0;686.0;764.0;718.0;481.0;324.0;222.0;336.0;561.0;593.0;551.0;586.0;507.0;727.0;352.0;312.0;471.0;265.0;624.0;442.0;637.0;113.0;475.0;530.0;273.0;579.0;246.0;232.0;243.0;505.0;277.0;235.0;538.0;186.0;456.0;576.0;318.0;572.0;626.0;383.0;493.0;415.0;422.0;308.0;374.0;248.0;169.0;474.0;176.0;321.0;675.0;136.0;711.0;194.0;274.0;311.0;610.0;173.0;452.0;403.0;261.0;500.0;534.0
3;1110.0;755.0;294.0;0.0;899.0;107.0;767.0;554.0;813.0;998.0;661.0;758.0;553.0;586.0;670.0;493.0;514.0;885.0;443.0;397.0;617.0;517.0;535.0;898.0;253.0;722.0;314.0;148.0;1039.0;674.0;276.0;445.0;668.0;473.0;110.0;657.0;557.0;350.0;1001.0;931.0;444.0;334.0;384.0;946.0;348.0;532.0;962.0;934.0;725.0;138.0;591.0;737.0;157.0;484.0;819.0;400.0;934.0;95.0;503.0;596.0;514.0;166.0;230.0;948.0;503.0;841.0;576.0;516.0;184.0;790.0;191.0;826.0;299.0;523.0;945.0;881.0;606.0;916.0;710.0;224.0;378.0;578.0;591.0;601.0;352.0;755.0;357.0;499.0;155.0;285.0;286.0;756.0;510.0;478.0;285.0;517.0;78.0;897.0;483.0;478.0;787.0;178.0;536.0;744.0;109.0;597.0;1009.0;216.0;890.0;1078.0;550.0;533.0;484.0;178.0;468.0;428.0;696.0;411.0;711.0;767.0;669.0;469.0;620.0;773.0;52.0;807.0;329.0;595.0;123.0;549.0;432.0;776.0;943.0;413.0;703.0;501.0;525.0;751.0;535.0;605.0;776.0;832.0;492.0;597.0;717.0;235.0;718.0;564.0;772.0;169.0;562.0;285.0;572.0;679.0;444.0;478.0;739.0;638.0;372.0;601.0;709.0;47.0;437.0;923.0;301.0;761.0;410.0;659.0;455.0;667.0;747.0;730.0;339.0;536.0;277.0;978.0;979.0;1003.0;655.0;593.0;444.0;609.0;578.0;854.0;794.0;879.0;777.0;940.0;329.0;551.0;691.0;300.0;892.0;524.0;899.0;182.0;769.0;804.0;27.0;827.0;439.0;380.0;129.0;735.0;52.0;368.0;542.0;394.0;586.0;810.0;273.0;795.0;900.0;259.0;629.0;709.0;568.0;425.0;485.0;537.0;382.0;484.0;180.0;438.0;941.0;429.0;929.0;141.0;266.0;485.0;903.0;255.0;641.0;294.0;58.0;773.0;826.0
4;839.0;820.0;663.0;899.0;0.0;977.0;240.0;934.0;535.0;758.0;533.0;910.0;490.0;535.0;787.0;407.0;445.0;77.0;472.0;539.0;283.0;654.0;993.0;471.0;652.0;595.0;905.0;776.0;782.0;269.0;631.0;1148.0;321.0;913.0;804.0;1015.0;381.0;852.0;761.0;320.0;499.0;630.0;610.0;635.0;604.0;1129.0;738.0;719.0;439.0;788.0;781.0;432.0;743.0;1112.0;271.0;571.0;141.0;964.0;1062.0;726.0;513.0;951.0;675.0;82.0;435.0;609.0;568.0;606.0;726.0;229.0;712.0;167.0;636.0;1022.0;833.0;96.0;315.0;314.0;695.0;806.0;530.0;391.0;686.0;856.0;885.0;622.0;1000.0;797.0;745.0;824.0;617.0;302.0;390.0;1042.0;874.0;1027.0;853.0;347.0;480.0;585.0;601.0;868.0;487.0;159.0;860.0;864.0;830.0;861.0;681.0;810.0;355.0;1162.0;1057.0;830.0;785.0;1040.0;945.0;749.0;495.0;155.0;253.0;1065.0;804.0;128.0;885.0;233.0;571.0;434.0;778.0;812.0;611.0;879.0;724.0;491.0;280.0;812.0;378.0;709.0;958.0;383.0;146.0;68.0;438.0;870.0;183.0;703.0;428.0;345.0;826.0;744.0;763.0;631.0;999.0;952.0;566.0;943.0;237.0;632.0;1093.0;301.0;915.0;945.0;767.0;50.0;757.0;326.0;903.0;829.0;687.0;416.0;273.0;178.0;602.0;870.0;864.0;593.0;131.0;697.0;944.0;664.0;458.0;651.0;1168.0;779.0;829.0;531.0;704.0;116.0;673.0;745.0;210.0;633.0;767.0;495.0;128.0;757.0;446.0;217.0;872.0;94.0;461.0;836.0;783.0;840.0;857.0;847.0;1155.0;507.0;399.0;89.0;978.0;112.0;728.0;1046.0;1005.0;434.0;385.0;902.0;951.0;581.0;521.0;1097.0;720.0;911.0;801.0;557.0;87.0;849.0;932.0;850.0;523.0;830.0;902.0;775.0;845.0;688.0;369.0
5;1108.0;735.0;335.0;107.0;977.0;0.0;826.0;506.0;834.0;999.0;684.0;725.0;656.0;612.0;652.0;574.0;611.0;968.0;534.0;495.0;698.0;524.0;474.0;929.0;324.0;735.0;264.0;201.0;1039.0;738.0;346.0;347.0;763.0;425.0;215.0;601.0;650.0;449.0;1001.0;979.0;499.0;438.0;489.0;959.0;395.0;446.0;963.0;936.0;760.0;244.0;572.0;772.0;239.0;397.0;872.0;502.0;999.0;13.0;426.0;588.0;617.0;92.0;302.0;1030.0;597.0;854.0;596.0;533.0;251.0;849.0;266.0;890.0;351.0;455.0;933.0;966.0;694.0;964.0;708.0;330.0;469.0;633.0;590.0;569.0;308.0;764.0;281.0;477.0;245.0;264.0;360.0;808.0;590.0;402.0;382.0;448.0;185.0;942.0;581.0;584.0;799.0;277.0;576.0;825.0;121.0;563.0;1001.0;189.0;895.0;1077.0;622.0;442.0;407.0;282.0;449.0;349.0;654.0;517.0;738.0;838.0;737.0;388.0;598.0;849.0;155.0;900.0;408.0;695.0;218.0;524.0;457.0;748.0;945.0;485.0;796.0;476.0;599.0;747.0;481.0;702.0;847.0;910.0;585.0;563.0;793.0;282.0;755.0;650.0;752.0;233.0;547.0;348.0;512.0;634.0;548.0;424.0;830.0;646.0;276.0;683.0;672.0;94.0;423.0;997.0;303.0;809.0;362.0;633.0;460.0;707.0;803.0;803.0;439.0;500.0;375.0;997.0;1063.0;1011.0;610.0;596.0;519.0;613.0;490.0;845.0;774.0;902.0;775.0;1025.0;435.0;539.0;772.0;400.0;885.0;626.0;965.0;226.0;802.0;863.0;130.0;899.0;521.0;350.0;232.0;712.0;158.0;335.0;453.0;470.0;683.0;888.0;196.0;876.0;900.0;159.0;573.0;745.0;663.0;378.0;429.0;558.0;456.0;399.0;268.0;389.0;933.0;470.0;1012.0;144.0;206.0;451.0;928.0;236.0;602.0;400.0;161.0;773.0;868.0
6;641.0;580.0;493.0;767.0;240.0;826.0;0.0;704.0;306.0;547.0;294.0;670.0;516.0;303.0;547.0;319.0;434.0;293.0;410.0;484.0;241.0;427.0;767.0;272.0;515.0;356.0;707.0;627.0;576.0;101.0;492.0;946.0;388.0;692.0;689.0;780.0;375.0;814.0;550.0;187.0;327.0;572.0;572.0;427.0;432.0;911.0;522.0;499.0;200.0;681.0;546.0;193.0;613.0;900.0;71.0;531.0;184.0;815.0;844.0;490.0;523.0;783.0;538.0;321.0;410.0;382.0;337.0;382.0;584.0;23.0;577.0;79.0;475.0;799.0;607.0;307.0;313.0;173.0;456.0;732.0;446.0;194.0;451.0;621.0;681.0;385.0;799.0;571.0;622.0;632.0;484.0;64.0;302.0;826.0;817.0;805.0;738.0;178.0;462.0;587.0;367.0;782.0;274.0;216.0;705.0;630.0;613.0;682.0;457.0;609.0;239.0;947.0;841.0;743.0;563.0;831.0;707.0;733.0;255.0;111.0;124.0;852.0;567.0;167.0;766.0;387.0;449.0;475.0;655.0;581.0;406.0;640.0;506.0;362.0;364.0;586.0;263.0;470.0;731.0;420.0;114.0;209.0;403.0;635.0;171.0;544.0;189.0;309.0;587.0;600.0;530.0;483.0;771.0;714.0;549.0;722.0;342.0;394.0;898.0;260.0;676.0;814.0;550.0;225.0;566.0;89.0;690.0;591.0;470.0;179.0;34.0;135.0;535.0;641.0;805.0;400.0;370.0;495.0;707.0;429.0;338.0;414.0;948.0;545.0;591.0;318.0;467.0;350.0;622.0;513.0;217.0;556.0;537.0;506.0;155.0;600.0;212.0;38.0;742.0;149.0;365.0;627.0;670.0;600.0;734.0;640.0;939.0;385.0;426.0;195.0;790.0;228.0;502.0;867.0;772.0;194.0;392.0;687.0;730.0;355.0;394.0;884.0;598.0;694.0;576.0;366.0;322.0;687.0;743.0;626.0;318.0;644.0;665.0;722.0;720.0;451.0;155.0
7;672.0;278.0;406.0;554.0;934.0;506.0;704.0;0.0;525.0;580.0;425.0;232.0;874.0;401.0;221.0;655.0;786.0;965.0;690.0;708.0;737.0;280.0;75.0;644.0;503.0;411.0;243.0;461.0;615.0;668.0;504.0;335.0;885.0;82.0;591.0;111.0;782.0;868.0;581.0;770.0;488.0;719.0;766.0;591.0;427.0;238.0;549.0;529.0;533.0;614.0;171.0;545.0;525.0;252.0;709.0;750.0;882.0;506.0;176.0;226.0;846.0;414.0;502.0;1011.0;756.0;501.0;368.0;328.0;483.0;722.0;508.0;784.0;442.0;116.0;479.0;973.0;782.0;759.0;325.0;730.0;646.0;550.0;261.0;107.0;202.0;416.0;250.0;139.0;548.0;279.0;521.0;652.0;659.0;175.0;817.0;126.0;605.0;722.0;777.0;856.0;457.0;714.0;450.0;833.0;448.0;97.0;555.0;339.0;504.0;647.0;639.0;280.0;185.0;696.0;159.0;217.0;150.0;882.0;482.0;780.0;691.0;208.0;168.0;821.0;599.0;981.0;557.0;882.0;555.0;124.0;349.0;266.0;536.0;562.0;896.0;124.0;628.0;350.0;39.0;855.0;788.0;883.0;738.0;93.0;781.0;429.0;537.0;736.0;292.0;479.0;177.0;478.0;67.0;129.0;804.0;85.0;909.0;330.0;334.0;735.0;175.0;579.0;189.0;928.0;301.0;637.0;145.0;178.0;258.0;526.0;671.0;767.0;692.0;63.0;806.0;651.0;1057.0;618.0;105.0;282.0;591.0;300.0;261.0;408.0;313.0;587.0;377.0;1028.0;751.0;192.0;791.0;668.0;455.0;843.0;858.0;434.0;554.0;738.0;552.0;839.0;629.0;185.0;590.0;246.0;575.0;192.0;265.0;572.0;844.0;862.0;320.0;875.0;487.0;402.0;87.0;528.0;804.0;130.0;83.0;353.0;557.0;234.0;550.0;117.0;491.0;416.0;1004.0;417.0;301.0;97.0;616.0;306.0;109.0;782.0;564.0;384.0;648.0
8;358.0;314.0;521.0;813.0;535.0;834.0;306.0;525.0;0.0;251.0;151.0;410.0;760.0;227.0;316.0;516.0;665.0;596.0;604.0;668.0;500.0;316.0;599.0;119.0;594.0;115.0;631.0;665.0;287.0;350.0;575.0;834.0;667.0;547.0;771.0;566.0;619.0;974.0;255.0;268.0;411.0;739.0;759.0;148.0;474.0;761.0;222.0;197.0;129.0;775.0;355.0;127.0;683.0;765.0;263.0;722.0;429.0;826.0;695.0;304.0;754.0;763.0;612.0;616.0;634.0;76.0;238.0;301.0;640.0;309.0;647.0;368.0;525.0;639.0;301.0;611.0;573.0;262.0;207.0;861.0;611.0;319.0;277.0;421.0;590.0;113.0;704.0;424.0;701.0;583.0;577.0;243.0;505.0;686.0;956.0;647.0;813.0;220.0;681.0;805.0;76.0;890.0;295.0;517.0;720.0;432.0;310.0;653.0;152.0;324.0;442.0;801.0;699.0;854.0;435.0;710.0;472.0;921.0;107.0;416.0;387.0;717.0;359.0;472.0;830.0;690.0;567.0;732.0;729.0;408.0;381.0;371.0;204.0;496.0;652.0;436.0;455.0;199.0;561.0;681.0;420.0;513.0;621.0;437.0;466.0;581.0;142.0;550.0;315.0;652.0;356.0;553.0;589.0;487.0;757.0;575.0;638.0;206.0;806.0;513.0;434.0;857.0;442.0;507.0;532.0;217.0;573.0;365.0;381.0;196.0;279.0;433.0;700.0;470.0;943.0;165.0;665.0;217.0;488.0;261.0;495.0;241.0;786.0;246.0;312.0;68.0;184.0;649.0;789.0;349.0;504.0;705.0;232.0;741.0;419.0;631.0;96.0;320.0;793.0;451.0;538.0;531.0;756.0;342.0;797.0;548.0;788.0;523.0;682.0;500.0;728.0;534.0;196.0;818.0;568.0;145.0;641.0;564.0;580.0;277.0;521.0;747.0;683.0;565.0;270.0;393.0;621.0;692.0;685.0;480.0;96.0;606.0;449.0;874.0;782.0;170.0;168.0
9;114.0;303.0;721.0;998.0;758.0;999.0;547.0;580.0;251.0;0.0;370.0;377.0;1010.0;442.0;366.0;763.0;914.0;826.0;849.0;910.0;751.0;482.0;653.0;287.0;808.0;288.0;760.0;856.0;41.0;601.0;792.0;914.0;918.0;633.0;975.0;573.0;870.0;1202.0;3.0;450.0;643.0;974.0;999.0;123.0;685.0;812.0;37.0;65.0;380.0;984.0;440.0;378.0;888.0;832.0;492.0;964.0;634.0;993.0;755.0;413.0;1003.0;917.0;823.0;836.0;883.0;183.0;439.0;489.0;842.0;546.0;854.0;598.0;734.0;694.0;129.0;843.0;825.0;451.0;291.0;1081.0;849.0;566.0;410.0;476.0;714.0;249.0;810.0;533.0;908.0;735.0;798.0;487.0;753.0;755.0;1177.0;704.0;1012.0;414.0;929.0;1051.0;229.0;1101.0;526.0;762.0;896.0;486.0;79.0;810.0;113.0;80.0;691.0;854.0;765.0;1068.0;556.0;794.0;467.0;1159.0;349.0;657.0;637.0;788.0;423.0;713.0;1025.0;934.0;796.0;983.0;933.0;496.0;578.0;332.0;56.0;733.0;901.0;539.0;703.0;252.0;619.0;932.0;660.0;748.0;869.0;489.0;713.0;778.0;394.0;801.0;291.0;850.0;459.0;767.0;629.0;489.0;1002.0;654.0;886.0;361.0;906.0;764.0;426.0;1039.0;578.0;723.0;700.0;461.0;678.0;403.0;543.0;445.0;524.0;679.0;936.0;545.0;1164.0;177.0;884.0;72.0;502.0;405.0;736.0;390.0;824.0;173.0;272.0;229.0;224.0;874.0;1024.0;462.0;753.0;936.0;125.0;990.0;633.0;821.0;346.0;553.0;983.0;683.0;781.0;660.0;963.0;337.0;992.0;676.0;837.0;759.0;933.0;738.0;857.0;774.0;100.0;947.0;586.0;396.0;892.0;665.0;656.0;475.0;755.0;814.0;894.0;661.0;100.0;609.0;845.0;865.0;820.0;576.0;235.0;763.0;476.0;1102.0;977.0;226.0;395.0
10;483.0;292.0;370.0;661.0;533.0;684.0;294.0;425.0;151.0;370.0;0.0;378.0;654.0;77.0;254.0;403.0;557.0;580.0;484.0;542.0;418.0;175.0;495.0;249.0;446.0;88.0;492.0;514.0;409.0;292.0;428.0;708.0;588.0;430.0;621.0;490.0;520.0;834.0;372.0;347.0;273.0;605.0;630.0;290.0;325.0;650.0;334.0;306.0;107.0;626.0;258.0;120.0;534.0;648.0;286.0;596.0;462.0;676.0;582.0;202.0;643.0;616.0;464.0;614.0;524.0;190.0;88.0;152.0;490.0;308.0;498.0;371.0;376.0;531.0;373.0;591.0;487.0;335.0;168.0;716.0;480.0;213.0;165.0;333.0;454.0;128.0;572.0;304.0;552.0;437.0;432.0;234.0;396.0;569.0;812.0;538.0;662.0;300.0;568.0;687.0;141.0;742.0;156.0;470.0;569.0;342.0;409.0;506.0;257.0;449.0;340.0;689.0;583.0;707.0;307.0;586.0;413.0;789.0;60.0;389.0;325.0;598.0;276.0;440.0;680.0;640.0;427.0;635.0;579.0;301.0;230.0;351.0;315.0;364.0;582.0;318.0;347.0;192.0;457.0;589.0;396.0;494.0;510.0;348.0;416.0;430.0;112.0;454.0;301.0;501.0;248.0;405.0;492.0;422.0;636.0;459.0;578.0;100.0;674.0;427.0;382.0;706.0;307.0;518.0;383.0;216.0;445.0;297.0;237.0;119.0;261.0;391.0;566.0;364.0;799.0;316.0;663.0;354.0;416.0;143.0;369.0;126.0;681.0;290.0;309.0;218.0;199.0;639.0;654.0;234.0;444.0;567.0;302.0;632.0;441.0;479.0;133.0;323.0;642.0;440.0;414.0;395.0;607.0;309.0;646.0;411.0;678.0;389.0;586.0;476.0;587.0;501.0;286.0;675.0;485.0;104.0;544.0;438.0;466.0;127.0;385.0;630.0;535.0;442.0;352.0;245.0;613.0;542.0;542.0;361.0;243.0;459.0;374.0;734.0;631.0;185.0;224.0
11;454.0;96.0;546.0;758.0;910.0;725.0;670.0;232.0;410.0;377.0;378.0;0.0;972.0;397.0;132.0;727.0;876.0;957.0;787.0;824.0;776.0;326.0;296.0;523.0;648.0;318.0;462.0;642.0;406.0;667.0;641.0;559.0;942.0;305.0;774.0;197.0;855.0;1041.0;377.0;678.0;562.0;857.0;897.0;422.0;542.0;444.0;352.0;339.0;472.0;792.0;186.0;481.0;696.0;471.0;651.0;873.0;826.0;723.0;395.0;217.0;951.0;633.0;654.0;991.0;843.0;357.0;368.0;368.0;650.0;682.0;671.0;745.0;575.0;335.0;260.0;969.0;837.0;670.0;215.0;905.0;758.0;569.0;252.0;157.0;416.0;300.0;482.0;262.0;719.0;473.0;655.0;608.0;726.0;400.0;998.0;345.0;797.0;629.0;876.0;976.0;333.0;902.0;479.0;845.0;649.0;162.0;336.0;544.0;330.0;433.0;686.0;486.0;408.0;877.0;295.0;447.0;92.0;1035.0;416.0;767.0;698.0;432.0;152.0;817.0;798.0;1011.0;677.0;966.0;734.0;212.0;435.0;45.0;343.0;653.0;943.0;258.0;684.0;211.0;268.0;928.0;773.0;872.0;827.0;162.0;790.0;588.0;482.0;797.0;98.0;651.0;218.0;613.0;265.0;116.0;923.0;316.0;945.0;283.0;565.0;781.0;57.0;789.0;330.0;892.0;470.0;586.0;365.0;110.0;352.0;496.0;637.0;767.0;824.0;225.0;986.0;489.0;1040.0;429.0;134.0;270.0;674.0;275.0;451.0;209.0;110.0;455.0;226.0;1017.0;897.0;236.0;813.0;808.0;256.0;944.0;810.0;610.0;475.0;696.0;751.0;817.0;718.0;379.0;769.0;70.0;770.0;392.0;468.0;671.0;921.0;854.0;548.0;878.0;298.0;632.0;214.0;475.0;879.0;350.0;315.0;378.0;660.0;454.0;715.0;340.0;280.0;497.0;990.0;617.0;522.0;274.0;481.0;503.0;125.0;948.0;757.0;240.0;568.0
12;1117.0;913.0;473.0;553.0;490.0;656.0;516.0;874.0;760.0;1010.0;654.0;972.0;0.0;597.0;841.0;252.0;98.0;438.0;186.0;174.0;275.0;646.0;901.0;773.0;391.0;742.0;721.0;494.0;1046.0;428.0;382.0;942.0;171.0;815.0;443.0;982.0;143.0;379.0;1013.0;700.0;409.0;219.0;171.0;905.0;448.0;981.0;978.0;950.0;631.0;416.0;791.0;635.0;431.0;945.0;588.0;154.0;594.0;643.0;926.0;754.0;39.0;675.0;403.0;500.0;130.0;827.0;617.0;604.0;445.0;531.0;420.0;521.0;436.0;913.0;1027.0;425.0;203.0;686.0;804.0;377.0;230.0;445.0;722.0;848.0;728.0;782.0;809.0;747.0;417.0;640.0;363.0;554.0;259.0;901.0;417.0;913.0;482.0;694.0;98.0;101.0;788.0;448.0;507.0;345.0;570.0;851.0;1059.0;632.0;902.0;1084.0;318.0;1000.0;913.0;416.0;719.0;872.0;960.0;266.0;662.0;437.0;395.0;910.0;824.0;402.0;517.0;302.0;320.0;58.0;440.0;787.0;540.0;962.0;959.0;319.0;214.0;760.0;308.0;837.0;879.0;107.0;441.0;430.0;146.0;856.0;361.0;470.0;618.0;212.0;926.0;460.0;760.0;403.0;926.0;955.0;111.0;838.0;258.0;713.0;872.0;257.0;947.0;588.0;686.0;534.0;588.0;576.0;773.0;864.0;631.0;565.0;522.0;395.0;218.0;821.0;409.0;896.0;510.0;975.0;936.0;707.0;298.0;707.0;1028.0;943.0;941.0;799.0;850.0;472.0;236.0;740.0;313.0;256.0;956.0;32.0;562.0;498.0;669.0;535.0;528.0;467.0;254.0;706.0;424.0;915.0;502.0;708.0;1001.0;304.0;94.0;417.0;749.0;380.0;937.0;782.0;961.0;615.0;124.0;781.0;847.0;598.0;318.0;937.0;398.0;794.0;1005.0;475.0;474.0;578.0;715.0;777.0;809.0;628.0;901.0;323.0;496.0;837.0;658.0
13;556.0;323.0;294.0;586.0;535.0;612.0;303.0;401.0;227.0;442.0;77.0;397.0;597.0;0.0;266.0;346.0;500.0;572.0;421.0;475.0;380.0;126.0;465.0;317.0;370.0;155.0;433.0;438.0;482.0;275.0;352.0;659.0;547.0;392.0;545.0;480.0;469.0;759.0;445.0;393.0;202.0;534.0;561.0;367.0;249.0;612.0;407.0;378.0;154.0;550.0;247.0;167.0;457.0;605.0;314.0;528.0;483.0;604.0;544.0;193.0;583.0;547.0;387.0;613.0;467.0;266.0;33.0;88.0;414.0;321.0;421.0;383.0;299.0;498.0;434.0;582.0;443.0;380.0;207.0;640.0;412.0;172.0;153.0;322.0;399.0;195.0;518.0;268.0;475.0;372.0;357.0;253.0;341.0;529.0;736.0;504.0;586.0;349.0;507.0;623.0;214.0;666.0;90.0;451.0;496.0;329.0;476.0;437.0;329.0;522.0;292.0;649.0;543.0;631.0;264.0;539.0;416.0;719.0;126.0;383.0;304.0;556.0;272.0;429.0;603.0;614.0;354.0;583.0;503.0;278.0;155.0;378.0;387.0;296.0;546.0;283.0;294.0;240.0;428.0;540.0;391.0;488.0;451.0;335.0;396.0;353.0;153.0;406.0;335.0;425.0;228.0;329.0;467.0;420.0;571.0;422.0;547.0;118.0;620.0;385.0;390.0;631.0;256.0;527.0;314.0;241.0;397.0;302.0;179.0;127.0;270.0;377.0;496.0;338.0;723.0;392.0;661.0;430.0;411.0;132.0;305.0;123.0;647.0;347.0;347.0;293.0;254.0;634.0;582.0;210.0;417.0;494.0;366.0;573.0;457.0;404.0;192.0;337.0;566.0;440.0;351.0;341.0;530.0;332.0;570.0;356.0;640.0;320.0;535.0;468.0;526.0;487.0;354.0;612.0;470.0;143.0;493.0;392.0;429.0;59.0;315.0;588.0;458.0;398.0;416.0;168.0;609.0;469.0;480.0;325.0;317.0;392.0;369.0;660.0;555.0;242.0;272.0
14;466.0;86.0;431.0;670.0;787.0;652.0;547.0;221.0;316.0;366.0;254.0;132.0;841.0;266.0;0.0;595.0;745.0;831.0;657.0;697.0;644.0;198.0;296.0;435.0;532.0;209.0;400.0;541.0;403.0;538.0;523.0;551.0;809.0;267.0;671.0;250.0;723.0;930.0;368.0;576.0;432.0;735.0;773.0;370.0;420.0;459.0;333.0;311.0;354.0;687.0;80.0;365.0;589.0;472.0;536.0;747.0;712.0;648.0;397.0;88.0;822.0;564.0;540.0;867.0;713.0;282.0;236.0;237.0;543.0;561.0;561.0;625.0;457.0;337.0;282.0;842.0;704.0;567.0;110.0;796.0;631.0;437.0;120.0;114.0;353.0;203.0;445.0;175.0;612.0;389.0;535.0;487.0;594.0;393.0;891.0;347.0;699.0;527.0;746.0;850.0;243.0;800.0;346.0;715.0;562.0;124.0;353.0;464.0;284.0;438.0;553.0;500.0;405.0;773.0;203.0;429.0;161.0;916.0;298.0;640.0;568.0;426.0;57.0;690.0;704.0;880.0;553.0;835.0;630.0;131.0;310.0;122.0;318.0;524.0;810.0;178.0;551.0;129.0;260.0;796.0;647.0;746.0;696.0;128.0;661.0;478.0;363.0;665.0;103.0;545.0;107.0;495.0;279.0;173.0;796.0;289.0;813.0;155.0;540.0;649.0;128.0;705.0;233.0;772.0;371.0;467.0;313.0;49.0;233.0;371.0;514.0;639.0;701.0;179.0;879.0;431.0;916.0;399.0;172.0;137.0;543.0;143.0;478.0;198.0;124.0;373.0;156.0;892.0;777.0;121.0;682.0;688.0;243.0;814.0;693.0;507.0;364.0;576.0;659.0;693.0;588.0;303.0;664.0;75.0;674.0;319.0;485.0;543.0;789.0;727.0;495.0;749.0;269.0;584.0;252.0;355.0;747.0;300.0;291.0;246.0;532.0;454.0;605.0;295.0;286.0;369.0;865.0;530.0;461.0;212.0;401.0;419.0;133.0;834.0;660.0;163.0;460.0
15;873.0;664.0;288.0;493.0;407.0;574.0;319.0;655.0;516.0;763.0;403.0;727.0;252.0;346.0;595.0;0.0;154.0;394.0;93.0;166.0;124.0;404.0;694.0;545.0;251.0;490.0;548.0;376.0;800.0;219.0;231.0;788.0;231.0;607.0;398.0;757.0;129.0;495.0;766.0;505.0;169.0;253.0;256.0;663.0;241.0;798.0;730.0;702.0;389.0;383.0;551.0;394.0;337.0;771.0;386.0;216.0;456.0;561.0;737.0;510.0;241.0;558.0;273.0;456.0;122.0;580.0;367.0;359.0;324.0;340.0;308.0;356.0;254.0;712.0;776.0;392.0;134.0;490.0;552.0;418.0;130.0;197.0;475.0;614.0;541.0;531.0;643.0;520.0;338.0;463.0;215.0;338.0;18.0;714.0;499.0;714.0;447.0;487.0;166.0;290.0;538.0;472.0;256.0;252.0;461.0;618.0;810.0;481.0;653.0;839.0;82.0;824.0;727.0;433.0;496.0;696.0;724.0;419.0;414.0;284.0;198.0;729.0;583.0;282.0;479.0;346.0;166.0;239.0;371.0;555.0;307.0;715.0;711.0;101.0;249.0;534.0;62.0;586.0;667.0;203.0;292.0;339.0;107.0;623.0;226.0;314.0;376.0;86.0;677.0;342.0;522.0;237.0;713.0;721.0;243.0;633.0;272.0;462.0;725.0;110.0;707.0;538.0;466.0;433.0;400.0;355.0;576.0;621.0;400.0;320.0;312.0;243.0;217.0;597.0;487.0;662.0;490.0;732.0;704.0;459.0;66.0;458.0;843.0;691.0;691.0;561.0;598.0;451.0;303.0;502.0;199.0;240.0;705.0;229.0;421.0;362.0;430.0;349.0;466.0;340.0;54.0;506.0;377.0;667.0;451.0;512.0;822.0;107.0;194.0;318.0;603.0;303.0;687.0;659.0;739.0;371.0;153.0;581.0;642.0;350.0;122.0;759.0;313.0;593.0;754.0;240.0;438.0;454.0;560.0;559.0;574.0;461.0;667.0;403.0;439.0;585.0;436.0
16;1023.0;816.0;391.0;514.0;445.0;611.0;434.0;786.0;665.0;914.0;557.0;876.0;98.0;500.0;745.0;154.0;0.0;405.0;96.0;117.0;195.0;550.0;817.0;684.0;319.0;645.0;646.0;433.0;951.0;341.0;306.0;875.0;156.0;730.0;405.0;892.0;65.0;407.0;917.0;621.0;314.0;195.0;166.0;811.0;359.0;905.0;882.0;854.0;537.0;382.0;696.0;541.0;376.0;872.0;506.0;130.0;533.0;598.0;848.0;658.0;90.0;618.0;334.0;470.0;33.0;731.0;520.0;508.0;382.0;452.0;358.0;450.0;354.0;831.0;930.0;396.0;133.0;607.0;706.0;371.0;153.0;348.0;625.0;755.0;649.0;685.0;738.0;656.0;367.0;563.0;288.0;467.0;162.0;823.0;431.0;831.0;450.0;612.0;36.0;153.0;691.0;438.0;409.0;289.0;514.0;759.0;963.0;563.0;805.0;989.0;223.0;926.0;836.0;402.0;629.0;798.0;867.0;309.0;566.0;367.0;311.0;834.0;729.0;341.0;485.0;297.0;240.0;97.0;394.0;695.0;447.0;866.0;863.0;226.0;194.0;669.0;212.0;740.0;793.0;91.0;372.0;380.0;49.0;763.0;293.0;396.0;524.0;125.0;829.0;398.0;666.0;325.0;839.0;862.0;122.0;754.0;236.0;615.0;807.0;175.0;853.0;553.0;596.0;484.0;507.0;488.0;691.0;768.0;539.0;470.0;437.0;323.0;178.0;731.0;421.0;805.0;490.0;881.0;844.0;610.0;202.0;610.0;951.0;845.0;844.0;707.0;752.0;450.0;231.0;646.0;247.0;216.0;859.0;76.0;499.0;431.0;576.0;457.0;487.0;406.0;159.0;622.0;385.0;818.0;464.0;626.0;926.0;214.0;72.0;364.0;684.0;332.0;840.0;725.0;872.0;520.0;61.0;698.0;763.0;501.0;228.0;862.0;344.0;711.0;908.0;381.0;447.0;517.0;646.0;689.0;718.0;554.0;808.0;332.0;456.0;740.0;570.0
17;910.0;870.0;667.0;885.0;77.0;968.0;293.0;965.0;596.0;826.0;580.0;957.0;438.0;572.0;831.0;394.0;405.0;0.0;447.0;509.0;271.0;686.0;1021.0;540.0;645.0;648.0;917.0;770.0;852.0;298.0;624.0;1161.0;267.0;939.0;785.0;1051.0;345.0;809.0;829.0;394.0;509.0;597.0;571.0;704.0;610.0;1150.0;805.0;784.0;492.0;766.0;819.0;486.0;731.0;1131.0;335.0;534.0;219.0;956.0;1084.0;765.0;465.0;949.0;667.0;65.0;401.0;672.0;605.0;637.0;718.0;287.0;702.0;229.0;637.0;1048.0;896.0;19.0;284.0;388.0;745.0;774.0;509.0;416.0;726.0;894.0;901.0;677.0;1013.0;827.0;730.0;835.0;609.0;357.0;378.0;1064.0;836.0;1052.0;833.0;418.0;441.0;536.0;659.0;839.0;515.0;145.0;854.0;901.0;897.0;865.0;745.0;881.0;357.0;1182.0;1078.0;801.0;813.0;1057.0;987.0;702.0;547.0;191.0;275.0;1085.0;844.0;144.0;866.0;161.0;560.0;380.0;762.0;846.0;631.0;929.0;790.0;487.0;224.0;842.0;377.0;762.0;987.0;334.0;184.0;85.0;407.0;907.0;188.0;702.0;481.0;322.0;878.0;736.0;799.0;627.0;1030.0;993.0;523.0;968.0;180.0;677.0;1103.0;285.0;959.0;929.0;792.0;127.0;768.0;382.0;924.0;872.0;713.0;461.0;324.0;198.0;572.0;902.0;827.0;664.0;97.0;768.0;983.0;704.0;452.0;692.0;1192.0;838.0;883.0;598.0;759.0;62.0;636.0;780.0;197.0;606.0;828.0;446.0;204.0;753.0;504.0;276.0;858.0;145.0;447.0;855.0;764.0;888.0;841.0;866.0;1176.0;499.0;351.0;104.0;985.0;95.0;791.0;1048.0;1040.0;485.0;344.0;924.0;977.0;614.0;514.0;1117.0;705.0;934.0;865.0;573.0;44.0;846.0;940.0;878.0;592.0;838.0;941.0;738.0;829.0;744.0;433.0
18;960.0;730.0;295.0;443.0;472.0;534.0;410.0;690.0;604.0;849.0;484.0;787.0;186.0;421.0;657.0;93.0;96.0;447.0;0.0;74.0;192.0;461.0;720.0;637.0;228.0;571.0;552.0;347.0;887.0;310.0;213.0;784.0;231.0;634.0;339.0;797.0;116.0;405.0;852.0;597.0;226.0;165.0;163.0;752.0;264.0;809.0;815.0;787.0;478.0;320.0;605.0;485.0;295.0;777.0;478.0;123.0;537.0;521.0;752.0;570.0;165.0;533.0;245.0;511.0;69.0;666.0;438.0;420.0;295.0;430.0;273.0;441.0;259.0;735.0;855.0;441.0;163.0;582.0;625.0;337.0;65.0;286.0;538.0;662.0;553.0;612.0;644.0;562.0;290.0;468.0;195.0;430.0;109.0;727.0;412.0;735.0;387.0;580.0;89.0;203.0;622.0;396.0;331.0;313.0;430.0;666.0;893.0;472.0;738.0;926.0;175.0;831.0;740.0;358.0;534.0;703.0;774.0;326.0;501.0;365.0;287.0;739.0;638.0;353.0;421.0;366.0;145.0;194.0;320.0;602.0;354.0;779.0;796.0;133.0;262.0;574.0;155.0;660.0;697.0;178.0;372.0;404.0;54.0;670.0;299.0;303.0;466.0;127.0;745.0;312.0;574.0;230.0;743.0;769.0;153.0;658.0;296.0;534.0;716.0;173.0;762.0;486.0;501.0;504.0;412.0;448.0;595.0;678.0;445.0;409.0;405.0;322.0;132.0;636.0;401.0;753.0;538.0;821.0;750.0;524.0;116.0;525.0;856.0;768.0;760.0;652.0;675.0;499.0;213.0;554.0;262.0;161.0;785.0;157.0;502.0;342.0;520.0;438.0;416.0;415.0;71.0;526.0;318.0;731.0;396.0;530.0;831.0;119.0;162.0;384.0;593.0;362.0;770.0;639.0;777.0;461.0;132.0;602.0;667.0;416.0;133.0;767.0;266.0;615.0;835.0;290.0;490.0;431.0;554.0;593.0;666.0;460.0;715.0;315.0;386.0;663.0;529.0
19;1022.0;774.0;303.0;397.0;539.0;495.0;484.0;708.0;668.0;910.0;542.0;824.0;174.0;475.0;697.0;166.0;117.0;509.0;74.0;0.0;264.0;499.0;731.0;707.0;217.0;628.0;547.0;322.0;949.0;384.0;209.0;769.0;272.0;646.0;289.0;817.0;166.0;331.0;913.0;670.0;273.0;92.0;91.0;816.0;285.0;807.0;875.0;847.0;545.0;266.0;639.0;552.0;261.0;771.0;552.0;54.0;610.0;482.0;753.0;609.0;141.0;505.0;229.0;573.0;109.0;727.0;489.0;463.0;272.0;504.0;247.0;515.0;267.0;742.0;909.0;502.0;225.0;656.0;674.0;267.0;66.0;352.0;580.0;691.0;555.0;669.0;635.0;586.0;251.0;466.0;190.0;503.0;182.0;728.0;340.0;741.0;334.0;653.0;87.0;153.0;681.0;330.0;386.0;380.0;401.0;693.0;950.0;458.0;798.0;987.0;247.0;825.0;740.0;292.0;557.0;698.0;803.0;255.0;563.0;438.0;361.0;736.0;673.0;424.0;369.0;412.0;151.0;203.0;277.0;629.0;388.0;819.0;856.0;179.0;308.0;598.0;226.0;711.0;711.0;208.0;445.0;472.0;102.0;697.0;370.0;296.0;532.0;195.0;789.0;288.0;608.0;232.0;757.0;796.0;99.0;667.0;347.0;583.0;699.0;244.0;794.0;437.0;522.0;573.0;417.0;520.0;601.0;714.0;475.0;475.0;478.0;395.0;64.0;658.0;328.0;820.0;597.0;885.0;776.0;567.0;174.0;571.0;854.0;820.0;805.0;718.0;728.0;558.0;139.0;588.0;331.0;100.0;840.0;142.0;575.0;324.0;588.0;512.0;370.0;487.0;131.0;535.0;269.0;771.0;348.0;536.0;827.0;156.0;189.0;453.0;576.0;428.0;827.0;612.0;795.0;527.0;173.0;610.0;677.0;462.0;165.0;762.0;229.0;623.0;891.0;329.0;552.0;407.0;541.0;612.0;733.0;454.0;744.0;241.0;339.0;716.0;601.0
20;855.0;702.0;401.0;617.0;283.0;698.0;241.0;737.0;500.0;751.0;418.0;776.0;275.0;380.0;644.0;124.0;195.0;271.0;192.0;264.0;0.0;467.0;783.0;501.0;374.0;503.0;657.0;499.0;785.0;154.0;353.0;900.0;170.0;698.0;520.0;833.0;133.0;591.0;754.0;427.0;254.0;356.0;345.0;640.0;347.0;900.0;721.0;695.0;372.0;504.0;613.0;373.0;462.0;876.0;313.0;304.0;346.0;685.0;836.0;565.0;282.0;679.0;396.0;332.0;173.0;571.0;408.0;419.0;448.0;258.0;432.0;256.0;369.0;806.0;784.0;270.0;75.0;413.0;582.0;529.0;247.0;208.0;527.0;682.0;646.0;541.0;753.0;598.0;463.0;573.0;339.0;280.0;108.0;814.0;604.0;809.0;569.0;419.0;225.0;348.0;539.0;588.0;299.0;127.0;584.0;688.0;807.0;598.0;648.0;821.0;98.0;929.0;828.0;549.0;579.0;802.0;787.0;500.0;412.0;175.0;120.0;832.0;642.0;161.0;602.0;245.0;290.0;237.0;495.0;627.0;389.0;758.0;703.0;217.0;166.0;614.0;113.0;610.0;753.0;183.0;182.0;215.0;170.0;693.0;106.0;433.0;358.0;71.0;714.0;466.0;587.0;357.0;798.0;787.0;314.0;726.0;173.0;497.0;839.0;20.0;765.0;662.0;552.0;313.0;507.0;303.0;674.0;677.0;479.0;311.0;247.0;132.0;324.0;676.0;592.0;626.0;367.0;710.0;773.0;508.0;182.0;501.0;944.0;707.0;724.0;532.0;617.0;329.0;402.0;567.0;74.0;353.0;713.0;265.0;311.0;483.0;405.0;262.0;590.0;223.0;178.0;604.0;500.0;712.0;574.0;613.0;925.0;229.0;187.0;194.0;718.0;178.0;687.0;779.0;818.0;357.0;151.0;677.0;735.0;402.0;244.0;863.0;438.0;688.0;759.0;324.0;315.0;576.0;674.0;644.0;539.0;574.0;733.0;505.0;562.0;602.0;384.0
21;594.0;276.0;246.0;517.0;654.0;524.0;427.0;280.0;316.0;482.0;175.0;326.0;646.0;126.0;198.0;404.0;550.0;686.0;461.0;499.0;467.0;0.0;340.0;423.0;342.0;211.0;317.0;375.0;523.0;388.0;331.0;535.0;626.0;266.0;498.0;368.0;533.0;743.0;484.0;517.0;237.0;539.0;576.0;435.0;225.0;486.0;445.0;417.0;275.0;509.0;147.0;288.0;412.0;479.0;440.0;550.0;608.0;517.0;418.0;109.0;625.0;449.0;353.0;731.0;518.0;330.0;95.0;49.0;365.0;446.0;379.0;506.0;266.0;372.0;439.0;693.0;521.0;504.0;197.0;613.0;433.0;271.0;83.0;214.0;279.0;240.0;397.0;144.0;433.0;267.0;341.0;379.0;404.0;403.0;709.0;378.0;532.0;471.0;550.0;652.0;275.0;625.0;172.0;556.0;416.0;221.0;497.0;339.0;374.0;562.0;371.0;523.0;417.0;594.0;137.0;414.0;321.0;721.0;235.0;500.0;412.0;430.0;179.0;541.0;543.0;710.0;357.0;642.0;455.0;161.0;113.0;320.0;426.0;327.0;632.0;159.0;366.0;238.0;305.0;606.0;508.0;603.0;501.0;226.0;503.0;300.0;276.0;478.0;292.0;371.0;120.0;303.0;346.0;320.0;598.0;296.0;640.0;122.0;499.0;469.0;303.0;558.0;132.0;649.0;221.0;367.0;272.0;218.0;65.0;253.0;394.0;488.0;504.0;217.0;696.0;475.0;777.0;488.0;306.0;78.0;348.0;92.0;522.0;347.0;310.0;384.0;263.0;748.0;583.0;99.0;516.0;493.0;380.0;618.0;582.0;340.0;307.0;462.0;501.0;559.0;392.0;220.0;487.0;272.0;511.0;236.0;514.0;345.0;598.0;582.0;413.0;596.0;384.0;502.0;355.0;266.0;556.0;267.0;303.0;73.0;334.0;462.0;422.0;272.0;430.0;171.0;724.0;386.0;369.0;199.0;412.0;292.0;266.0;645.0;496.0;257.0;394.0
22;743.0;351.0;428.0;535.0;993.0;474.0;767.0;75.0;599.0;653.0;495.0;296.0;901.0;465.0;296.0;694.0;817.0;1021.0;720.0;731.0;783.0;340.0;0.0;718.0;520.0;485.0;221.0;460.0;688.0;725.0;523.0;264.0;925.0;87.0;584.0;128.0;818.0;864.0;655.0;841.0;531.0;733.0;782.0;667.0;458.0;163.0;623.0;603.0;602.0;610.0;245.0;614.0;527.0;178.0;776.0;770.0;947.0;476.0;102.0;298.0;871.0;382.0;515.0;1068.0;788.0;576.0;432.0;387.0;489.0;786.0;515.0;846.0;465.0;41.0;549.0;1027.0;824.0;830.0;400.0;725.0;671.0;605.0;331.0;183.0;190.0;491.0;201.0;197.0;550.0;278.0;541.0;717.0;700.0;104.0;808.0;51.0;593.0;793.0;805.0;876.0;532.0;703.0;506.0;885.0;433.0;172.0;625.0;325.0;579.0;719.0;685.0;204.0;113.0;688.0;208.0;153.0;207.0;888.0;552.0;838.0;746.0;137.0;244.0;877.0;583.0;1028.0;582.0;914.0;552.0;194.0;395.0;334.0;610.0;597.0;939.0;181.0;673.0;425.0;38.0;890.0;846.0;940.0;771.0;168.0;835.0;442.0;605.0;777.0;364.0;482.0;247.0;499.0;38.0;183.0;824.0;64.0;955.0;402.0;272.0;780.0;239.0;554.0;231.0;989.0;315.0;703.0;134.0;253.0;308.0;591.0;734.0;823.0;709.0;131.0;797.0;726.0;1114.0;693.0;162.0;352.0;629.0;370.0;187.0;480.0;385.0;662.0;452.0;1083.0;761.0;260.0;841.0;682.0;528.0;870.0;922.0;437.0;625.0;801.0;536.0;899.0;663.0;196.0;587.0;317.0;561.0;196.0;190.0;604.0;878.0;918.0;280.0;929.0;561.0;353.0;100.0;596.0;840.0;123.0;55.0;413.0;589.0;161.0;555.0;109.0;563.0;460.0;1060.0;404.0;271.0;143.0;690.0;301.0;178.0;782.0;552.0;459.0;719.0
23;371.0;427.0;604.0;898.0;471.0;929.0;272.0;644.0;119.0;287.0;249.0;523.0;773.0;317.0;435.0;545.0;684.0;540.0;637.0;707.0;501.0;423.0;718.0;0.0;666.0;233.0;740.0;750.0;312.0;347.0;645.0;949.0;658.0;664.0;846.0;685.0;630.0;1026.0;290.0;168.0;473.0;786.0;798.0;164.0;552.0;879.0;270.0;253.0;175.0;847.0;474.0;164.0;760.0;883.0;210.0;759.0;348.0;921.0;813.0;422.0;774.0;864.0;686.0;549.0;655.0;168.0;336.0;400.0;720.0;267.0;723.0;313.0;603.0;757.0;375.0;557.0;576.0;166.0;326.0;923.0;655.0;357.0;393.0;541.0;701.0;232.0;817.0;540.0;775.0;686.0;645.0;221.0;531.0;803.0;1015.0;766.0;890.0;127.0;706.0;832.0;193.0;959.0;365.0;488.0;812.0;551.0;361.0;754.0;224.0;341.0;465.0;920.0;816.0;922.0;548.0;825.0;589.0;962.0;192.0;380.0;381.0;834.0;479.0;435.0;911.0;656.0;626.0;738.0;806.0;526.0;472.0;482.0;258.0;547.0;636.0;553.0;482.0;315.0;680.0;684.0;381.0;464.0;645.0;556.0;443.0;664.0;183.0;561.0;426.0;733.0;474.0;626.0;708.0;605.0;788.0;693.0;614.0;321.0;919.0;517.0;550.0;944.0;553.0;435.0;631.0;197.0;687.0;484.0;486.0;240.0;256.0;408.0;747.0;589.0;1003.0;128.0;596.0;227.0;607.0;376.0;538.0;355.0;905.0;341.0;420.0;71.0;297.0;587.0;837.0;465.0;488.0;757.0;316.0;759.0;346.0;717.0;130.0;272.0;877.0;399.0;577.0;642.0;830.0;457.0;878.0;659.0;907.0;574.0;688.0;455.0;836.0;494.0;271.0;924.0;687.0;192.0;650.0;679.0;698.0;374.0;575.0;865.0;756.0;681.0;341.0;470.0;558.0;786.0;791.0;596.0;53.0;708.0;568.0;928.0;863.0;283.0;118.0
