Vehicle:
Average speed:;1332
Time limit:;435.462
Fuel comsumption rate:;1
Fuel Capacity:;666
Depot:
ID;X;Y;Service Time
0;159;917;0
Customers:
ID;X;Y;Service Time
1;635;200;8.17178
2;278;907;8.17178
4;10;732;8.17178
5;586;657;8.17178
6;482;75;8.17178
7;526;176;8.17178
8;153;622;8.17178
9;452;945;8.17178
10;456;137;8.17178
11;884;968;8.17178
12;688;793;8.17178
13;117;915;8.17178
14;149;746;8.17178
15;495;325;8.17178
16;539;967;8.17178
18;590;316;8.17178
19;611;998;8.17178
20;963;878;8.17178
21;141;5;8.17178
22;383;531;8.17178
23;685;124;8.17178
24;39;781;8.17178
26;213;837;8.17178
27;874;734;8.17178
28;180;943;8.17178
29;789;541;8.17178
30;343;949;8.17178
31;537;248;8.17178
32;626;147;8.17178
33;56;596;8.17178
34;112;344;8.17178
35;738;977;8.17178
38;440;770;8.17178
39;743;623;8.17178
41;488;747;8.17178
42;321;734;8.17178
43;521;778;8.17178
44;90;89;8.17178
45;716;652;8.17178
46;333;12;8.17178
47;244;424;8.17178
48;199;115;8.17178
49;83;719;8.17178
50;126;148;8.17178
51;789;437;8.17178
52;728;336;8.17178
53;504;704;8.17178
54;933;949;8.17178
55;232;78;8.17178
56;382;130;8.17178
57;346;2;8.17178
58;61;985;8.17178
59;357;505;8.17178
60;199;892;8.17178
62;400;95;8.17178
64;41;527;8.17178
65;29;335;8.17178
66;913;885;8.17178
67;293;784;8.17178
68;102;962;8.17178
69;372;866;8.17178
70;144;223;8.17178
71;684;899;8.17178
72;402;636;8.17178
73;138;705;8.17178
74;715;745;8.17178
75;914;323;8.17178
76;287;3;8.17178
77;461;953;8.17178
78;826;351;8.17178
81;927;350;8.17178
82;754;709;8.17178
83;784;423;8.17178
84;849;726;8.17178
85;74;778;8.17178
86;354;750;8.17178
87;628;487;8.17178
88;362;568;8.17178
89;898;759;8.17178
90;563;171;8.17178
91;721;637;8.17178
92;136;83;8.17178
93;341;955;8.17178
94;892;938;8.17178
96;659;306;8.17178
97;805;670;8.17178
98;930;778;8.17178
99;791;763;8.17178
100;747;285;8.17178
101;641;347;8.17178
102;846;685;8.17178
103;598;253;8.17178
104;45;585;8.17178
106;887;421;8.17178
107;310;854;8.17178
108;527;787;8.17178
111;351;797;8.17178
112;995;987;8.17178
113;697;200;8.17178
114;722;246;8.17178
116;577;295;8.17178
117;102;478;8.17178
119;123;601;8.17178
120;230;342;8.17178
121;438;547;8.17178
122;968;649;8.17178
123;214;379;8.17178
124;242;769;8.17178
125;273;194;8.17178
126;66;727;8.17178
127;354;338;8.17178
128;725;735;8.17178
129;632;849;8.17178
130;411;272;8.17178
131;481;165;8.17178
132;121;414;8.17178
133;492;78;8.17178
134;794;406;8.17178
136;701;496;8.17178
137;282;94;8.17178
138;87;12;8.17178
139;963;619;8.17178
140;61;688;8.17178
141;387;244;8.17178
142;740;242;8.17178
143;209;571;8.17178
144;631;208;8.17178
145;643;521;8.17178
146;280;11;8.17178
147;226;40;8.17178
150;814;504;8.17178
151;967;668;8.17178
152;236;704;8.17178
153;218;618;8.17178
154;526;667;8.17178
155;87;981;8.17178
156;768;197;8.17178
158;177;712;8.17178
159;449;902;8.17178
160;492;63;8.17178
162;609;621;8.17178
163;614;240;8.17178
164;478;599;8.17178
165;175;312;8.17178
166;239;636;8.17178
167;347;199;8.17178
168;619;620;8.17178
169;275;24;8.17178
170;565;769;8.17178
171;120;871;8.17178
172;140;957;8.17178
173;68;736;8.17178
174;661;294;8.17178
175;604;737;8.17178
176;91;956;8.17178
177;16;561;8.17178
178;680;254;8.17178
179;173;171;8.17178
180;852;978;8.17178
181;533;757;8.17178
182;352;957;8.17178
183;409;939;8.17178
184;630;902;8.17178
AFSs:
ID;X;Y;Service Time
3;875;93;60.5455
17;917;58;60.5455
25;534;29;60.5455
36;941;193;60.5455
37;437;386;60.5455
40;521;398;60.5455
61;930;154;60.5455
63;148;261;60.5455
79;780;165;60.5455
80;935;38;60.5455
95;671;542;60.5455
105;654;70;60.5455
109;602;66;60.5455
110;878;10;60.5455
115;847;208;60.5455
118;899;185;60.5455
135;736;937;60.5455
148;161;296;60.5455
149;839;54;60.5455
157;976;122;60.5455
161;761;122;60.5455
185;487;220;60.5455
Distance matrix:
;0;1;2;3;4;5;6;7;8;9;10;11;12;13;14;15;16;17;18;19;20;21;22;23;24;25;26;27;28;29;30;31;32;33;34;35;36;37;38;39;40;41;42;43;44;45;46;47;48;49;50;51;52;53;54;55;56;57;58;59;60;61;62;63;64;65;66;67;68;69;70;71;72;73;74;75;76;77;78;79;80;81;82;83;84;85;86;87;88;89;90;91;92;93;94;95;96;97;98;99;100;101;102;103;104;105;106;107;108;109;110;111;112;113;114;115;116;117;118;119;120;121;122;123;124;125;126;127;128;129;130;131;132;133;134;135;136;137;138;139;140;141;142;143;144;145;146;147;148;149;150;151;152;153;154;155;156;157;158;159;160;161;162;163;164;165;166;167;168;169;170;171;172;173;174;175;176;177;178;179;180;181;182;183;184;185
0;0.0;861.0;119.0;1092.0;238.0;500.0;902.0;827.0;295.0;294.0;835.0;727.0;543.0;42.0;171.0;681.0;383.0;1146.0;740.0;459.0;805.0;912.0;446.0;952.0;181.0;964.0;97.0;738.0;33.0;734.0;187.0;768.0;901.0;337.0;575.0;582.0;1066.0;599.0;317.0;654.0;633.0;370.0;244.0;388.0;831.0;617.0;922.0;500.0;803.0;212.0;770.0;792.0;813.0;405.0;775.0;842.0;818.0;934.0;119.0;457.0;47.0;1085.0;857.0;656.0;407.0;596.0;755.0;189.0;73.0;219.0;694.0;525.0;371.0;213.0;582.0;961.0;923.0;304.0;875.0;975.0;1173.0;955.0;630.0;797.0;716.0;163.0;257.0;636.0;404.0;756.0;848.0;628.0;834.0;186.0;733.0;635.0;790.0;692.0;783.0;650.0;863.0;746.0;725.0;796.0;351.0;981.0;881.0;164.0;390.0;959.0;1157.0;226.0;839.0;896.0;876.0;988.0;749.0;443.0;1041.0;318.0;579.0;463.0;852.0;541.0;170.0;732.0;212.0;611.0;595.0;478.0;692.0;818.0;504.0;903.0;815.0;577.0;686.0;832.0;908.0;857.0;249.0;711.0;891.0;350.0;852.0;625.0;914.0;880.0;621.0;1099.0;774.0;845.0;226.0;305.0;444.0;96.0;943.0;1140.0;206.0;290.0;917.0;997.0;539.0;816.0;450.0;605.0;292.0;742.0;548.0;901.0;432.0;60.0;44.0;203.0;800.0;480.0;78.0;384.0;843.0;746.0;696.0;407.0;197.0;251.0;471.0;770.0
1;861.0;0.0;792.0;263.0;821.0;460.0;198.0;112.0;641.0;767.0;190.0;807.0;595.0;883.0;731.0;188.0;773.0;316.0;124.0;798.0;753.0;531.0;416.0;91.0;832.0;199.0;764.0;585.0;871.0;374.0;804.0;109.0;54.0;701.0;542.0;784.0;306.0;272.0;602.0;437.0;228.0;566.0;619.0;589.0;556.0;459.0;356.0;451.0;444.0;758.0;512.0;283.0;165.0;521.0;806.0;421.0;263.0;350.0;972.0;413.0;818.0;299.0;257.0;491.0;678.0;621.0;739.0;677.0;930.0;716.0;492.0;701.0;494.0;709.0;551.0;305.0;400.0;773.0;243.0;149.0;341.0;328.0;523.0;268.0;568.0;805.0;618.0;287.0;458.0;618.0;78.0;445.0;513.0;810.0;781.0;344.0;109.0;500.0;649.0;584.0;141.0;147.0;529.0;65.0;705.0;131.0;335.0;730.0;597.0;138.0;308.0;661.0;865.0;62.0;98.0;212.0;111.0;601.0;264.0;650.0;429.0;399.0;559.0;457.0;692.0;362.0;776.0;313.0;543.0;649.0;235.0;158.0;557.0;188.0;260.0;744.0;303.0;369.0;579.0;532.0;753.0;252.0;113.0;565.0;9.0;321.0;402.0;439.0;484.0;251.0;353.0;574.0;643.0;590.0;480.0;954.0;133.0;350.0;687.0;726.0;198.0;148.0;422.0;45.0;429.0;473.0;589.0;288.0;420.0;401.0;573.0;846.0;904.0;780.0;98.0;538.0;931.0;717.0;70.0;463.0;808.0;566.0;808.0;773.0;702.0;149.0
2;119.0;792.0;0.0;1009.0;320.0;397.0;857.0;772.0;311.0;178.0;790.0;609.0;426.0;161.0;206.0;621.0;268.0;1063.0;668.0;345.0;686.0;912.0;390.0;882.0;270.0;915.0;96.0;621.0;104.0;629.0;77.0;708.0;836.0;382.0;587.0;465.0;974.0;545.0;212.0;545.0;564.0;264.0;178.0;275.0;839.0;507.0;897.0;484.0;796.0;271.0;774.0;694.0;727.0;304.0;656.0;830.0;784.0;908.0;231.0;410.0;80.0;996.0;821.0;659.0;448.0;624.0;635.0;124.0;184.0;103.0;697.0;406.0;298.0;246.0;466.0;863.0;904.0;189.0;781.0;896.0;1089.0;855.0;516.0;700.0;599.0;241.0;174.0;547.0;349.0;637.0;789.0;519.0;836.0;79.0;615.0;536.0;712.0;578.0;665.0;533.0;779.0;667.0;610.0;728.0;397.0;918.0;779.0;62.0;276.0;901.0;1079.0;132.0;721.0;822.0;796.0;901.0;681.0;464.0;952.0;343.0;567.0;394.0;737.0;532.0;143.0;713.0;278.0;574.0;479.0;359.0;649.0;769.0;517.0;856.0;719.0;459.0;590.0;813.0;915.0;743.0;308.0;672.0;810.0;343.0;783.0;531.0;896.0;869.0;622.0;1021.0;671.0;729.0;207.0;295.0;345.0;205.0;863.0;1050.0;220.0;171.0;871.0;922.0;437.0;747.0;367.0;604.0;274.0;711.0;446.0;883.0;318.0;162.0;147.0;271.0;723.0;368.0;193.0;434.0;767.0;743.0;578.0;296.0;89.0;135.0;352.0;718.0
3;1092.0;263.0;1009.0;0.0;1075.0;634.0;393.0;359.0;895.0;951.0;421.0;875.0;725.0;1118.0;976.0;445.0;936.0;55.0;362.0;943.0;790.0;739.0;659.0;193.0;1083.0;347.0;996.0;641.0;1098.0;456.0;1008.0;372.0;255.0;961.0;803.0;895.0;120.0;527.0;805.0;546.0;467.0;760.0;847.0;771.0;785.0;581.0;548.0;713.0;676.0;1010.0;751.0;355.0;284.0;715.0;858.0;643.0;494.0;537.0;1208.0;662.0;1047.0;82.0;475.0;746.0;940.0;880.0;793.0;903.0;1163.0;922.0;742.0;828.0;720.0;958.0;671.0;233.0;595.0;954.0;263.0;119.0;81.0;262.0;628.0;342.0;634.0;1054.0;839.0;465.0;699.0;666.0;322.0;565.0;739.0;1014.0;845.0;493.0;303.0;581.0;687.0;675.0;231.0;345.0;593.0;320.0;965.0;222.0;328.0;948.0;776.0;274.0;83.0;878.0;902.0;208.0;216.0;118.0;360.0;864.0;95.0;908.0;691.0;630.0;564.0;720.0;926.0;610.0;1028.0;576.0;659.0;794.0;497.0;401.0;819.0;383.0;323.0;855.0;439.0;593.0;792.0;533.0;1008.0;511.0;201.0;820.0;270.0;487.0;601.0;651.0;742.0;53.0;416.0;582.0;884.0;841.0;672.0;1187.0;149.0;105.0;933.0;914.0;384.0;118.0;591.0;300.0;643.0;733.0;836.0;539.0;586.0;604.0;744.0;1084.0;1134.0;1032.0;294.0;699.0;1166.0;978.0;253.0;706.0;885.0;747.0;1010.0;966.0;845.0;408.0
4;238.0;821.0;320.0;1075.0;0.0;581.0;809.0;759.0;180.0;491.0;744.0;905.0;681.0;212.0;140.0;633.0;579.0;1130.0;714.0;657.0;964.0;739.0;424.0;908.0;57.0;877.0;229.0;864.0;271.0;802.0;397.0;716.0;850.0;144.0;401.0;768.0;1076.0;550.0;432.0;741.0;610.0;478.0;311.0;513.0;648.0;711.0;789.0;387.0;645.0;74.0;595.0;833.0;820.0;495.0;948.0;691.0;708.0;804.0;258.0;415.0;248.0;1087.0;747.0;491.0;207.0;397.0;916.0;288.0;248.0;386.0;526.0;694.0;404.0;131.0;705.0;992.0;780.0;502.0;901.0;956.0;1156.0;993.0;744.0;833.0;839.0;79.0;344.0;665.0;388.0;888.0;788.0;717.0;661.0;399.0;906.0;688.0;776.0;797.0;921.0;782.0;862.0;739.0;837.0;758.0;151.0;924.0;931.0;324.0;520.0;891.0;1129.0;347.0;1017.0;869.0;862.0;987.0;716.0;270.0;1044.0;173.0;448.0;466.0;962.0;408.0;235.0;599.0;56.0;523.0;715.0;633.0;610.0;737.0;337.0;812.0;849.0;754.0;730.0;694.0;724.0;960.0;67.0;617.0;879.0;256.0;813.0;667.0;770.0;725.0;461.0;1071.0;836.0;959.0;228.0;237.0;520.0;261.0;928.0;1142.0;168.0;471.0;825.0;968.0;609.0;779.0;487.0;451.0;248.0;631.0;619.0;756.0;556.0;177.0;260.0;58.0;785.0;594.0;238.0;171.0;823.0;584.0;877.0;524.0;409.0;449.0;643.0;700.0
5;500.0;460.0;397.0;634.0;581.0;0.0;591.0;485.0;434.0;318.0;536.0;431.0;170.0;535.0;446.0;344.0;314.0;684.0;341.0;342.0;437.0;789.0;239.0;542.0;561.0;630.0;414.0;298.0;497.0;234.0;380.0;412.0;512.0;533.0;568.0;354.0;584.0;309.0;185.0;161.0;267.0;133.0;276.0;137.0;754.0;130.0;693.0;414.0;666.0;507.0;686.0;299.0;351.0;95.0;454.0;679.0;565.0;698.0;619.0;275.0;453.0;609.0;592.0;590.0;560.0;643.0;399.0;319.0;572.0;299.0;619.0;261.0;185.0;451.0;156.0;468.0;719.0;321.0;389.0;529.0;711.0;459.0;176.0;307.0;272.0;526.0;250.0;175.0;241.0;328.0;487.0;136.0;729.0;386.0;415.0;143.0;359.0;219.0;365.0;231.0;405.0;315.0;262.0;404.0;546.0;591.0;382.0;339.0;143.0;591.0;710.0;274.0;526.0;470.0;433.0;519.0;362.0;516.0;566.0;466.0;475.0;184.0;382.0;464.0;362.0;559.0;525.0;394.0;159.0;197.0;423.0;503.0;525.0;587.0;326.0;318.0;198.0;640.0;815.0;379.0;526.0;458.0;443.0;387.0;451.0;147.0;715.0;714.0;558.0;654.0;275.0;381.0;353.0;370.0;61.0;595.0;495.0;662.0;413.0;281.0;601.0;563.0;43.0;418.0;123.0;537.0;348.0;517.0;50.0;705.0;114.0;513.0;538.0;524.0;371.0;82.0;578.0;578.0;414.0;638.0;417.0;113.0;380.0;333.0;249.0;448.0
6;902.0;198.0;857.0;393.0;809.0;591.0;0.0;110.0;638.0;871.0;67.0;979.0;747.0;916.0;749.0;250.0;894.0;435.0;264.0;932.0;936.0;348.0;467.0;209.0;833.0;69.0;808.0;767.0;919.0;558.0;885.0;182.0;161.0;673.0;457.0;938.0;474.0;314.0;696.0;607.0;325.0;672.0;678.0;704.0;392.0;623.0;162.0;422.0;286.0;758.0;363.0;475.0;359.0;629.0;984.0;250.0;114.0;154.0;1003.0;448.0;865.0;455.0;84.0;382.0;631.0;522.0;918.0;734.0;965.0;799.0;369.0;848.0;567.0;718.0;709.0;498.0;208.0;878.0;441.0;311.0;455.0;523.0;690.0;461.0;747.0;813.0;687.0;437.0;507.0;801.0;126.0;611.0;346.0;891.0;955.0;504.0;291.0;677.0;834.0;754.0;338.0;315.0;710.0;212.0;672.0;172.0;533.0;798.0;713.0;120.0;401.0;734.0;1046.0;249.0;295.0;388.0;240.0;554.0;431.0;637.0;367.0;474.0;752.0;405.0;734.0;241.0;773.0;292.0;703.0;788.0;209.0;90.0;495.0;10.0;455.0;899.0;475.0;201.0;400.0;726.0;744.0;194.0;307.0;566.0;200.0;474.0;212.0;258.0;390.0;358.0;542.0;766.0;675.0;604.0;594.0;988.0;311.0;496.0;706.0;828.0;16.0;283.0;561.0;211.0;524.0;388.0;611.0;183.0;562.0;213.0;699.0;874.0;946.0;780.0;283.0;673.0;964.0;673.0;267.0;324.0;976.0;684.0;892.0;867.0;840.0;145.0
7;827.0;112.0;772.0;359.0;759.0;485.0;110.0;0.0;581.0;773.0;80.0;869.0;638.0;845.0;683.0;152.0;791.0;408.0;154.0;826.0;827.0;421.0;383.0;167.0;777.0;147.0;731.0;658.0;841.0;450.0;794.0;73.0;104.0;630.0;447.0;829.0;415.0;228.0;600.0;497.0;222.0;572.0;594.0;602.0;445.0;513.0;253.0;376.0;333.0;701.0;401.0;371.0;258.0;528.0;874.0;310.0;151.0;250.0;933.0;370.0;787.0;405.0;150.0;387.0;599.0;522.0;808.0;651.0;893.0;707.0;385.0;740.0;476.0;656.0;600.0;415.0;295.0;780.0;347.0;254.0;432.0;437.0;580.0;357.0;638.0;753.0;599.0;327.0;425.0;692.0;37.0;501.0;401.0;801.0;845.0;394.0;186.0;567.0;725.0;644.0;246.0;206.0;601.0;105.0;631.0;166.0;436.0;712.0;611.0;134.0;389.0;645.0;937.0;173.0;208.0;323.0;129.0;521.0;373.0;586.0;339.0;381.0;647.0;372.0;657.0;254.0;718.0;236.0;593.0;681.0;150.0;46.0;470.0;104.0;353.0;789.0;365.0;257.0;469.0;622.0;692.0;155.0;224.0;506.0;110.0;364.0;296.0;329.0;384.0;336.0;436.0;661.0;602.0;539.0;491.0;917.0;243.0;453.0;640.0;730.0;118.0;241.0;453.0;109.0;426.0;376.0;542.0;180.0;454.0;293.0;594.0;805.0;871.0;723.0;179.0;566.0;893.0;639.0;173.0;353.0;866.0;581.0;800.0;772.0;733.0;59.0
8;295.0;641.0;311.0;895.0;180.0;434.0;638.0;581.0;0.0;440.0;572.0;809.0;562.0;295.0;124.0;453.0;518.0;950.0;533.0;593.0;849.0;617.0;247.0;729.0;196.0;705.0;223.0;730.0;322.0;641.0;378.0;536.0;670.0;100.0;281.0;684.0;897.0;369.0;323.0;590.0;431.0;358.0;202.0;400.0;537.0;564.0;636.0;218.0;509.0;120.0;475.0;662.0;642.0;360.0;846.0;550.0;543.0;649.0;374.0;235.0;274.0;907.0;582.0;361.0;147.0;313.0;804.0;214.0;344.0;328.0;399.0;599.0;249.0;84.0;575.0;818.0;633.0;452.0;726.0;776.0;976.0;820.0;607.0;662.0;704.0;175.0;238.0;494.0;216.0;757.0;610.0;568.0;539.0;382.0;804.0;524.0;597.0;654.0;793.0;653.0;683.0;560.0;696.0;578.0;114.0;745.0;761.0;280.0;409.0;715.0;949.0;264.0;918.0;688.0;682.0;808.0;535.0;153.0;865.0;37.0;290.0;295.0;815.0;251.0;172.0;445.0;136.0;348.0;583.0;530.0;435.0;563.0;210.0;641.0;676.0;663.0;562.0;544.0;614.0;810.0;113.0;445.0;699.0;76.0;632.0;500.0;624.0;587.0;326.0;891.0;671.0;815.0;117.0;65.0;376.0;365.0;748.0;963.0;93.0;407.0;654.0;787.0;456.0;599.0;326.0;311.0;87.0;465.0;466.0;610.0;437.0;251.0;335.0;142.0;605.0;465.0;340.0;150.0;643.0;451.0;784.0;403.0;390.0;407.0;553.0;523.0
9;294.0;767.0;178.0;951.0;491.0;318.0;871.0;773.0;440.0;0.0;808.0;433.0;281.0;336.0;363.0;621.0;90.0;1001.0;644.0;168.0;515.0;990.0;420.0;853.0;444.0;920.0;262.0;472.0;272.0;526.0;109.0;702.0;817.0;528.0;691.0;288.0;897.0;559.0;175.0;434.0;551.0;201.0;248.0;181.0;929.0;394.0;941.0;561.0;868.0;433.0;861.0;610.0;669.0;247.0;481.0;894.0;818.0;949.0;393.0;450.0;258.0;924.0;852.0;749.0;586.0;742.0;465.0;226.0;350.0;112.0;785.0;237.0;313.0;395.0;330.0;775.0;956.0;12.0;702.0;846.0;1028.0;761.0;383.0;619.0;453.0;413.0;218.0;491.0;388.0;483.0;782.0;409.0;918.0;111.0;440.0;459.0;672.0;447.0;506.0;385.0;723.0;627.0;472.0;707.0;543.0;898.0;681.0;169.0;175.0;892.0;1027.0;179.0;545.0;784.0;749.0;836.0;662.0;584.0;882.0;476.0;643.0;398.0;595.0;614.0;274.0;772.0;443.0;615.0;344.0;204.0;674.0;781.0;626.0;868.0;638.0;284.0;513.0;868.0;1002.0;606.0;468.0;704.0;760.0;446.0;758.0;465.0;950.0;933.0;711.0;971.0;571.0;585.0;324.0;402.0;288.0;367.0;812.0;976.0;360.0;43.0;883.0;879.0;360.0;723.0;347.0;691.0;375.0;753.0;365.0;938.0;209.0;340.0;312.0;437.0;684.0;258.0;361.0;581.0;728.0;823.0;401.0;205.0;101.0;43.0;183.0;726.0
10;835.0;190.0;790.0;421.0;744.0;536.0;67.0;80.0;572.0;808.0;0.0;935.0;696.0;849.0;682.0;192.0;834.0;468.0;224.0;875.0;898.0;342.0;401.0;229.0;767.0;133.0;741.0;729.0;852.0;524.0;820.0;137.0;170.0;609.0;401.0;886.0;488.0;250.0;633.0;564.0;269.0;611.0;612.0;644.0;369.0;577.0;175.0;357.0;258.0;691.0;330.0;448.0;337.0;569.0;942.0;232.0;74.0;174.0;935.0;381.0;798.0;474.0;70.0;332.0;569.0;471.0;877.0;667.0;898.0;734.0;324.0;795.0;502.0;651.0;661.0;494.0;216.0;816.0;427.0;325.0;489.0;517.0;645.0;435.0;708.0;746.0;621.0;390.0;441.0;763.0;112.0;566.0;325.0;826.0;912.0;459.0;264.0;637.0;797.0;710.0;326.0;280.0;673.0;183.0;608.0;209.0;516.0;732.0;654.0;162.0;441.0;668.0;1006.0;249.0;287.0;397.0;199.0;492.0;446.0;571.0;305.0;410.0;724.0;342.0;667.0;192.0;707.0;225.0;656.0;733.0;142.0;38.0;435.0;69.0;432.0;848.0;435.0;179.0;390.0;700.0;678.0;127.0;303.0;499.0;189.0;427.0;216.0;250.0;335.0;392.0;513.0;737.0;608.0;537.0;535.0;921.0;318.0;520.0;639.0;765.0;82.0;305.0;508.0;189.0;463.0;331.0;544.0;125.0;510.0;213.0;641.0;807.0;879.0;714.0;258.0;618.0;897.0;611.0;253.0;285.0;930.0;625.0;827.0;803.0;785.0;89.0
11;727.0;807.0;609.0;875.0;905.0;431.0;979.0;869.0;809.0;433.0;935.0;0.0;263.0;769.0;768.0;752.0;345.0;911.0;715.0;275.0;120.0;1216.0;665.0;867.0;865.0;1002.0;684.0;234.0;704.0;437.0;541.0;799.0;861.0;908.0;993.0;146.0;777.0;734.0;486.0;373.0;676.0;453.0;610.0;410.0;1185.0;358.0;1103.0;840.0;1094.0;839.0;1117.0;539.0;651.0;463.0;53.0;1103.0;977.0;1106.0;823.0;701.0;689.0;815.0;998.0;1021.0;951.0;1064.0;88.0;619.0;782.0;522.0;1050.0;212.0;585.0;791.0;280.0;646.0;1135.0;423.0;620.0;810.0;931.0;619.0;290.0;554.0;245.0;832.0;573.0;545.0;658.0;209.0;859.0;369.0;1159.0;543.0;31.0;476.0;699.0;308.0;195.0;225.0;697.0;667.0;286.0;770.0;922.0;927.0;547.0;585.0;400.0;945.0;958.0;560.0;113.0;790.0;740.0;761.0;740.0;923.0;783.0;845.0;905.0;613.0;330.0;892.0;672.0;986.0;853.0;823.0;282.0;279.0;842.0;898.0;943.0;973.0;569.0;151.0;506.0;1061.0;1245.0;358.0;869.0;878.0;740.0;783.0;801.0;508.0;1132.0;1138.0;987.0;915.0;469.0;311.0;700.0;752.0;468.0;797.0;780.0;851.0;752.0;440.0;986.0;855.0;443.0;776.0;549.0;966.0;725.0;938.0;437.0;1123.0;376.0;770.0;744.0;848.0;710.0;363.0;793.0;959.0;743.0;1068.0;34.0;410.0;532.0;476.0;262.0;847.0
12;543.0;595.0;426.0;725.0;681.0;170.0;747.0;638.0;562.0;281.0;696.0;263.0;0.0;584.0;541.0;506.0;229.0;770.0;487.0;219.0;288.0;959.0;402.0;669.0;649.0;779.0;477.0;195.0;530.0;271.0;379.0;566.0;649.0;662.0;730.0;191.0;651.0;478.0;249.0;179.0;429.0;205.0;372.0;168.0;924.0;144.0;858.0;577.0;836.0;610.0;855.0;370.0;459.0;204.0;290.0;848.0;730.0;862.0;656.0;439.0;499.0;683.0;755.0;758.0;700.0;803.0;243.0;395.0;610.0;324.0;788.0;106.0;326.0;557.0;55.0;522.0;886.0;278.0;463.0;635.0;794.0;503.0;107.0;382.0;174.0;614.0;337.0;312.0;396.0;213.0;634.0;159.0;899.0;383.0;250.0;252.0;488.0;170.0;242.0;107.0;511.0;448.0;191.0;547.0;676.0;724.0;422.0;383.0;161.0;732.0;806.0;337.0;363.0;593.0;548.0;606.0;510.0;665.0;644.0;597.0;643.0;351.0;315.0;629.0;447.0;729.0;625.0;564.0;69.0;79.0;590.0;661.0;682.0;741.0;401.0;152.0;297.0;808.0;985.0;325.0;636.0;626.0;553.0;528.0;588.0;276.0;882.0;883.0;724.0;754.0;315.0;306.0;461.0;502.0;205.0;630.0;601.0;730.0;517.0;263.0;756.0;675.0;189.0;558.0;286.0;703.0;476.0;685.0;186.0;873.0;125.0;573.0;572.0;623.0;500.0;101.0;619.0;711.0;539.0;808.0;247.0;159.0;374.0;315.0;123.0;607.0
13;42.0;883.0;161.0;1118.0;212.0;535.0;916.0;845.0;295.0;336.0;849.0;769.0;584.0;0.0;172.0;701.0;425.0;1172.0;763.0;501.0;847.0;910.0;467.0;974.0;155.0;979.0;124.0;778.0;69.0;769.0;229.0;788.0;921.0;325.0;571.0;624.0;1096.0;618.0;354.0;691.0;656.0;407.0;273.0;427.0;826.0;654.0;928.0;507.0;804.0;199.0;767.0;825.0;842.0;441.0;817.0;845.0;829.0;941.0;90.0;475.0;85.0;1114.0;867.0;655.0;395.0;587.0;797.0;219.0;49.0;260.0;693.0;567.0;399.0;211.0;622.0;993.0;928.0;346.0;906.0;1001.0;1199.0;988.0;669.0;829.0;756.0;144.0;289.0;667.0;425.0;796.0;867.0;665.0;832.0;228.0;775.0;668.0;815.0;730.0;824.0;691.0;891.0;773.0;764.0;818.0;338.0;1001.0;915.0;202.0;430.0;978.0;1182.0;262.0;881.0;921.0;902.0;1016.0;772.0;437.0;1070.0;314.0;584.0;488.0;892.0;545.0;192.0;738.0;195.0;624.0;634.0;519.0;707.0;834.0;501.0;917.0;847.0;619.0;719.0;837.0;903.0;896.0;234.0;723.0;917.0;356.0;874.0;657.0;919.0;882.0;621.0;1124.0;809.0;885.0;242.0;314.0;478.0;72.0;969.0;1169.0;212.0;332.0;931.0;1022.0;573.0;838.0;480.0;606.0;305.0;752.0;582.0;905.0;471.0;44.0;48.0;186.0;826.0;519.0;49.0;368.0;868.0;746.0;738.0;445.0;239.0;293.0;513.0;787.0
14;171.0;731.0;206.0;976.0;140.0;446.0;749.0;683.0;124.0;363.0;682.0;768.0;541.0;172.0;0.0;545.0;448.0;1031.0;616.0;526.0;825.0;741.0;318.0;821.0;115.0;814.0;111.0;725.0;199.0;672.0;281.0;631.0;766.0;176.0;404.0;633.0;966.0;461.0;292.0;607.0;509.0;339.0;172.0;373.0;660.0;575.0;757.0;336.0;633.0;71.0;598.0;711.0;709.0;357.0;810.0;673.0;659.0;770.0;255.0;318.0;154.0;980.0;698.0;485.0;244.0;428.0;777.0;149.0;221.0;253.0;523.0;556.0;276.0;42.0;566.0;874.0;756.0;374.0;784.0;858.0;1058.0;873.0;606.0;712.0;700.0;82.0;205.0;545.0;278.0;749.0;709.0;582.0;663.0;284.0;767.0;560.0;674.0;660.0;782.0;642.0;755.0;633.0;700.0;667.0;192.0;844.0;806.0;194.0;380.0;817.0;1036.0;208.0;880.0;774.0;760.0;881.0;622.0;272.0;937.0;147.0;412.0;351.0;825.0;373.0;96.0;566.0;85.0;457.0;576.0;494.0;542.0;669.0;333.0;751.0;729.0;617.0;606.0;665.0;737.0;824.0;105.0;556.0;777.0;185.0;722.0;543.0;747.0;710.0;450.0;977.0;708.0;822.0;97.0;145.0;385.0;243.0;827.0;1036.0;44.0;338.0;764.0;874.0;477.0;687.0;360.0;435.0;142.0;582.0;487.0;733.0;417.0;128.0;211.0;82.0;683.0;455.0;218.0;228.0;724.0;576.0;740.0;384.0;293.0;324.0;506.0;625.0
15;681.0;188.0;621.0;445.0;633.0;344.0;250.0;152.0;453.0;621.0;192.0;752.0;506.0;701.0;545.0;0.0;644.0;499.0;95.0;683.0;724.0;477.0;234.0;277.0;645.0;299.0;585.0;558.0;694.0;365.0;642.0;88.0;221.0;516.0;383.0;696.0;465.0;84.0;448.0;388.0;77.0;422.0;444.0;454.0;469.0;395.0;352.0;270.0;363.0;570.0;409.0;315.0;233.0;379.0;762.0;361.0;225.0;356.0;790.0;227.0;640.0;467.0;249.0;353.0;497.0;466.0;699.0;501.0;748.0;555.0;366.0;604.0;325.0;521.0;474.0;419.0;383.0;629.0;332.0;327.0;525.0;433.0;463.0;305.0;535.0;618.0;448.0;210.0;277.0;592.0;168.0;385.0;433.0;649.0;730.0;279.0;165.0;464.0;628.0;529.0;255.0;148.0;503.0;126.0;520.0;301.0;404.0;560.0;463.0;280.0;496.0;493.0;830.0;238.0;240.0;371.0;87.0;422.0;428.0;463.0;266.0;229.0;573.0;286.0;511.0;258.0;588.0;142.0;470.0;542.0;99.0;161.0;384.0;247.0;310.0;658.0;268.0;314.0;514.0;553.0;566.0;135.0;259.0;377.0;179.0;246.0;381.0;392.0;335.0;438.0;366.0;583.0;459.0;403.0;343.0;773.0;302.0;522.0;501.0;579.0;262.0;335.0;317.0;146.0;275.0;320.0;403.0;194.0;320.0;373.0;449.0;662.0;725.0;593.0;169.0;426.0;749.0;534.0;198.0;357.0;744.0;434.0;648.0;620.0;593.0;105.0
16;383.0;773.0;268.0;936.0;579.0;314.0;894.0;791.0;518.0;90.0;834.0;345.0;229.0;425.0;448.0;644.0;0.0;984.0;653.0;78.0;433.0;1041.0;463.0;856.0;533.0;938.0;351.0;408.0;360.0;494.0;197.0;719.0;825.0;609.0;755.0;199.0;872.0;590.0;220.0;400.0;569.0;226.0;319.0;190.0;986.0;361.0;977.0;618.0;917.0;519.0;917.0;586.0;659.0;265.0;394.0;941.0;852.0;984.0;478.0;497.0;348.0;902.0;883.0;807.0;665.0;812.0;383.0;307.0;437.0;195.0;842.0;160.0;358.0;479.0;283.0;745.0;996.0;79.0;680.0;837.0;1010.0;729.0;336.0;597.0;393.0;502.0;285.0;488.0;436.0;415.0;796.0;377.0;972.0;198.0;354.0;445.0;672.0;399.0;434.0;324.0;713.0;628.0;417.0;716.0;624.0;904.0;647.0;255.0;180.0;903.0;1015.0;253.0;456.0;783.0;744.0;819.0;673.0;656.0;861.0;554.0;697.0;432.0;534.0;672.0;357.0;817.0;530.0;656.0;297.0;150.0;707.0;804.0;693.0;890.0;616.0;199.0;498.0;910.0;1057.0;549.0;553.0;739.0;752.0;515.0;765.0;458.0;990.0;978.0;770.0;961.0;539.0;522.0;401.0;474.0;300.0;452.0;803.0;951.0;443.0;111.0;905.0;874.0;353.0;731.0;373.0;749.0;447.0;792.0;356.0;979.0;200.0;430.0;399.0;525.0;684.0;239.0;448.0;662.0;727.0;876.0;313.0;210.0;187.0;133.0;112.0;749.0
17;1146.0;316.0;1063.0;55.0;1130.0;684.0;435.0;408.0;950.0;1001.0;468.0;911.0;770.0;1172.0;1031.0;499.0;984.0;0.0;417.0;989.0;821.0;778.0;713.0;241.0;1137.0;384.0;1050.0;677.0;1152.0;500.0;1060.0;425.0;304.0;1015.0;854.0;936.0;137.0;581.0;857.0;591.0;522.0;812.0;901.0;822.0;828.0;627.0;586.0;766.0;720.0;1064.0;796.0;400.0;336.0;767.0;891.0;685.0;540.0;574.0;1262.0;717.0;1100.0;97.0;518.0;795.0;994.0;930.0;827.0;957.0;1217.0;975.0;790.0;873.0;774.0;1013.0;716.0;265.0;632.0;1004.0;307.0;174.0;27.0;292.0;671.0;388.0;671.0;1109.0;892.0;517.0;754.0;701.0;372.0;611.0;781.0;1066.0;880.0;543.0;358.0;622.0;720.0;716.0;284.0;400.0;631.0;374.0;1019.0;263.0;364.0;1001.0;827.0;315.0;62.0;931.0;932.0;262.0;271.0;166.0;414.0;917.0;128.0;962.0;743.0;685.0;593.0;773.0;980.0;658.0;1082.0;629.0;704.0;841.0;549.0;449.0;872.0;425.0;369.0;897.0;488.0;636.0;831.0;563.0;1063.0;562.0;255.0;874.0;323.0;538.0;639.0;691.0;793.0;78.0;458.0;612.0;939.0;896.0;724.0;1241.0;204.0;87.0;988.0;965.0;425.0;169.0;642.0;353.0;697.0;784.0;891.0;587.0;636.0;643.0;793.0;1138.0;1188.0;1087.0;348.0;748.0;1220.0;1032.0;308.0;753.0;922.0;798.0;1062.0;1017.0;891.0;460.0
18;740.0;124.0;668.0;362.0;714.0;341.0;264.0;154.0;533.0;644.0;224.0;715.0;487.0;763.0;616.0;95.0;653.0;417.0;0.0;682.0;675.0;546.0;298.0;214.0;721.0;292.0;643.0;505.0;749.0;300.0;679.0;86.0;173.0;603.0;479.0;677.0;372.0;168.0;478.0;343.0;107.0;443.0;497.0;467.0;549.0;359.0;398.0;362.0;440.0;648.0;493.0;233.0;139.0;397.0;720.0;430.0;279.0;398.0;853.0;300.0;696.0;377.0;291.0;445.0;588.0;561.0;654.0;554.0;810.0;592.0;456.0;591.0;371.0;596.0;447.0;324.0;436.0;650.0;239.0;243.0;443.0;339.0;426.0;222.0;485.0;693.0;494.0;175.0;340.0;540.0;147.0;347.0;510.0;686.0;691.0;240.0;70.0;414.0;574.0;490.0;160.0;60.0;449.0;64.0;608.0;254.0;315.0;607.0;475.0;250.0;420.0;537.0;784.0;158.0;149.0;279.0;25.0;514.0;336.0;547.0;361.0;277.0;504.0;381.0;571.0;340.0;666.0;237.0;440.0;535.0;184.0;186.0;479.0;257.0;223.0;638.0;211.0;380.0;588.0;481.0;647.0;215.0;167.0;458.0;116.0;212.0;435.0;457.0;429.0;361.0;292.0;516.0;525.0;479.0;357.0;834.0;214.0;432.0;572.0;603.0;271.0;259.0;306.0;80.0;304.0;415.0;475.0;270.0;305.0;430.0;454.0;727.0;783.0;670.0;74.0;421.0;812.0;624.0;109.0;441.0;712.0;445.0;684.0;649.0;587.0;141.0
19;459.0;798.0;345.0;943.0;657.0;342.0;932.0;826.0;593.0;168.0;875.0;275.0;219.0;501.0;526.0;683.0;78.0;989.0;682.0;0.0;372.0;1099.0;520.0;877.0;612.0;972.0;429.0;373.0;434.0;490.0;272.0;754.0;851.0;685.0;823.0;129.0;870.0;636.0;285.0;398.0;607.0;280.0;392.0;238.0;1048.0;362.0;1024.0;681.0;974.0;597.0;979.0;589.0;672.0;313.0;326.0;995.0;898.0;1031.0;550.0;555.0;425.0;902.0;927.0;870.0;739.0;882.0;322.0;383.0;510.0;273.0;905.0;123.0;418.0;556.0;274.0;740.0;1046.0;157.0;682.0;850.0;1013.0;721.0;322.0;600.0;361.0;580.0;357.0;511.0;497.0;373.0;828.0;377.0;1031.0;273.0;287.0;460.0;694.0;381.0;388.0;296.0;726.0;652.0;391.0;745.0;701.0;929.0;640.0;334.0;227.0;932.0;1023.0;329.0;384.0;803.0;760.0;824.0;704.0;728.0;863.0;629.0;759.0;483.0;499.0;735.0;434.0;872.0;609.0;708.0;287.0;150.0;753.0;843.0;762.0;928.0;620.0;139.0;510.0;962.0;1117.0;517.0;631.0;787.0;767.0;586.0;790.0;478.0;1041.0;1032.0;834.0;971.0;534.0;485.0;477.0;547.0;342.0;524.0;816.0;949.0;520.0;188.0;943.0;889.0;377.0;758.0;421.0;813.0;519.0;841.0;378.0;1030.0;234.0;507.0;473.0;603.0;706.0;261.0;522.0;738.0;747.0;936.0;242.0;253.0;262.0;210.0;98.0;788.0
20;805.0;753.0;686.0;790.0;964.0;437.0;936.0;827.0;849.0;515.0;898.0;120.0;288.0;847.0;825.0;724.0;433.0;821.0;675.0;372.0;0.0;1199.0;676.0;804.0;929.0;951.0;751.0;169.0;786.0;379.0;624.0;761.0;805.0;950.0;1005.0;246.0;685.0;720.0;534.0;337.0;653.0;493.0;658.0;453.0;1177.0;335.0;1071.0;850.0;1080.0;894.0;1111.0;474.0;591.0;491.0;77.0;1084.0;947.0;1071.0;908.0;712.0;764.0;725.0;964.0;1022.0;987.0;1080.0;50.0;677.0;865.0;591.0;1049.0;280.0;611.0;843.0;281.0;557.0;1106.0;508.0;545.0;736.0;840.0;529.0;269.0;489.0;190.0;895.0;622.0;515.0;676.0;136.0;812.0;342.0;1147.0;627.0;93.0;445.0;648.0;261.0;105.0;207.0;631.0;621.0;226.0;724.0;964.0;865.0;463.0;653.0;445.0;889.0;872.0;617.0;114.0;728.0;676.0;680.0;699.0;949.0;696.0;884.0;908.0;621.0;229.0;900.0;729.0;972.0;910.0;814.0;278.0;332.0;820.0;861.0;961.0;928.0;501.0;235.0;463.0;1038.0;1232.0;259.0;922.0;857.0;674.0;814.0;748.0;479.0;1104.0;1116.0;991.0;833.0;403.0;210.0;748.0;789.0;485.0;882.0;708.0;756.0;803.0;515.0;941.0;783.0;437.0;727.0;560.0;970.0;763.0;917.0;430.0;1097.0;413.0;843.0;827.0;906.0;657.0;386.0;875.0;999.0;685.0;1060.0;149.0;447.0;616.0;557.0;334.0;812.0
21;912.0;531.0;912.0;739.0;739.0;789.0;348.0;421.0;617.0;990.0;342.0;1216.0;959.0;910.0;741.0;477.0;1041.0;778.0;546.0;1099.0;1199.0;0.0;579.0;557.0;783.0;394.0;835.0;1034.0;939.0;841.0;965.0;465.0;505.0;597.0;340.0;1141.0;822.0;482.0;821.0;863.0;547.0;819.0;751.0;861.0;98.0;866.0;192.0;431.0;124.0;716.0;144.0;779.0;674.0;788.0;1232.0;117.0;271.0;205.0;983.0;545.0;889.0;803.0;274.0;256.0;531.0;348.0;1171.0;794.0;958.0;891.0;218.0;1046.0;683.0;700.0;937.0;836.0;146.0;1001.0;767.0;659.0;795.0;858.0;933.0;767.0;1010.0;776.0;775.0;685.0;605.0;1068.0;453.0;858.0;78.0;971.0;1198.0;754.0;599.0;940.0;1105.0;999.0;668.0;606.0;980.0;520.0;588.0;517.0;854.0;866.0;872.0;465.0;737.0;819.0;1301.0;589.0;629.0;735.0;524.0;475.0;779.0;596.0;349.0;618.0;1048.0;381.0;771.0;231.0;726.0;395.0;935.0;976.0;380.0;376.0;409.0;359.0;766.0;1106.0;745.0;167.0;54.0;1026.0;688.0;343.0;644.0;570.0;530.0;720.0;139.0;92.0;292.0;700.0;838.0;1059.0;705.0;618.0;766.0;977.0;656.0;843.0;708.0;948.0;356.0;631.0;774.0;528.0;683.0;309.0;639.0;283.0;779.0;135.0;874.0;866.0;952.0;735.0;595.0;866.0;952.0;570.0;594.0;169.0;1205.0;848.0;975.0;972.0;1022.0;407.0
22;446.0;416.0;390.0;659.0;424.0;239.0;467.0;383.0;247.0;420.0;401.0;665.0;402.0;467.0;318.0;234.0;463.0;713.0;298.0;520.0;676.0;579.0;0.0;507.0;425.0;524.0;350.0;531.0;459.0;406.0;420.0;322.0;454.0;333.0;329.0;570.0;652.0;155.0;246.0;372.0;192.0;240.0;212.0;283.0;530.0;354.0;521.0;175.0;455.0;354.0;461.0;417.0;396.0;211.0;691.0;478.0;401.0;530.0;557.0;37.0;405.0;664.0;436.0;358.0;342.0;405.0;637.0;269.0;515.0;335.0;390.0;475.0;107.0;301.0;395.0;570.0;537.0;429.0;478.0;540.0;740.0;573.0;411.0;415.0;505.0;396.0;221.0;249.0;43.0;563.0;402.0;354.0;512.0;426.0;652.0;288.0;356.0;444.0;600.0;469.0;439.0;317.0;488.0;351.0;342.0;535.0;516.0;331.0;294.0;514.0;719.0;268.0;763.0;456.0;443.0;565.0;306.0;286.0;621.0;269.0;243.0;57.0;597.0;227.0;277.0;354.0;373.0;195.0;398.0;404.0;261.0;379.0;287.0;466.0;430.0;538.0;320.0;449.0;597.0;587.0;358.0;287.0;459.0;179.0;407.0;260.0;530.0;515.0;323.0;660.0;432.0;600.0;227.0;187.0;197.0;539.0;510.0;720.0;274.0;377.0;481.0;557.0;243.0;372.0;117.0;302.0;178.0;334.0;252.0;518.0;300.0;430.0;490.0;376.0;365.0;302.0;516.0;368.0;406.0;417.0;648.0;271.0;427.0;409.0;446.0;328.0
23;952.0;91.0;882.0;193.0;908.0;542.0;209.0;167.0;729.0;853.0;229.0;867.0;669.0;974.0;821.0;277.0;856.0;241.0;214.0;877.0;804.0;557.0;507.0;0.0;921.0;178.0;855.0;639.0;962.0;430.0;893.0;193.0;63.0;786.0;614.0;855.0;265.0;361.0;691.0;502.0;319.0;653.0;710.0;674.0;596.0;529.0;369.0;533.0;486.0;846.0;560.0;330.0;216.0;608.0;861.0;455.0;303.0;360.0;1063.0;503.0;909.0;247.0;286.0;554.0;760.0;689.0;794.0;768.0;1021.0;805.0;550.0;775.0;585.0;798.0;622.0;303.0;416.0;859.0;267.0;103.0;264.0;331.0;589.0;315.0;624.0;895.0;708.0;367.0;549.0;670.0;131.0;514.0;551.0;899.0;840.0;418.0;184.0;559.0;698.0;648.0;173.0;227.0;584.0;156.0;789.0;62.0;359.0;821.0;682.0;101.0;224.0;751.0;917.0;77.0;127.0;182.0;202.0;682.0;223.0;737.0;505.0;490.0;596.0;536.0;782.0;418.0;864.0;394.0;612.0;727.0;311.0;208.0;634.0;198.0;302.0;815.0;372.0;404.0;608.0;568.0;841.0;321.0;130.0;653.0;100.0;399.0;420.0;467.0;552.0;169.0;401.0;613.0;733.0;680.0;566.0;1045.0;111.0;291.0;777.0;813.0;202.0;76.0;503.0;136.0;518.0;544.0;679.0;346.0;500.0;422.0;656.0;937.0;995.0;869.0;172.0;618.0;1022.0;799.0;130.0;514.0;870.0;651.0;897.0;860.0;780.0;220.0
24;181.0;832.0;270.0;1083.0;57.0;561.0;833.0;777.0;196.0;444.0;767.0;865.0;649.0;155.0;115.0;645.0;533.0;1137.0;721.0;612.0;929.0;783.0;425.0;921.0;0.0;900.0;183.0;836.0;215.0;787.0;347.0;729.0;864.0;186.0;443.0;726.0;1077.0;561.0;401.0;722.0;616.0;450.0;286.0;482.0;694.0;689.0;823.0;412.0;685.0;76.0;639.0;825.0;820.0;471.0;910.0;729.0;736.0;837.0;205.0;421.0;195.0;1089.0;775.0;531.0;254.0;446.0;880.0;254.0;192.0;344.0;568.0;656.0;391.0;125.0;677.0;988.0;817.0;456.0;897.0;964.0;1164.0;987.0;719.0;827.0;812.0;35.0;317.0;658.0;387.0;859.0;804.0;697.0;705.0;349.0;867.0;676.0;781.0;774.0;891.0;752.0;864.0;742.0;813.0;769.0;196.0;940.0;921.0;281.0;488.0;910.0;1139.0;312.0;978.0;878.0;868.0;991.0;725.0;309.0;1046.0;199.0;479.0;463.0;938.0;438.0;203.0;632.0;60.0;544.0;688.0;597.0;630.0;758.0;376.0;836.0;843.0;714.0;721.0;729.0;770.0;938.0;96.0;640.0;884.0;270.0;824.0;658.0;807.0;764.0;500.0;1081.0;823.0;935.0;212.0;242.0;500.0;206.0;934.0;1146.0;154.0;427.0;849.0;978.0;592.0;789.0;475.0;488.0;247.0;658.0;602.0;793.0;526.0;121.0;203.0;54.0;790.0;567.0;183.0;221.0;830.0;625.0;837.0;495.0;359.0;402.0;603.0;718.0
25;964.0;199.0;915.0;347.0;877.0;630.0;69.0;147.0;705.0;920.0;133.0;1002.0;779.0;979.0;814.0;299.0;938.0;384.0;292.0;972.0;951.0;394.0;524.0;178.0;900.0;0.0;869.0;783.0;980.0;572.0;940.0;219.0;150.0;742.0;527.0;970.0;439.0;370.0;747.0;630.0;369.0;719.0;736.0;749.0;448.0;649.0;202.0;490.0;346.0;824.0;425.0;481.0;363.0;676.0;1003.0;306.0;182.0;190.0;1067.0;508.0;926.0;415.0;149.0;450.0;701.0;590.0;936.0;793.0;1028.0;853.0;436.0;883.0;621.0;783.0;739.0;480.0;248.0;927.0;435.0;281.0;401.0;507.0;715.0;467.0;765.0;879.0;743.0;468.0;566.0;816.0;145.0;636.0;402.0;946.0;977.0;531.0;304.0;696.0;847.0;778.0;333.0;336.0;726.0;233.0;740.0;127.0;528.0;855.0;758.0;77.0;345.0;790.0;1063.0;236.0;287.0;361.0;269.0;623.0;397.0;704.0;436.0;527.0;757.0;474.0;796.0;309.0;840.0;358.0;731.0;826.0;272.0;146.0;565.0;65.0;458.0;930.0;496.0;260.0;447.0;729.0;811.0;260.0;296.0;632.0;204.0;504.0;255.0;308.0;459.0;306.0;551.0;772.0;738.0;668.0;638.0;1052.0;288.0;452.0;771.0;877.0;54.0;245.0;597.0;226.0;573.0;457.0;675.0;253.0;597.0;259.0;741.0;938.0;1008.0;847.0;294.0;711.0;1027.0;743.0;268.0;388.0;1001.0;728.0;946.0;919.0;878.0;197.0
26;97.0;764.0;96.0;996.0;229.0;414.0;808.0;731.0;223.0;262.0;741.0;684.0;477.0;124.0;111.0;585.0;351.0;1050.0;643.0;429.0;751.0;835.0;350.0;855.0;183.0;869.0;0.0;669.0;111.0;648.0;172.0;672.0;804.0;288.0;503.0;543.0;972.0;504.0;237.0;572.0;536.0;289.0;149.0;314.0;758.0;536.0;834.0;414.0;722.0;176.0;694.0;701.0;718.0;320.0;729.0;759.0;727.0;846.0;212.0;362.0;57.0;990.0;765.0;580.0;355.0;535.0;702.0;96.0;167.0;162.0;618.0;475.0;276.0;152.0;510.0;869.0;837.0;274.0;782.0;879.0;1077.0;864.0;556.0;705.0;646.0;151.0;166.0;543.0;308.0;689.0;752.0;546.0;758.0;174.0;686.0;545.0;693.0;615.0;719.0;583.0;768.0;651.0;651.0;699.0;303.0;885.0;792.0;98.0;318.0;864.0;1061.0;144.0;796.0;800.0;780.0;893.0;653.0;376.0;946.0;253.0;495.0;367.0;778.0;458.0;74.0;646.0;184.0;519.0;522.0;419.0;599.0;723.0;433.0;809.0;723.0;532.0;595.0;746.0;835.0;781.0;213.0;618.0;795.0;266.0;755.0;534.0;829.0;797.0;543.0;1002.0;687.0;773.0;135.0;219.0;356.0;191.0;847.0;1046.0;130.0;245.0;823.0;901.0;451.0;719.0;356.0;526.0;203.0;652.0;460.0;815.0;359.0;99.0;140.0;177.0;704.0;404.0;170.0;339.0;747.0;667.0;654.0;330.0;184.0;221.0;422.0;675.0
27;738.0;585.0;621.0;641.0;864.0;298.0;767.0;658.0;730.0;472.0;729.0;234.0;195.0;778.0;725.0;558.0;408.0;677.0;505.0;373.0;169.0;1034.0;531.0;639.0;836.0;783.0;669.0;0.0;725.0;211.0;573.0;591.0;637.0;830.0;856.0;278.0;545.0;559.0;435.0;172.0;487.0;386.0;553.0;356.0;1015.0;178.0;902.0;702.0;916.0;791.0;950.0;309.0;424.0;371.0;223.0;918.0;779.0;903.0;851.0;565.0;693.0;583.0;796.0;866.0;858.0;934.0;156.0;583.0;805.0;519.0;891.0;252.0;482.0;737.0;159.0;413.0;938.0;467.0;386.0;577.0;699.0;388.0;123.0;324.0;26.0;801.0;520.0;349.0;538.0;35.0;643.0;181.0;984.0;577.0;205.0;279.0;479.0;94.0;71.0;88.0;467.0;452.0;56.0;555.0;842.0;699.0;313.0;577.0;351.0;721.0;724.0;527.0;280.0;563.0;511.0;527.0;530.0;813.0;550.0;763.0;754.0;474.0;127.0;749.0;633.0;808.0;808.0;654.0;149.0;268.0;654.0;692.0;818.0;759.0;338.0;245.0;294.0;872.0;1068.0;145.0;814.0;691.0;510.0;685.0;579.0;314.0;936.0;949.0;837.0;681.0;238.0;114.0;639.0;666.0;354.0;825.0;547.0;620.0;697.0;457.0;772.0;622.0;288.0;558.0;418.0;817.0;643.0;751.0;279.0;929.0;311.0;766.0;767.0;806.0;489.0;270.0;814.0;875.0;518.0;899.0;245.0;342.0;568.0;508.0;296.0;643.0
28;33.0;871.0;104.0;1098.0;271.0;497.0;919.0;841.0;322.0;272.0;852.0;704.0;530.0;69.0;199.0;694.0;360.0;1152.0;749.0;434.0;786.0;939.0;459.0;962.0;215.0;980.0;111.0;725.0;0.0;730.0;163.0;781.0;912.0;368.0;603.0;559.0;1068.0;613.0;312.0;648.0;643.0;365.0;252.0;379.0;859.0;610.0;943.0;523.0;828.0;244.0;797.0;792.0;818.0;403.0;753.0;867.0;838.0;956.0;126.0;472.0;54.0;1089.0;876.0;683.0;439.0;626.0;735.0;195.0;80.0;207.0;721.0;506.0;379.0;242.0;570.0;961.0;946.0;281.0;876.0;982.0;1179.0;954.0;620.0;797.0;703.0;196.0;260.0;639.0;417.0;741.0;862.0;622.0;861.0;161.0;712.0;634.0;797.0;682.0;768.0;637.0;869.0;753.0;714.0;807.0;383.0;993.0;879.0;158.0;380.0;973.0;1165.0;225.0;816.0;905.0;883.0;993.0;760.0;471.0;1045.0;347.0;603.0;473.0;841.0;565.0;185.0;755.0;244.0;630.0;583.0;462.0;710.0;834.0;532.0;920.0;816.0;556.0;686.0;855.0;936.0;847.0;281.0;729.0;897.0;373.0;862.0;626.0;937.0;904.0;647.0;1107.0;771.0;834.0;245.0;327.0;443.0;100.0;950.0;1144.0;231.0;272.0;934.0;1006.0;536.0;826.0;455.0;631.0;313.0;763.0;545.0;924.0;422.0;94.0;42.0;235.0;808.0;471.0;90.0;416.0;851.0;772.0;673.0;399.0;173.0;229.0;452.0;785.0
29;734.0;374.0;629.0;456.0;802.0;234.0;558.0;450.0;641.0;526.0;524.0;437.0;271.0;769.0;672.0;365.0;494.0;500.0;300.0;490.0;379.0;841.0;406.0;430.0;787.0;572.0;648.0;211.0;730.0;0.0;604.0;386.0;426.0;735.0;705.0;439.0;380.0;385.0;417.0;94.0;304.0;365.0;506.0;358.0;832.0;133.0;698.0;557.0;728.0;728.0;771.0;104.0;214.0;328.0;433.0;724.0;578.0;698.0;853.0;433.0;687.0;412.0;592.0;699.0;748.0;787.0;366.0;552.0;806.0;529.0;719.0;373.0;398.0;671.0;217.0;251.0;736.0;527.0;194.0;376.0;524.0;236.0;172.0;118.0;194.0;753.0;483.0;170.0;428.0;244.0;434.0;118.0;798.0;610.0;410.0;118.0;269.0;130.0;276.0;222.0;259.0;244.0;155.0;346.0;745.0;490.0;155.0;572.0;359.0;510.0;538.0;507.0;491.0;353.0;303.0;338.0;325.0;690.0;373.0;669.0;593.0;351.0;209.0;597.0;593.0;622.0;747.0;480.0;204.0;346.0;464.0;486.0;680.0;550.0;135.0;400.0;99.0;676.0;879.0;191.0;743.0;500.0;303.0;581.0;369.0;147.0;735.0;754.0;674.0;490.0;45.0;219.0;577.0;576.0;292.0;828.0;345.0;459.0;635.0;496.0;563.0;420.0;197.0;348.0;316.0;655.0;558.0;559.0;187.0;729.0;320.0;746.0;771.0;747.0;278.0;270.0;812.0;773.0;307.0;719.0;442.0;335.0;603.0;550.0;394.0;441.0
30;187.0;804.0;77.0;1008.0;397.0;380.0;885.0;794.0;378.0;109.0;820.0;541.0;379.0;229.0;281.0;642.0;197.0;1060.0;679.0;272.0;624.0;965.0;420.0;893.0;347.0;940.0;172.0;573.0;163.0;604.0;0.0;727.0;850.0;455.0;648.0;396.0;964.0;571.0;204.0;516.0;579.0;249.0;216.0;247.0;896.0;477.0;937.0;534.0;846.0;347.0;830.0;679.0;724.0;293.0;590.0;878.0;820.0;947.0;284.0;444.0;155.0;988.0;856.0;715.0;519.0;690.0;574.0;172.0;241.0;88.0;753.0;345.0;319.0;319.0;424.0;847.0;948.0;118.0;769.0;898.0;1086.0;837.0;476.0;686.0;553.0;319.0;199.0;543.0;381.0;587.0;809.0;490.0;890.0;6.0;549.0;523.0;716.0;540.0;611.0;485.0;777.0;672.0;568.0;741.0;470.0;932.0;758.0;101.0;245.0;920.0;1081.0;152.0;653.0;828.0;799.0;896.0;695.0;529.0;945.0;412.0;617.0;413.0;693.0;584.0;206.0;758.0;355.0;611.0;438.0;306.0;680.0;796.0;579.0;884.0;706.0;393.0;577.0;857.0;971.0;702.0;384.0;706.0;811.0;401.0;795.0;523.0;940.0;916.0;678.0;1023.0;648.0;684.0;267.0;354.0;336.0;258.0;864.0;1041.0;289.0;116.0;898.0;927.0;422.0;759.0;375.0;659.0;330.0;750.0;429.0;927.0;286.0;236.0;203.0;348.0;728.0;336.0;252.0;507.0;772.0;796.0;510.0;270.0;12.0;67.0;291.0;743.0
