Vehicle:
Average speed:;1399
Time limit:;289.842
Fuel comsumption rate:;1
Fuel Capacity:;699.5
Depot:
ID;X;Y;Service Time
0;0;0;0
Customers:
ID;X;Y;Service Time
1;346;793;7.64481
3;171;666;7.64481
4;287;795;7.64481
5;93;919;7.64481
6;712;216;7.64481
8;475;266;7.64481
9;71;307;7.64481
10;83;987;7.64481
11;518;392;7.64481
12;807;134;7.64481
13;377;164;7.64481
14;692;127;7.64481
15;701;530;7.64481
16;831;255;7.64481
17;938;210;7.64481
18;873;127;7.64481
19;569;817;7.64481
20;796;379;7.64481
21;6;182;7.64481
24;157;644;7.64481
25;668;333;7.64481
27;861;333;7.64481
28;70;79;7.64481
29;330;931;7.64481
30;513;308;7.64481
31;230;725;7.64481
32;896;107;7.64481
33;234;758;7.64481
35;177;587;7.64481
36;697;37;7.64481
38;861;54;7.64481
39;620;667;7.64481
40;739;572;7.64481
42;917;398;7.64481
43;555;473;7.64481
44;992;303;7.64481
45;701;695;7.64481
47;556;781;7.64481
48;627;213;7.64481
49;19;93;7.64481
50;837;398;7.64481
51;277;133;7.64481
52;521;177;7.64481
54;575;428;7.64481
55;949;337;7.64481
56;752;458;7.64481
57;432;417;7.64481
58;173;459;7.64481
60;101;210;7.64481
61;270;113;7.64481
62;951;30;7.64481
65;72;873;7.64481
66;681;319;7.64481
67;149;612;7.64481
68;799;203;7.64481
69;30;618;7.64481
71;997;104;7.64481
72;727;707;7.64481
73;163;790;7.64481
75;119;969;7.64481
76;931;207;7.64481
78;630;384;7.64481
79;721;103;7.64481
80;209;814;7.64481
81;176;751;7.64481
82;476;638;7.64481
83;76;178;7.64481
84;62;523;7.64481
85;737;499;7.64481
86;442;611;7.64481
87;42;123;7.64481
88;194;726;7.64481
90;521;825;7.64481
91;554;637;7.64481
92;11;702;7.64481
93;129;540;7.64481
95;122;683;7.64481
96;123;119;7.64481
97;111;386;7.64481
98;253;262;7.64481
101;596;175;7.64481
102;657;234;7.64481
103;369;551;7.64481
105;228;473;7.64481
107;463;128;7.64481
108;875;97;7.64481
110;67;607;7.64481
111;445;748;7.64481
112;828;305;7.64481
113;659;433;7.64481
114;43;98;7.64481
115;216;200;7.64481
116;673;668;7.64481
117;387;303;7.64481
118;768;421;7.64481
119;258;543;7.64481
120;737;698;7.64481
121;124;97;7.64481
122;859;222;7.64481
123;130;599;7.64481
124;52;803;7.64481
125;157;460;7.64481
126;888;289;7.64481
129;600;549;7.64481
130;877;51;7.64481
132;80;304;7.64481
134;805;76;7.64481
135;990;256;7.64481
136;873;464;7.64481
137;306;119;7.64481
138;101;574;7.64481
139;836;204;7.64481
140;74;223;7.64481
142;150;894;7.64481
145;716;390;7.64481
146;787;27;7.64481
150;801;106;7.64481
152;627;625;7.64481
153;553;193;7.64481
154;435;902;7.64481
155;860;100;7.64481
156;472;765;7.64481
157;605;123;7.64481
158;887;327;7.64481
159;752;426;7.64481
160;996;198;7.64481
161;789;612;7.64481
163;361;801;7.64481
165;170;958;7.64481
166;786;418;7.64481
167;107;470;7.64481
168;531;586;7.64481
170;892;113;7.64481
171;486;445;7.64481
174;128;494;7.64481
176;174;964;7.64481
179;518;177;7.64481
180;93;349;7.64481
183;55;284;7.64481
184;116;755;7.64481
185;368;125;7.64481
186;502;114;7.64481
188;523;837;7.64481
190;907;303;7.64481
192;799;638;7.64481
194;280;162;7.64481
195;697;736;7.64481
196;131;96;7.64481
197;680;683;7.64481
198;850;512;7.64481
201;499;296;7.64481
202;296;811;7.64481
203;664;100;7.64481
204;237;179;7.64481
206;252;659;7.64481
207;474;107;7.64481
208;401;630;7.64481
209;556;126;7.64481
210;804;296;7.64481
211;180;632;7.64481
212;405;387;7.64481
213;475;300;7.64481
214;992;105;7.64481
215;137;104;7.64481
216;454;340;7.64481
217;821;145;7.64481
218;307;108;7.64481
220;453;269;7.64481
221;756;679;7.64481
222;196;467;7.64481
223;120;954;7.64481
224;512;344;7.64481
225;266;435;7.64481
227;248;22;7.64481
228;446;627;7.64481
230;247;606;7.64481
231;834;425;7.64481
232;269;568;7.64481
233;115;328;7.64481
235;621;421;7.64481
236;701;511;7.64481
237;70;610;7.64481
238;771;636;7.64481
AFSs:
ID;X;Y;Service Time
2;692;966;24.1207
7;991;988;24.1207
22;917;620;24.1207
23;728;936;24.1207
26;564;876;24.1207
34;911;970;24.1207
37;947;615;24.1207
41;861;818;24.1207
46;588;974;24.1207
53;694;875;24.1207
59;881;966;24.1207
63;959;856;24.1207
64;554;981;24.1207
70;92;644;24.1207
74;364;966;24.1207
77;820;844;24.1207
89;835;589;24.1207
94;659;941;24.1207
99;338;989;24.1207
100;844;543;24.1207
104;688;921;24.1207
106;676;942;24.1207
109;982;861;24.1207
127;970;456;24.1207
128;854;776;24.1207
131;992;969;24.1207
133;893;539;24.1207
141;438;996;24.1207
143;979;964;24.1207
144;733;939;24.1207
147;947;450;24.1207
148;599;860;24.1207
149;893;538;24.1207
151;846;847;24.1207
162;803;935;24.1207
164;760;739;24.1207
169;646;977;24.1207
172;778;834;24.1207
173;438;499;24.1207
175;572;1000;24.1207
177;599;871;24.1207
178;957;677;24.1207
181;506;454;24.1207
182;792;919;24.1207
187;994;392;24.1207
189;721;780;24.1207
191;719;842;24.1207
193;928;824;24.1207
199;972;443;24.1207
200;913;538;24.1207
205;232;621;24.1207
219;780;725;24.1207
226;559;986;24.1207
229;672;964;24.1207
234;565;915;24.1207
239;937;537;24.1207
240;664;187;24.1207
241;840;406;24.1207
Distance matrix:
;0;1;2;3;4;5;6;7;8;9;10;11;12;13;14;15;16;17;18;19;20;21;22;23;24;25;26;27;28;29;30;31;32;33;34;35;36;37;38;39;40;41;42;43;44;45;46;47;48;49;50;51;52;53;54;55;56;57;58;59;60;61;62;63;64;65;66;67;68;69;70;71;72;73;74;75;76;77;78;79;80;81;82;83;84;85;86;87;88;89;90;91;92;93;94;95;96;97;98;99;100;101;102;103;104;105;106;107;108;109;110;111;112;113;114;115;116;117;118;119;120;121;122;123;124;125;126;127;128;129;130;131;132;133;134;135;136;137;138;139;140;141;142;143;144;145;146;147;148;149;150;151;152;153;154;155;156;157;158;159;160;161;162;163;164;165;166;167;168;169;170;171;172;173;174;175;176;177;178;179;180;181;182;183;184;185;186;187;188;189;190;191;192;193;194;195;196;197;198;199;200;201;202;203;204;205;206;207;208;209;210;211;212;213;214;215;216;217;218;219;220;221;222;223;224;225;226;227;228;229;230;231;232;233;234;235;236;237;238;239;240;241
0;0.0;865.0;1188.0;688.0;845.0;924.0;744.0;1399.0;544.0;315.0;990.0;650.0;818.0;411.0;704.0;879.0;869.0;961.0;882.0;996.0;882.0;182.0;1107.0;1186.0;663.0;746.0;1042.0;923.0;106.0;988.0;598.0;761.0;902.0;793.0;1331.0;613.0;698.0;1129.0;863.0;911.0;935.0;1188.0;1000.0;729.0;1037.0;987.0;1138.0;959.0;662.0;95.0;927.0;307.0;550.0;1117.0;717.0;1007.0;880.0;600.0;491.0;1307.0;233.0;293.0;951.0;1285.0;1127.0;876.0;752.0;630.0;824.0;619.0;651.0;1002.0;1014.0;807.0;1032.0;976.0;954.0;1177.0;738.0;728.0;840.0;771.0;796.0;194.0;527.0;890.0;754.0;130.0;751.0;1022.0;976.0;844.0;702.0;555.0;1149.0;694.0;171.0;402.0;364.0;1045.0;1004.0;621.0;697.0;663.0;1150.0;525.0;1159.0;480.0;880.0;1306.0;611.0;870.0;882.0;789.0;107.0;294.0;948.0;492.0;876.0;601.0;1015.0;157.0;887.0;613.0;805.0;486.0;934.0;1072.0;1154.0;813.0;878.0;1387.0;314.0;1043.0;809.0;1023.0;989.0;328.0;583.0;861.0;235.0;1088.0;906.0;1374.0;1191.0;815.0;787.0;1048.0;1048.0;1043.0;808.0;1197.0;885.0;586.0;1001.0;866.0;899.0;617.0;945.0;864.0;1015.0;999.0;1232.0;879.0;1060.0;973.0;890.0;482.0;791.0;1171.0;899.0;659.0;1141.0;664.0;510.0;1152.0;980.0;1057.0;1172.0;547.0;361.0;680.0;1213.0;289.0;764.0;389.0;515.0;1069.0;987.0;1062.0;956.0;1107.0;1022.0;1241.0;323.0;1014.0;162.0;964.0;992.0;1068.0;1060.0;580.0;863.0;671.0;297.0;663.0;706.0;486.0;747.0;570.0;857.0;657.0;560.0;562.0;998.0;172.0;567.0;834.0;325.0;1065.0;527.0;1016.0;506.0;962.0;617.0;510.0;1133.0;249.0;769.0;1175.0;654.0;936.0;628.0;348.0;1075.0;750.0;867.0;614.0;999.0;1080.0;690.0;933.0
1;865.0;0.0;387.0;216.0;59.0;283.0;683.0;674.0;543.0;558.0;327.0;436.0;804.0;630.0;751.0;442.0;724.0;831.0;849.0;224.0;611.0;699.0;597.0;408.0;241.0;562.0;233.0;691.0;765.0;139.0;513.0;134.0;879.0;117.0;592.0;266.0;834.0;627.0;901.0;302.0;451.0;516.0;694.0;382.0;811.0;368.0;302.0;210.0;644.0;773.0;630.0;664.0;640.0;358.0;431.0;756.0;526.0;386.0;376.0;562.0;632.0;684.0;974.0;616.0;280.0;285.0;580.0;268.0;744.0;361.0;294.0;948.0;391.0;183.0;174.0;287.0;828.0;477.0;498.0;785.0;139.0;175.0;202.0;672.0;392.0;489.0;206.0;736.0;166.0;530.0;178.0;260.0;347.0;333.0;346.0;250.0;710.0;470.0;539.0;196.0;557.0;667.0;640.0;243.0;365.0;341.0;362.0;675.0;874.0;640.0;335.0;109.0;686.0;477.0;758.0;607.0;350.0;492.0;563.0;265.0;402.0;731.0;768.0;290.0;294.0;383.0;740.0;709.0;508.0;352.0;912.0;670.0;557.0;603.0;851.0;839.0;621.0;675.0;329.0;766.0;632.0;223.0;220.0;656.0;414.0;547.0;884.0;692.0;262.0;604.0;824.0;503.0;327.0;635.0;141.0;863.0;129.0;718.0;714.0;547.0;881.0;479.0;479.0;17.0;418.0;241.0;578.0;402.0;278.0;352.0;872.0;375.0;434.0;308.0;370.0;306.0;243.0;265.0;622.0;640.0;511.0;375.0;463.0;586.0;233.0;668.0;697.0;762.0;182.0;375.0;745.0;376.0;479.0;583.0;634.0;356.0;729.0;352.0;577.0;717.0;622.0;520.0;53.0;762.0;624.0;206.0;164.0;698.0;172.0;699.0;676.0;231.0;410.0;510.0;944.0;720.0;466.0;803.0;686.0;439.0;535.0;426.0;359.0;277.0;479.0;367.0;287.0;777.0;194.0;368.0;212.0;611.0;238.0;519.0;251.0;463.0;453.0;331.0;453.0;644.0;684.0;628.0
2;1188.0;387.0;0.0;601.0;440.0;601.0;750.0;300.0;733.0;905.0;609.0;600.0;840.0;862.0;839.0;436.0;724.0;795.0;858.0;193.0;596.0;1042.0;413.0;47.0;624.0;633.0;156.0;655.0;1083.0;364.0;682.0;521.0;883.0;503.0;219.0;639.0;929.0;434.0;928.0;308.0;397.0;225.0;611.0;512.0;728.0;271.0;104.0;230.0;756.0;1102.0;586.0;931.0;807.0;91.0;551.0;679.0;512.0;607.0;726.0;189.0;960.0;952.0;971.0;289.0;139.0;627.0;647.0;648.0;770.0;748.0;681.0;914.0;261.0;558.0;328.0;573.0;796.0;177.0;585.0;863.0;506.0;559.0;393.0;1000.0;770.0;469.0;434.0;1064.0;553.0;403.0;222.0;357.0;730.0;706.0;41.0;636.0;1020.0;821.0;830.0;355.0;449.0;797.0;733.0;526.0;45.0;677.0;29.0;869.0;888.0;308.0;721.0;329.0;675.0;534.0;1084.0;902.0;299.0;730.0;550.0;606.0;272.0;1038.0;763.0;671.0;660.0;736.0;705.0;581.0;250.0;427.0;934.0;300.0;902.0;472.0;897.0;770.0;534.0;931.0;709.0;775.0;966.0;256.0;547.0;287.0;49.0;576.0;944.0;576.0;141.0;473.0;867.0;195.0;347.0;785.0;265.0;882.0;298.0;847.0;668.0;543.0;826.0;367.0;115.0;370.0;237.0;522.0;556.0;767.0;413.0;47.0;876.0;560.0;158.0;532.0;735.0;125.0;518.0;133.0;392.0;808.0;860.0;545.0;110.0;933.0;613.0;901.0;873.0;649.0;213.0;188.0;697.0;127.0;345.0;275.0;903.0;230.0;1035.0;283.0;481.0;593.0;482.0;697.0;425.0;866.0;909.0;575.0;537.0;886.0;444.0;851.0;679.0;611.0;646.0;700.0;912.0;1025.0;670.0;831.0;940.0;257.0;737.0;294.0;704.0;572.0;648.0;681.0;134.0;1043.0;419.0;20.0;572.0;559.0;581.0;860.0;137.0;550.0;455.0;717.0;339.0;494.0;780.0;579.0
3;688.0;216.0;601.0;0.0;173.0;265.0;704.0;881.0;502.0;373.0;333.0;442.0;829.0;543.0;750.0;547.0;778.0;892.0;885.0;426.0;688.0;511.0;747.0;619.0;26.0;598.0;446.0;766.0;596.0;309.0;495.0;83.0;915.0;112.0;800.0;79.0;820.0;778.0;922.0;449.0;576.0;707.0;793.0;430.0;898.0;531.0;518.0;402.0;643.0;593.0;718.0;543.0;601.0;563.0;469.0;845.0;617.0;361.0;207.0;771.0;461.0;562.0;1006.0;811.0;496.0;229.0;617.0;58.0;780.0;149.0;82.0;999.0;558.0;124.0;357.0;307.0;888.0;673.0;539.0;787.0;153.0;85.0;306.0;497.0;180.0;590.0;277.0;558.0;64.0;668.0;384.0;384.0;164.0;133.0;560.0;52.0;549.0;286.0;412.0;364.0;684.0;649.0;650.0;229.0;576.0;201.0;576.0;612.0;905.0;834.0;120.0;286.0;750.0;541.0;582.0;468.0;502.0;422.0;645.0;151.0;567.0;571.0;819.0;79.0;181.0;206.0;810.0;826.0;692.0;445.0;936.0;875.0;373.0;733.0;866.0;916.0;730.0;563.0;116.0;810.0;453.0;424.0;229.0;861.0;625.0;611.0;888.0;806.0;470.0;733.0;843.0;699.0;458.0;608.0;354.0;892.0;317.0;695.0;792.0;629.0;948.0;620.0;687.0;233.0;594.0;292.0;663.0;206.0;369.0;568.0;909.0;385.0;630.0;315.0;177.0;522.0;298.0;475.0;786.0;600.0;326.0;396.0;671.0;399.0;105.0;576.0;644.0;867.0;391.0;562.0;821.0;576.0;629.0;773.0;516.0;531.0;571.0;509.0;696.0;831.0;753.0;494.0;191.0;751.0;491.0;76.0;81.0;636.0;233.0;663.0;733.0;35.0;364.0;476.0;994.0;563.0;432.0;833.0;574.0;612.0;487.0;585.0;201.0;292.0;469.0;250.0;503.0;649.0;278.0;583.0;97.0;705.0;139.0;343.0;466.0;512.0;552.0;115.0;601.0;777.0;687.0;718.0
4;845.0;59.0;440.0;173.0;0.0;230.0;718.0;730.0;561.0;534.0;280.0;465.0;841.0;637.0;781.0;492.0;767.0;875.0;889.0;283.0;657.0;674.0;654.0;463.0;199.0;599.0;289.0;737.0;748.0;143.0;537.0;90.0;919.0;65.0;648.0;235.0;862.0;684.0;937.0;357.0;504.0;574.0;745.0;419.0;860.0;426.0;350.0;269.0;674.0;751.0;678.0;662.0;661.0;415.0;467.0;805.0;574.0;405.0;355.0;618.0;614.0;682.0;1013.0;675.0;325.0;229.0;618.0;229.0;783.0;312.0;247.0;991.0;449.0;124.0;188.0;242.0;872.0;535.0;535.0;817.0;80.0;119.0;246.0;652.0;353.0;539.0;241.0;715.0;116.0;585.0;236.0;310.0;291.0;300.0;400.0;199.0;696.0;445.0;534.0;201.0;611.0;693.0;672.0;257.0;420.0;327.0;416.0;690.0;913.0;698.0;289.0;165.0;730.0;519.0;738.0;599.0;406.0;502.0;609.0;254.0;460.0;717.0;810.0;251.0;235.0;359.0;786.0;763.0;567.0;398.0;950.0;726.0;533.0;658.0;886.0;886.0;673.0;676.0;289.0;807.0;610.0;251.0;169.0;712.0;469.0;590.0;916.0;745.0;319.0;658.0;860.0;561.0;380.0;658.0;183.0;901.0;187.0;743.0;761.0;594.0;927.0;534.0;535.0;74.0;476.0;201.0;625.0;372.0;321.0;402.0;912.0;403.0;493.0;332.0;340.0;351.0;203.0;321.0;680.0;660.0;486.0;405.0;520.0;561.0;176.0;675.0;714.0;814.0;240.0;434.0;791.0;435.0;536.0;642.0;633.0;414.0;716.0;409.0;630.0;770.0;677.0;542.0;18.0;791.0;618.0;182.0;140.0;713.0;201.0;721.0;719.0;195.0;425.0;529.0;986.0;707.0;485.0;841.0;687.0;498.0;552.0;483.0;340.0;231.0;504.0;361.0;332.0;774.0;231.0;420.0;193.0;660.0;228.0;498.0;303.0;501.0;502.0;285.0;509.0;699.0;715.0;676.0
5;924.0;283.0;601.0;265.0;230.0;0.0;937.0;901.0;757.0;612.0;69.0;677.0;1061.0;807.0;993.0;722.0;993.0;1103.0;1112.0;487.0;886.0;742.0;877.0;635.0;282.0;821.0;473.0;966.0;840.0;237.0;741.0;237.0;1142.0;214.0;820.0;342.0;1069.0;906.0;1157.0;584.0;733.0;775.0;975.0;642.0;1090.0;648.0;498.0;483.0;885.0;829.0;908.0;807.0;857.0;603.0;688.0;1035.0;804.0;606.0;467.0;789.0;709.0;825.0;1236.0;868.0;465.0;51.0;840.0;312.0;1006.0;308.0;275.0;1217.0;669.0;147.0;275.0;56.0;1100.0;731.0;758.0;1030.0;156.0;187.0;475.0;741.0;397.0;769.0;465.0;798.0;218.0;812.0;438.0;540.0;232.0;381.0;566.0;238.0;801.0;533.0;676.0;255.0;840.0;898.0;887.0;460.0;595.0;466.0;583.0;873.0;1135.0;891.0;313.0;391.0;958.0;746.0;823.0;729.0;632.0;683.0;839.0;411.0;681.0;823.0;1036.0;322.0;123.0;463.0;1014.0;992.0;774.0;628.0;1170.0;900.0;615.0;886.0;1103.0;1115.0;903.0;828.0;345.0;1031.0;696.0;353.0;62.0;887.0;640.0;817.0;1130.0;974.0;509.0;886.0;1078.0;756.0;610.0;859.0;342.0;1122.0;409.0;946.0;990.0;823.0;1156.0;761.0;710.0;293.0;691.0;86.0;855.0;449.0;550.0;556.0;1135.0;616.0;690.0;544.0;426.0;486.0;93.0;508.0;897.0;855.0;570.0;622.0;699.0;636.0;166.0;840.0;903.0;1044.0;438.0;643.0;1021.0;631.0;760.0;840.0;780.0;631.0;824.0;633.0;859.0;1000.0;904.0;744.0;230.0;998.0;754.0;329.0;305.0;897.0;422.0;918.0;945.0;300.0;617.0;727.0;1213.0;816.0;682.0;1063.0;839.0;714.0;743.0;705.0;464.0;44.0;711.0;514.0;471.0;910.0;458.0;581.0;349.0;891.0;393.0;591.0;472.0;726.0;732.0;310.0;735.0;926.0;928.0;906.0
6;744.0;683.0;750.0;704.0;718.0;937.0;0.0;821.0;242.0;647.0;995.0;262.0;125.0;339.0;91.0;314.0;125.0;226.0;184.0;618.0;183.0;707.0;453.0;720.0;701.0;125.0;676.0;189.0;656.0;811.0;219.0;701.0;214.0;723.0;780.0;651.0;180.0;463.0;220.0;460.0;357.0;620.0;274.0;301.0;293.0;479.0;768.0;586.0;85.0;704.0;221.0;443.0;195.0;659.0;252.0;266.0;245.0;345.0;591.0;769.0;611.0;454.0;303.0;686.0;781.0;917.0;108.0;688.0;88.0;792.0;753.0;306.0;491.0;794.0;827.0;958.0;219.0;637.0;187.0;113.0;781.0;757.0;484.0;637.0;719.0;284.0;478.0;676.0;727.0;393.0;638.0;450.0;853.0;667.0;727.0;752.0;597.0;625.0;461.0;859.0;353.0;123.0;58.0;479.0;705.0;548.0;727.0;264.0;202.0;699.0;754.0;595.0;146.0;223.0;679.0;496.0;454.0;336.0;213.0;560.0;483.0;600.0;147.0;697.0;883.0;606.0;191.0;352.0;578.0;351.0;233.0;803.0;638.0;370.0;168.0;281.0;296.0;417.0;708.0;125.0;638.0;827.0;881.0;794.0;723.0;174.0;203.0;332.0;654.0;369.0;141.0;645.0;418.0;161.0;740.0;188.0;599.0;142.0;207.0;214.0;285.0;403.0;725.0;682.0;525.0;919.0;215.0;656.0;412.0;764.0;207.0;322.0;622.0;394.0;647.0;796.0;921.0;665.0;522.0;198.0;633.0;315.0;708.0;661.0;804.0;356.0;233.0;332.0;649.0;564.0;214.0;626.0;431.0;645.0;435.0;520.0;593.0;468.0;327.0;345.0;380.0;228.0;726.0;126.0;476.0;628.0;639.0;262.0;518.0;180.0;122.0;675.0;351.0;251.0;301.0;586.0;286.0;130.0;419.0;514.0;264.0;465.0;574.0;946.0;237.0;497.0;785.0;503.0;490.0;749.0;607.0;242.0;566.0;607.0;714.0;224.0;295.0;753.0;424.0;392.0;56.0;229.0
7;1399.0;674.0;300.0;881.0;730.0;901.0;821.0;0.0;887.0;1145.0;908.0;761.0;874.0;1028.0;911.0;542.0;750.0;780.0;869.0;455.0;639.0;1273.0;375.0;268.0;902.0;730.0;441.0;668.0;1294.0;663.0;831.0;805.0;886.0;791.0;82.0;907.0;995.0;376.0;943.0;491.0;486.0;214.0;595.0;675.0;685.0;412.0;403.0;482.0;856.0;1321.0;610.0;1114.0;937.0;318.0;698.0;652.0;581.0;799.0;974.0;112.0;1182.0;1134.0;959.0;136.0;437.0;926.0;737.0;922.0;808.0;1030.0;963.0;884.0;386.0;851.0;627.0;872.0;783.0;224.0;704.0;925.0;801.0;849.0;623.0;1222.0;1039.0;551.0;666.0;1284.0;839.0;428.0;497.0;561.0;1021.0;971.0;335.0;921.0;1228.0;1066.0;1035.0;653.0;469.0;904.0;825.0;760.0;310.0;921.0;318.0;1009.0;899.0;127.0;999.0;596.0;702.0;647.0;1300.0;1105.0;451.0;913.0;609.0;858.0;386.0;1243.0;777.0;945.0;957.0;987.0;707.0;532.0;252.0;588.0;944.0;19.0;1139.0;460.0;931.0;732.0;537.0;1107.0;982.0;799.0;1194.0;553.0;846.0;27.0;263.0;658.0;982.0;540.0;412.0;461.0;902.0;202.0;514.0;908.0;563.0;898.0;565.0;947.0;669.0;611.0;790.0;427.0;195.0;657.0;340.0;822.0;606.0;1025.0;611.0;345.0;881.0;742.0;263.0;738.0;994.0;419.0;817.0;409.0;313.0;939.0;1102.0;721.0;211.0;1171.0;905.0;1064.0;1001.0;596.0;492.0;341.0;690.0;309.0;399.0;176.0;1090.0;387.0;1239.0;436.0;496.0;545.0;457.0;849.0;717.0;946.0;1106.0;843.0;809.0;1021.0;690.0;966.0;717.0;886.0;839.0;860.0;883.0;1229.0;842.0;860.0;1115.0;337.0;898.0;388.0;951.0;872.0;803.0;912.0;432.0;1219.0;654.0;320.0;836.0;584.0;835.0;1097.0;432.0;677.0;558.0;996.0;415.0;454.0;865.0;601.0
8;544.0;543.0;733.0;502.0;561.0;757.0;242.0;887.0;0.0;406.0;821.0;133.0;357.0;141.0;258.0;348.0;356.0;466.0;422.0;559.0;340.0;476.0;566.0;716.0;494.0;204.0;616.0;392.0;446.0;681.0;57.0;520.0;450.0;548.0;828.0;438.0;319.0;587.0;440.0;426.0;404.0;674.0;461.0;222.0;518.0;485.0;717.0;521.0;161.0;488.0;385.0;239.0;100.0;647.0;190.0;479.0;337.0;157.0;358.0;809.0;378.0;256.0;531.0;763.0;719.0;729.0;213.0;475.0;330.0;567.0;538.0;547.0;508.0;610.0;709.0;788.0;460.0;673.0;195.0;295.0;609.0;570.0;372.0;409.0;486.0;351.0;347.0;456.0;539.0;484.0;561.0;379.0;637.0;441.0;700.0;546.0;381.0;383.0;222.0;736.0;461.0;151.0;185.0;304.0;689.0;322.0;705.0;139.0;434.0;782.0;532.0;483.0;355.0;248.0;464.0;267.0;448.0;95.0;331.0;352.0;505.0;390.0;387.0;479.0;684.0;373.0;414.0;530.0;635.0;309.0;456.0;873.0;397.0;499.0;381.0;515.0;445.0;224.0;484.0;366.0;403.0;731.0;707.0;861.0;721.0;271.0;393.0;507.0;607.0;499.0;363.0;689.0;390.0;107.0;637.0;419.0;499.0;193.0;416.0;320.0;525.0;467.0;745.0;547.0;552.0;756.0;346.0;421.0;325.0;731.0;444.0;179.0;644.0;236.0;415.0;740.0;760.0;618.0;633.0;99.0;391.0;191.0;726.0;420.0;607.0;177.0;154.0;534.0;573.0;570.0;434.0;626.0;493.0;719.0;221.0;520.0;384.0;465.0;448.0;528.0;516.0;38.0;574.0;252.0;253.0;430.0;452.0;159.0;371.0;162.0;330.0;470.0;140.0;34.0;541.0;375.0;77.0;367.0;231.0;551.0;22.0;500.0;344.0;774.0;86.0;269.0;725.0;333.0;362.0;725.0;409.0;393.0;366.0;365.0;655.0;213.0;333.0;531.0;474.0;536.0;205.0;391.0
9;315.0;558.0;905.0;373.0;534.0;612.0;647.0;1145.0;406.0;0.0;680.0;455.0;756.0;338.0;647.0;668.0;762.0;872.0;822.0;713.0;729.0;141.0;902.0;910.0;348.0;598.0;753.0;790.0;228.0;676.0;442.0;447.0;849.0;480.0;1070.0;299.0;682.0;929.0;830.0;657.0;719.0;941.0;851.0;512.0;921.0;740.0;844.0;678.0;564.0;220.0;771.0;270.0;468.0;843.0;518.0;879.0;698.0;377.0;183.0;1044.0;102.0;278.0;923.0;1044.0;829.0;566.0;610.0;315.0;735.0;314.0;338.0;948.0;768.0;492.0;721.0;664.0;866.0;922.0;564.0;681.0;525.0;456.0;523.0;129.0;216.0;693.0;480.0;186.0;437.0;814.0;686.0;585.0;400.0;240.0;865.0;379.0;195.0;89.0;187.0;732.0;808.0;541.0;591.0;385.0;870.0;228.0;877.0;431.0;831.0;1066.0;300.0;578.0;757.0;601.0;211.0;180.0;702.0;316.0;706.0;301.0;772.0;217.0;793.0;298.0;496.0;176.0;817.0;911.0;913.0;582.0;846.0;1134.0;9.0;854.0;769.0;920.0;817.0;301.0;269.0;772.0;84.0;781.0;592.0;1121.0;915.0;650.0;769.0;888.0;765.0;854.0;757.0;945.0;641.0;495.0;698.0;816.0;609.0;565.0;816.0;691.0;931.0;780.0;964.0;573.0;813.0;658.0;724.0;167.0;538.0;883.0;844.0;437.0;882.0;414.0;195.0;855.0;665.0;773.0;960.0;466.0;47.0;459.0;946.0;28.0;450.0;348.0;472.0;927.0;697.0;804.0;836.0;840.0;800.0;1001.0;254.0;759.0;219.0;716.0;806.0;911.0;873.0;428.0;552.0;628.0;210.0;353.0;396.0;450.0;462.0;518.0;733.0;343.0;343.0;404.0;943.0;213.0;384.0;767.0;309.0;823.0;384.0;779.0;203.0;649.0;443.0;233.0;836.0;335.0;493.0;890.0;347.0;772.0;328.0;49.0;783.0;562.0;662.0;303.0;773.0;896.0;605.0;775.0
10;990.0;327.0;609.0;333.0;280.0;69.0;995.0;908.0;821.0;680.0;0.0;737.0;1119.0;874.0;1054.0;769.0;1047.0;1155.0;1168.0;515.0;937.0;809.0;911.0;647.0;351.0;877.0;494.0;1016.0;908.0;253.0;804.0;300.0;1198.0;274.0;828.0;411.0;1131.0;941.0;1215.0;625.0;776.0;796.0;1021.0;698.0;1138.0;684.0;505.0;516.0;946.0;896.0;957.0;876.0;921.0;621.0;745.0;1083.0;853.0;668.0;536.0;798.0;777.0;894.0;1292.0;886.0;471.0;115.0;897.0;381.0;1062.0;373.0;343.0;1271.0;702.0;213.0;282.0;40.0;1152.0;751.0;814.0;1090.0;214.0;254.0;526.0;809.0;464.0;816.0;520.0;865.0;284.0;851.0;467.0;587.0;294.0;449.0;578.0;306.0;869.0;602.0;745.0;255.0;881.0;960.0;947.0;521.0;609.0;534.0;595.0;939.0;1191.0;908.0;380.0;434.0;1010.0;799.0;890.0;798.0;671.0;749.0;889.0;477.0;715.0;891.0;1090.0;391.0;187.0;532.0;1065.0;1034.0;799.0;678.0;1227.0;909.0;683.0;926.0;1162.0;1165.0;947.0;896.0;413.0;1086.0;764.0;355.0;115.0;896.0;652.0;870.0;1190.0;1017.0;531.0;926.0;1137.0;776.0;653.0;923.0;362.0;1179.0;448.0;1009.0;1040.0;873.0;1207.0;799.0;722.0;334.0;721.0;92.0;904.0;518.0;601.0;563.0;1191.0;675.0;712.0;603.0;495.0;489.0;94.0;529.0;927.0;919.0;638.0;680.0;712.0;704.0;234.0;908.0;968.0;1088.0;465.0;671.0;1071.0;652.0;797.0;861.0;848.0;663.0;892.0;670.0;902.0;1042.0;944.0;807.0;276.0;1060.0;823.0;395.0;369.0;963.0;478.0;982.0;999.0;368.0;681.0;791.0;1267.0;885.0;746.0;1120.0;907.0;745.0;808.0;740.0;532.0;50.0;773.0;582.0;476.0;979.0;511.0;589.0;415.0;938.0;458.0;660.0;487.0;781.0;780.0;377.0;772.0;965.0;989.0;954.0
11;650.0;436.0;600.0;442.0;465.0;677.0;262.0;761.0;133.0;455.0;737.0;0.0;387.0;268.0;317.0;229.0;342.0;458.0;443.0;428.0;278.0;553.0;460.0;583.0;440.0;161.0;486.0;348.0;547.0;571.0;84.0;440.0;473.0;463.0;699.0;393.0;398.0;483.0;482.0;293.0;285.0;547.0;399.0;89.0;482.0;354.0;586.0;391.0;210.0;582.0;319.0;354.0;215.0;514.0;67.0;434.0;243.0;90.0;351.0;679.0;455.0;373.0;564.0;640.0;590.0;656.0;179.0;430.0;339.0;538.0;495.0;559.0;378.0;533.0;594.0;702.0;453.0;544.0;112.0;353.0;523.0;496.0;250.0;491.0;474.0;244.0;232.0;547.0;465.0;373.0;433.0;248.0;594.0;416.0;567.0;491.0;480.0;407.0;295.0;624.0;359.0;231.0;210.0;218.0;556.0;301.0;572.0;270.0;463.0;660.0;500.0;363.0;322.0;147.0;559.0;358.0;317.0;158.0;252.0;301.0;376.0;492.0;381.0;440.0;621.0;367.0;384.0;457.0;510.0;177.0;495.0;747.0;447.0;403.0;427.0;491.0;362.0;346.0;455.0;369.0;475.0;609.0;622.0;735.0;588.0;198.0;453.0;433.0;475.0;402.0;402.0;561.0;257.0;202.0;517.0;450.0;376.0;283.0;375.0;236.0;516.0;349.0;613.0;438.0;423.0;664.0;269.0;418.0;194.0;599.0;467.0;62.0;513.0;134.0;403.0;610.0;667.0;486.0;523.0;215.0;427.0;63.0;594.0;475.0;542.0;306.0;278.0;476.0;445.0;438.0;399.0;493.0;373.0;596.0;331.0;388.0;487.0;333.0;353.0;457.0;421.0;98.0;474.0;326.0;353.0;366.0;377.0;288.0;265.0;269.0;302.0;415.0;113.0;102.0;554.0;478.0;82.0;391.0;354.0;424.0;139.0;373.0;331.0;689.0;48.0;256.0;595.0;458.0;246.0;592.0;345.0;318.0;305.0;408.0;525.0;107.0;218.0;498.0;351.0;443.0;252.0;322.0
12;818.0;804.0;840.0;829.0;841.0;1061.0;125.0;874.0;357.0;756.0;1119.0;387.0;0.0;431.0;115.0;410.0;123.0;151.0;66.0;723.0;245.0;802.0;498.0;806.0;826.0;243.0;781.0;206.0;739.0;929.0;342.0;826.0;93.0;847.0;842.0;776.0;147.0;501.0;97.0;565.0;443.0;686.0;286.0;422.0;251.0;571.0;868.0;694.0;197.0;789.0;266.0;530.0;289.0;750.0;375.0;248.0;329.0;470.0;712.0;835.0;710.0;537.0;178.0;738.0;884.0;1042.0;224.0;813.0;69.0;915.0;878.0;192.0;579.0;919.0;943.0;1082.0;144.0;710.0;306.0;91.0;906.0;883.0;603.0;732.0;840.0;372.0;601.0;765.0;852.0;456.0;748.0;563.0;978.0;790.0;820.0;878.0;684.0;740.0;569.0;975.0;411.0;215.0;180.0;605.0;796.0;671.0;819.0;344.0;77.0;748.0;878.0;713.0;172.0;334.0;765.0;595.0;551.0;453.0;290.0;685.0;568.0;684.0;102.0;821.0;1009.0;727.0;175.0;361.0;644.0;464.0;109.0;855.0;747.0;414.0;58.0;220.0;337.0;501.0;832.0;76.0;738.0;938.0;1005.0;848.0;808.0;272.0;109.0;346.0;755.0;413.0;29.0;714.0;523.0;261.0;853.0;63.0;714.0;202.0;209.0;297.0;200.0;478.0;801.0;802.0;607.0;1042.0;285.0;776.0;530.0;858.0;88.0;447.0;701.0;519.0;769.0;897.0;1044.0;766.0;563.0;292.0;746.0;439.0;785.0;767.0;929.0;439.0;306.0;319.0;758.0;652.0;196.0;713.0;504.0;701.0;528.0;612.0;677.0;563.0;380.0;350.0;418.0;348.0;848.0;147.0;572.0;754.0;764.0;334.0;641.0;251.0;162.0;801.0;475.0;371.0;187.0;671.0;409.0;18.0;501.0;592.0;379.0;547.0;696.0;1070.0;362.0;619.0;887.0;570.0;611.0;841.0;732.0;292.0;691.0;719.0;818.0;342.0;392.0;877.0;503.0;423.0;153.0;274.0
13;411.0;630.0;862.0;543.0;637.0;807.0;339.0;1028.0;141.0;338.0;874.0;268.0;431.0;0.0;317.0;489.0;463.0;563.0;497.0;681.0;471.0;371.0;707.0;848.0;528.0;337.0;736.0;513.0;319.0;768.0;198.0;580.0;522.0;611.0;967.0;468.0;344.0;727.0;496.0;559.0;545.0;814.0;589.0;357.0;631.0;622.0;837.0;642.0;255.0;365.0;516.0;105.0;145.0;778.0;330.0;598.0;477.0;259.0;359.0;947.0;280.0;119.0;589.0;904.0;836.0;772.0;341.0;503.0;424.0;571.0;558.0;623.0;646.0;662.0;802.0;845.0;556.0;812.0;335.0;349.0;671.0;620.0;484.0;301.0;478.0;492.0;452.0;337.0;591.0;625.0;677.0;505.0;651.0;450.0;827.0;578.0;258.0;346.0;158.0;826.0;601.0;219.0;289.0;387.0;818.0;343.0;833.0;93.0;502.0;923.0;541.0;588.0;473.0;390.0;340.0;165.0;584.0;139.0;468.0;397.0;644.0;262.0;485.0;500.0;717.0;369.0;526.0;661.0;776.0;445.0;513.0;1013.0;328.0;638.0;437.0;620.0;580.0;84.0;494.0;461.0;309.0;834.0;764.0;1001.0;853.0;407.0;432.0;638.0;731.0;637.0;428.0;829.0;524.0;178.0;740.0;487.0;608.0;232.0;535.0;457.0;620.0;609.0;881.0;637.0;691.0;821.0;481.0;408.0;449.0;856.0;518.0;301.0;781.0;341.0;413.0;858.0;825.0;741.0;774.0;142.0;339.0;317.0;862.0;344.0;646.0;40.0;135.0;658.0;689.0;706.0;548.0;759.0;635.0;860.0;97.0;655.0;255.0;601.0;587.0;657.0;654.0;180.0;652.0;294.0;141.0;479.0;511.0;113.0;467.0;183.0;447.0;508.0;225.0;168.0;618.0;247.0;192.0;444.0;90.0;691.0;130.0;639.0;353.0;831.0;225.0;293.0;842.0;192.0;468.0;853.0;461.0;526.0;418.0;309.0;774.0;354.0;475.0;541.0;615.0;673.0;288.0;522.0
14;704.0;751.0;839.0;750.0;781.0;993.0;91.0;911.0;258.0;647.0;1054.0;317.0;115.0;317.0;0.0;403.0;189.0;260.0;181.0;701.0;273.0;688.0;542.0;810.0;744.0;207.0;760.0;266.0;624.0;882.0;255.0;756.0;205.0;780.0;871.0;691.0;90.0;551.0;184.0;545.0;447.0;711.0;352.0;372.0;348.0;568.0;853.0;668.0;108.0;674.0;307.0;415.0;178.0;748.0;323.0;332.0;336.0;389.0;616.0;860.0;597.0;422.0;277.0;776.0;865.0;970.0;192.0;728.0;131.0;824.0;792.0;306.0;581.0;848.0;901.0;1018.0;252.0;728.0;264.0;38.0;840.0;810.0;555.0;618.0;744.0;375.0;545.0;650.0;779.0;484.0;719.0;528.0;891.0;698.0;815.0;796.0;569.0;636.0;459.0;932.0;443.0;107.0;113.0;533.0;794.0;579.0;815.0;229.0;185.0;789.0;788.0;668.0;224.0;308.0;650.0;482.0;541.0;352.0;304.0;601.0;573.0;569.0;192.0;734.0;931.0;630.0;254.0;431.0;669.0;432.0;200.0;894.0;637.0;458.0;124.0;325.0;383.0;386.0;741.0;163.0;625.0;905.0;939.0;885.0;813.0;264.0;138.0;412.0;739.0;458.0;111.0;736.0;502.0;154.0;817.0;170.0;675.0;87.0;279.0;305.0;312.0;495.0;816.0;751.0;616.0;981.0;306.0;678.0;486.0;851.0;200.0;379.0;712.0;450.0;673.0;881.0;984.0;750.0;611.0;181.0;639.0;376.0;798.0;656.0;852.0;324.0;190.0;402.0;730.0;654.0;278.0;716.0;522.0;736.0;413.0;609.0;562.0;556.0;416.0;422.0;467.0;257.0;790.0;39.0;458.0;675.0;690.0;219.0;581.0;136.0;203.0;719.0;387.0;278.0;301.0;555.0;319.0;130.0;385.0;604.0;278.0;556.0;601.0;1006.0;282.0;526.0;869.0;456.0;557.0;837.0;654.0;330.0;611.0;611.0;798.0;302.0;384.0;788.0;515.0;478.0;66.0;316.0
15;879.0;442.0;436.0;547.0;492.0;722.0;314.0;542.0;348.0;668.0;769.0;229.0;410.0;489.0;403.0;0.0;304.0;398.0;438.0;316.0;178.0;777.0;234.0;407.0;556.0;200.0;372.0;254.0;776.0;546.0;291.0;510.0;466.0;520.0;488.0;527.0;493.0;260.0;502.0;159.0;57.0;329.0;253.0;157.0;369.0;165.0;458.0;290.0;326.0;810.0;190.0;581.0;396.0;345.0;162.0;314.0;88.0;292.0;533.0;472.0;680.0;600.0;559.0;416.0;474.0;716.0;212.0;558.0;341.0;677.0;620.0;519.0;179.0;598.0;551.0;729.0;397.0;336.0;162.0;427.0;568.0;570.0;250.0;717.0;639.0;48.0;271.0;775.0;544.0;146.0;346.0;182.0;711.0;572.0;413.0;599.0;709.0;607.0;522.0;585.0;144.0;370.0;299.0;333.0;391.0;476.0;413.0;467.0;467.0;434.0;639.0;336.0;258.0;106.0;787.0;587.0;141.0;387.0;128.0;443.0;172.0;721.0;346.0;575.0;704.0;548.0;305.0;279.0;290.0;103.0;510.0;527.0;661.0;192.0;466.0;398.0;184.0;570.0;602.0;353.0;698.0;535.0;660.0;515.0;410.0;141.0;510.0;259.0;345.0;192.0;436.0;349.0;120.0;368.0;457.0;458.0;328.0;418.0;275.0;116.0;444.0;120.0;418.0;435.0;217.0;682.0;141.0;597.0;179.0;450.0;459.0;231.0;314.0;265.0;574.0;487.0;683.0;356.0;295.0;398.0;634.0;209.0;400.0;691.0;627.0;524.0;461.0;324.0;355.0;251.0;307.0;313.0;146.0;371.0;559.0;206.0;716.0;154.0;150.0;285.0;212.0;309.0;493.0;432.0;582.0;478.0;467.0;480.0;316.0;429.0;256.0;531.0;329.0;322.0;515.0;707.0;312.0;403.0;577.0;210.0;360.0;159.0;509.0;719.0;265.0;445.0;478.0;681.0;273.0;435.0;460.0;169.0;434.0;620.0;408.0;135.0;19.0;636.0;127.0;236.0;345.0;186.0
16;869.0;724.0;724.0;778.0;767.0;993.0;125.0;750.0;356.0;762.0;1047.0;342.0;123.0;463.0;189.0;304.0;0.0;116.0;135.0;620.0;129.0;828.0;375.0;689.0;778.0;181.0;676.0;84.0;781.0;841.0;322.0;763.0;162.0;781.0;719.0;733.0;256.0;378.0;203.0;463.0;330.0;564.0;167.0;352.0;168.0;459.0;759.0;594.0;208.0;828.0;143.0;567.0;320.0;635.0;309.0;144.0;218.0;431.0;689.0;713.0;731.0;579.0;255.0;614.0;777.0;979.0;163.0;770.0;61.0;879.0;835.0;224.0;464.0;856.0;851.0;1008.0;111.0;589.0;239.0;188.0;836.0;822.0;522.0;759.0;814.0;261.0;527.0;800.0;792.0;334.0;649.0;472.0;934.0;758.0;707.0;828.0;721.0;732.0;578.0;884.0;288.0;248.0;175.0;549.0;681.0;641.0;704.0;389.0;164.0;625.0;841.0;626.0;50.0;248.0;803.0;617.0;442.0;447.0;178.0;641.0;453.0;724.0;43.0;781.0;952.0;704.0;66.0;244.0;522.0;374.0;209.0;732.0;753.0;291.0;181.0;159.0;213.0;542.0;797.0;51.0;758.0;839.0;934.0;724.0;691.0;177.0;232.0;227.0;648.0;290.0;152.0;592.0;423.0;285.0;759.0;158.0;624.0;262.0;91.0;188.0;175.0;359.0;681.0;720.0;489.0;965.0;169.0;755.0;447.0;745.0;155.0;394.0;581.0;463.0;743.0;789.0;967.0;658.0;440.0;323.0;744.0;381.0;665.0;777.0;872.0;481.0;358.0;213.0;658.0;536.0;90.0;598.0;384.0;577.0;559.0;499.0;718.0;454.0;258.0;235.0;295.0;335.0;772.0;228.0;599.0;702.0;706.0;386.0;571.0;304.0;49.0;752.0;446.0;359.0;220.0;710.0;386.0;110.0;544.0;473.0;378.0;431.0;669.0;997.0;331.0;593.0;780.0;628.0;535.0;727.0;681.0;170.0;643.0;720.0;712.0;268.0;287.0;840.0;386.0;301.0;180.0;151.0
17;961.0;831.0;795.0;892.0;875.0;1103.0;226.0;780.0;466.0;872.0;1155.0;458.0;151.0;563.0;260.0;398.0;116.0;0.0;105.0;710.0;221.0;932.0;411.0;756.0;893.0;297.0;764.0;145.0;878.0;943.0;436.0;875.0;111.0;892.0;760.0;849.0;297.0;405.0;174.0;557.0;413.0;613.0;189.0;465.0;108.0;540.0;840.0;687.0;311.0;926.0;213.0;665.0;418.0;708.0;423.0;127.0;310.0;547.0;805.0;758.0;837.0;675.0;180.0;646.0;861.0;1091.0;279.0;886.0;139.0;995.0;951.0;121.0;540.0;968.0;949.0;1117.0;8.0;645.0;354.0;242.0;947.0;935.0;630.0;863.0;930.0;352.0;638.0;900.0;905.0;393.0;743.0;574.0;1049.0;874.0;782.0;943.0;820.0;846.0;687.0;983.0;346.0;344.0;282.0;663.0;754.0;757.0;777.0;482.0;129.0;652.0;957.0;730.0;145.0;357.0;902.0;722.0;529.0;559.0;271.0;757.0;528.0;822.0;80.0;897.0;1066.0;820.0;93.0;248.0;572.0;479.0;170.0;761.0;863.0;332.0;189.0;69.0;262.0;639.0;913.0;102.0;864.0;932.0;1043.0;755.0;757.0;286.0;237.0;240.0;733.0;331.0;172.0;644.0;519.0;385.0;855.0;135.0;725.0;344.0;128.0;285.0;59.0;429.0;737.0;826.0;558.0;1072.0;258.0;871.0;554.0;821.0;107.0;509.0;644.0;578.0;858.0;871.0;1073.0;743.0;467.0;421.0;856.0;496.0;724.0;886.0;986.0;576.0;446.0;190.0;752.0;610.0;98.0;669.0;450.0;614.0;660.0;579.0;815.0;539.0;315.0;235.0;329.0;447.0;879.0;295.0;702.0;817.0;820.0;475.0;682.0;391.0;159.0;868.0;562.0;472.0;118.0;808.0;501.0;134.0;639.0;539.0;489.0;503.0;785.0;1106.0;447.0;709.0;864.0;715.0;645.0;800.0;796.0;239.0;759.0;831.0;798.0;381.0;383.0;956.0;458.0;327.0;275.0;219.0
18;882.0;849.0;858.0;885.0;889.0;1112.0;184.0;869.0;422.0;822.0;1168.0;443.0;66.0;497.0;181.0;438.0;135.0;105.0;0.0;754.0;264.0;869.0;495.0;822.0;883.0;291.0;810.0;206.0;804.0;970.0;403.0;878.0;30.0;898.0;844.0;834.0;198.0;494.0;74.0;596.0;465.0;691.0;275.0;470.0;212.0;593.0;894.0;727.0;261.0;855.0;273.0;596.0;356.0;769.0;424.0;223.0;352.0;528.0;775.0;839.0;776.0;603.0;124.0;734.0;912.0;1095.0;272.0;871.0;106.0;976.0;937.0;126.0;598.0;971.0;981.0;1130.0;99.0;719.0;354.0;154.0;955.0;936.0;647.0;799.0;903.0;396.0;648.0;831.0;905.0;464.0;782.0;602.0;1036.0;851.0;842.0;934.0;750.0;805.0;635.0;1015.0;417.0;281.0;241.0;659.0;815.0;732.0;838.0;410.0;30.0;742.0;938.0;754.0;184.0;373.0;831.0;661.0;577.0;517.0;312.0;742.0;587.0;750.0;96.0;880.0;1063.0;790.0;163.0;343.0;649.0;503.0;76.0;850.0;813.0;412.0;85.0;174.0;337.0;567.0;892.0;85.0;805.0;972.0;1054.0;844.0;824.0;306.0;132.0;331.0;783.0;411.0;75.0;721.0;555.0;327.0;890.0;30.0;754.0;268.0;200.0;323.0;142.0;492.0;811.0;846.0;622.0;1088.0;304.0;839.0;572.0;880.0;24.0;501.0;713.0;572.0;830.0;923.0;1090.0;793.0;556.0;359.0;811.0;492.0;796.0;833.0;984.0;505.0;371.0;291.0;792.0;670.0;179.0;731.0;516.0;699.0;594.0;634.0;743.0;589.0;386.0;331.0;413.0;410.0;895.0;211.0;638.0;809.0;818.0;400.0;690.0;317.0;183.0;857.0;535.0;434.0;121.0;736.0;470.0;55.0;566.0;605.0;443.0;564.0;758.0;1118.0;421.0;681.0;915.0;634.0;658.0;861.0;788.0;301.0;748.0;784.0;846.0;387.0;421.0;937.0;519.0;415.0;217.0;281.0
19;996.0;224.0;193.0;426.0;283.0;487.0;618.0;455.0;559.0;713.0;515.0;428.0;723.0;681.0;701.0;316.0;620.0;710.0;754.0;0.0;493.0;849.0;400.0;199.0;447.0;494.0;59.0;565.0;891.0;265.0;512.0;351.0;782.0;340.0;375.0;454.0;790.0;429.0;817.0;158.0;298.0;292.0;545.0;344.0;666.0;180.0;158.0;38.0;607.0;909.0;497.0;744.0;642.0;138.0;389.0;612.0;403.0;423.0;534.0;346.0;766.0;765.0;875.0;392.0;165.0;500.0;510.0;467.0;656.0;575.0;507.0;832.0;193.0;407.0;253.0;475.0;709.0;252.0;437.0;730.0;360.0;399.0;202.0;807.0;586.0;360.0;242.0;871.0;386.0;350.0;49.0;181.0;570.0;520.0;153.0;467.0;828.0;629.0;639.0;288.0;388.0;643.0;590.0;333.0;158.0;484.0;165.0;697.0;782.0;415.0;544.0;142.0;574.0;394.0;891.0;711.0;182.0;545.0;443.0;414.0;206.0;846.0;662.0;490.0;517.0;545.0;617.0;540.0;288.0;270.0;826.0;449.0;709.0;427.0;778.0;701.0;466.0;746.0;527.0;669.0;773.0;222.0;426.0;436.0;204.0;452.0;820.0;527.0;52.0;428.0;748.0;279.0;201.0;624.0;159.0;774.0;110.0;695.0;584.0;432.0;752.0;301.0;262.0;209.0;206.0;423.0;454.0;578.0;234.0;178.0;775.0;381.0;210.0;344.0;547.0;183.0;421.0;62.0;412.0;642.0;668.0;368.0;245.0;740.0;457.0;721.0;706.0;601.0;50.0;156.0;615.0;152.0;291.0;359.0;716.0;151.0;844.0;174.0;415.0;550.0;443.0;526.0;273.0;723.0;719.0;390.0;354.0;716.0;251.0;691.0;572.0;431.0;460.0;525.0;828.0;834.0;491.0;718.0;756.0;230.0;560.0;232.0;511.0;469.0;476.0;488.0;169.0;857.0;226.0;179.0;385.0;473.0;390.0;667.0;98.0;399.0;333.0;540.0;271.0;462.0;637.0;492.0
20;882.0;611.0;596.0;688.0;657.0;886.0;183.0;639.0;340.0;729.0;937.0;278.0;245.0;471.0;273.0;178.0;129.0;221.0;264.0;493.0;0.0;814.0;270.0;561.0;692.0;136.0;548.0;80.0;786.0;722.0;292.0;663.0;290.0;678.0;602.0;653.0;356.0;280.0;331.0;338.0;201.0;444.0;122.0;259.0;210.0;330.0;630.0;468.0;237.0;828.0;45.0;574.0;341.0;506.0;226.0;159.0;90.0;366.0;628.0;593.0;715.0;589.0;382.0;504.0;649.0;876.0;130.0;688.0;176.0;802.0;752.0;341.0;335.0;755.0;729.0;898.0;219.0;466.0;166.0;286.0;731.0;723.0;412.0;748.0;748.0;134.0;423.0;796.0;695.0;214.0;524.0;354.0;849.0;686.0;578.0;739.0;721.0;685.0;555.0;763.0;171.0;286.0;201.0;460.0;553.0;576.0;576.0;417.0;293.0;517.0;764.0;509.0;81.0;147.0;804.0;607.0;314.0;416.0;50.0;562.0;324.0;729.0;169.0;701.0;856.0;644.0;129.0;190.0;401.0;259.0;338.0;622.0;720.0;187.0;303.0;230.0;115.0;555.0;722.0;180.0;739.0;713.0;826.0;613.0;564.0;81.0;352.0;167.0;520.0;186.0;273.0;471.0;298.0;306.0;635.0;286.0;504.0;319.0;105.0;64.0;270.0;233.0;556.0;606.0;362.0;853.0;40.0;695.0;336.0;617.0;283.0;317.0;455.0;378.0;678.0;660.0;854.0;530.0;339.0;344.0;704.0;300.0;540.0;747.0;777.0;498.0;396.0;198.0;533.0;408.0;135.0;469.0;259.0;464.0;560.0;370.0;723.0;325.0;144.0;187.0;197.0;308.0;661.0;309.0;594.0;614.0;612.0;422.0;468.0;349.0;83.0;666.0;391.0;331.0;337.0;714.0;344.0;235.0;559.0;346.0;360.0;303.0;606.0;887.0;286.0;533.0;652.0;654.0;429.0;598.0;594.0;60.0;560.0;683.0;584.0;180.0;163.0;762.0;258.0;212.0;233.0;52.0
21;182.0;699.0;1042.0;511.0;674.0;742.0;707.0;1273.0;476.0;141.0;809.0;553.0;802.0;371.0;688.0;777.0;828.0;932.0;869.0;849.0;814.0;0.0;1011.0;1044.0;486.0;679.0;891.0;868.0;121.0;816.0;522.0;587.0;893.0;619.0;1200.0;440.0;706.0;1036.0;865.0;782.0;830.0;1066.0;936.0;621.0;993.0;864.0;983.0;813.0;622.0;90.0;859.0;275.0;515.0;977.0;620.0;956.0;795.0;487.0;323.0;1175.0;99.0;273.0;957.0;1167.0;969.0;694.0;689.0;453.0;793.0;437.0;470.0;994.0;892.0;628.0;862.0;795.0;925.0;1049.0;656.0;719.0;664.0;594.0;655.0;70.0;346.0;797.0;612.0;69.0;576.0;924.0;824.0;712.0;520.0;379.0;1001.0;514.0;133.0;229.0;260.0;873.0;912.0;590.0;653.0;518.0;1006.0;366.0;1013.0;460.0;873.0;1189.0;429.0;716.0;831.0;700.0;92.0;211.0;825.0;400.0;799.0;440.0;895.0;145.0;854.0;435.0;623.0;316.0;888.0;1002.0;1035.0;698.0;881.0;1262.0;143.0;956.0;806.0;987.0;912.0;307.0;403.0;830.0;79.0;922.0;726.0;1248.0;1050.0;740.0;796.0;978.0;901.0;956.0;799.0;1071.0;763.0;547.0;838.0;858.0;746.0;602.0;893.0;785.0;990.0;893.0;1096.0;714.0;937.0;793.0;815.0;305.0;662.0;1021.0;889.0;547.0;1010.0;536.0;335.0;995.0;800.0;909.0;1072.0;512.0;188.0;569.0;1077.0;113.0;583.0;366.0;501.0;1010.0;834.0;932.0;909.0;972.0;915.0;1123.0;275.0;886.0;152.0;840.0;906.0;1001.0;974.0;506.0;693.0;663.0;231.0;494.0;537.0;474.0;597.0;553.0;806.0;482.0;449.0;484.0;989.0;152.0;475.0;816.0;310.0;945.0;455.0;900.0;343.0;780.0;531.0;363.0;976.0;290.0;626.0;1027.0;488.0;863.0;467.0;182.0;922.0;660.0;769.0;433.0;890.0;996.0;658.0;864.0
22;1107.0;597.0;413.0;747.0;654.0;877.0;453.0;375.0;566.0;902.0;911.0;460.0;498.0;707.0;542.0;234.0;375.0;411.0;495.0;400.0;270.0;1011.0;0.0;368.0;760.0;380.0;436.0;292.0;1005.0;664.0;510.0;695.0;513.0;697.0;350.0;741.0;623.0;30.0;569.0;301.0;184.0;206.0;222.0;391.0;326.0;229.0;483.0;395.0;500.0;1041.0;236.0;804.0;594.0;339.0;392.0;285.0;231.0;526.0;761.0;348.0;913.0;822.0;591.0;240.0;512.0;882.0;382.0;768.0;433.0;887.0;825.0;522.0;209.0;773.0;652.0;871.0;413.0;244.0;372.0;553.0;734.0;752.0;441.0;950.0;860.0;217.0;475.0;1006.0;731.0;88.0;446.0;363.0;910.0;792.0;412.0;797.0;939.0;839.0;754.0;687.0;106.0;549.0;465.0;552.0;378.0;705.0;402.0;669.0;525.0;250.0;850.0;489.0;327.0;319.0;1018.0;817.0;249.0;618.0;249.0;663.0;196.0;950.0;402.0;787.0;884.0;777.0;332.0;172.0;168.0;325.0;570.0;357.0;895.0;84.0;555.0;371.0;162.0;790.0;817.0;424.0;932.0;609.0;814.0;350.0;368.0;305.0;607.0;173.0;398.0;85.0;527.0;238.0;290.0;561.0;558.0;523.0;468.0;587.0;295.0;255.0;429.0;128.0;335.0;585.0;197.0;820.0;241.0;824.0;387.0;448.0;508.0;465.0;255.0;494.0;799.0;513.0;819.0;405.0;70.0;596.0;867.0;443.0;324.0;925.0;812.0;739.0;654.0;241.0;450.0;253.0;317.0;297.0;119.0;204.0;785.0;249.0;945.0;245.0;127.0;185.0;82.0;529.0;650.0;578.0;810.0;685.0;666.0;678.0;516.0;612.0;343.0;737.0;563.0;546.0;520.0;935.0;541.0;485.0;796.0;173.0;582.0;171.0;737.0;864.0;490.0;677.0;512.0;897.0;471.0;422.0;670.0;212.0;650.0;854.0;459.0;357.0;242.0;847.0;147.0;85.0;501.0;227.0
