Vehicle:
Average speed:;1321
Time limit:;5546.21
Fuel comsumption rate:;1
Fuel Capacity:;3102
Depot:
ID;X;Y;Service Time
0;0;0;0
Customers:
ID;X;Y;Service Time
1;927;318;11.1949
2;319;475;11.1949
3;471;281;11.1949
4;894;615;11.1949
5;712;832;11.1949
6;677;210;11.1949
7;336;967;11.1949
8;490;360;11.1949
9;367;685;11.1949
10;153;169;11.1949
11;799;63;11.1949
12;247;455;11.1949
13;492;585;11.1949
14;131;701;11.1949
15;309;721;11.1949
16;210;256;11.1949
17;511;753;11.1949
18;447;796;11.1949
19;394;856;11.1949
20;131;13;11.1949
21;181;425;11.1949
22;892;585;11.1949
23;161;651;11.1949
24;964;365;11.1949
25;82;353;11.1949
26;706;842;11.1949
27;793;53;11.1949
28;364;841;11.1949
29;126;306;11.1949
30;86;477;11.1949
31;51;277;11.1949
32;192;360;11.1949
33;52;568;11.1949
34;682;45;11.1949
35;778;300;11.1949
36;10;737;11.1949
37;928;438;11.1949
38;95;240;11.1949
39;391;368;11.1949
40;586;170;11.1949
41;645;731;11.1949
42;381;396;11.1949
43;387;491;11.1949
44;388;753;11.1949
45;429;276;11.1949
46;547;989;11.1949
47;840;945;11.1949
48;88;969;11.1949
49;331;421;11.1949
50;55;132;11.1949
51;904;771;11.1949
52;63;190;11.1949
53;731;528;11.1949
54;320;84;11.1949
55;308;276;11.1949
56;891;182;11.1949
57;836;473;11.1949
58;209;741;11.1949
59;864;533;11.1949
60;852;600;11.1949
61;180;150;11.1949
62;544;140;11.1949
63;956;881;11.1949
64;432;487;11.1949
65;129;968;11.1949
66;597;962;11.1949
67;51;423;11.1949
68;827;605;11.1949
69;776;619;11.1949
70;354;297;11.1949
71;311;129;11.1949
72;552;106;11.1949
73;24;318;11.1949
74;148;944;11.1949
75;502;869;11.1949
76;396;492;11.1949
77;815;500;11.1949
78;425;338;11.1949
79;178;511;11.1949
80;168;274;11.1949
81;775;603;11.1949
82;481;465;11.1949
83;281;777;11.1949
84;216;211;11.1949
85;784;740;11.1949
86;127;992;11.1949
87;544;117;11.1949
88;92;170;11.1949
89;846;755;11.1949
90;614;326;11.1949
91;180;372;11.1949
92;720;252;11.1949
93;262;291;11.1949
94;171;186;11.1949
95;868;613;11.1949
96;291;119;11.1949
97;427;974;11.1949
98;481;557;11.1949
99;403;645;11.1949
100;819;502;11.1949
101;915;919;11.1949
102;581;85;11.1949
103;527;743;11.1949
104;953;893;11.1949
105;955;912;11.1949
106;269;924;11.1949
107;216;84;11.1949
108;601;952;11.1949
109;441;439;11.1949
110;170;949;11.1949
111;614;92;11.1949
112;439;212;11.1949
113;413;509;11.1949
114;545;336;11.1949
115;50;806;11.1949
116;166;86;11.1949
117;658;870;11.1949
118;122;511;11.1949
AFSs:
ID;X;Y;Service Time
119;178;170;1321
Distance matrix:
;0;1;2;3;4;5;6;7;8;9;10;11;12;13;14;15;16;17;18;19;20;21;22;23;24;25;26;27;28;29;30;31;32;33;34;35;36;37;38;39;40;41;42;43;44;45;46;47;48;49;50;51;52;53;54;55;56;57;58;59;60;61;62;63;64;65;66;67;68;69;70;71;72;73;74;75;76;77;78;79;80;81;82;83;84;85;86;87;88;89;90;91;92;93;94;95;96;97;98;99;100;101;102;103;104;105;106;107;108;109;110;111;112;113;114;115;116;117;118;119
0;0.0;980.0;572.0;548.0;1085.0;1095.0;709.0;1024.0;608.0;777.0;228.0;801.0;518.0;764.0;713.0;784.0;331.0;910.0;913.0;942.0;132.0;462.0;1067.0;671.0;1031.0;362.0;1099.0;795.0;916.0;331.0;485.0;282.0;408.0;570.0;683.0;834.0;737.0;1026.0;258.0;537.0;610.0;975.0;550.0;625.0;847.0;510.0;1130.0;1264.0;973.0;536.0;143.0;1188.0;200.0;902.0;331.0;414.0;909.0;961.0;770.0;1015.0;1042.0;234.0;562.0;1300.0;651.0;977.0;1132.0;426.0;1025.0;993.0;462.0;337.0;562.0;319.0;956.0;1004.0;632.0;956.0;543.0;541.0;321.0;982.0;669.0;826.0;302.0;1078.0;1000.0;556.0;193.0;1134.0;695.0;413.0;763.0;392.0;253.0;1063.0;314.0;1063.0;736.0;761.0;961.0;1297.0;587.0;911.0;1306.0;1321.0;962.0;232.0;1126.0;622.0;964.0;621.0;488.0;655.0;640.0;808.0;187.0;1091.0;525.0;246.0
1;980.0;0.0;628.0;457.0;299.0;557.0;272.0;878.0;439.0;670.0;788.0;285.0;694.0;510.0;883.0;738.0;720.0;602.0;677.0;757.0;852.0;754.0;269.0;835.0;60.0;846.0;569.0;297.0;768.0;801.0;856.0;877.0;736.0;910.0;367.0;150.0;1008.0;120.0;836.0;538.0;372.0;500.0;552.0;567.0;693.0;500.0;771.0;633.0;1062.0;605.0;892.0;454.0;873.0;287.0;651.0;620.0;141.0;180.0;833.0;224.0;292.0;766.0;422.0;564.0;523.0;1029.0;724.0;882.0;304.0;337.0;573.0;644.0;431.0;903.0;999.0;696.0;559.0;214.0;502.0;773.0;760.0;323.0;470.0;792.0;719.0;446.0;1046.0;433.0;848.0;444.0;313.0;749.0;217.0;666.0;767.0;301.0;666.0;825.0;506.0;618.0;213.0;601.0;417.0;584.0;576.0;595.0;895.0;749.0;713.0;501.0;985.0;386.0;499.0;548.0;382.0;1004.0;796.0;614.0;828.0;763.0
2;572.0;628.0;0.0;246.0;592.0;531.0;445.0;492.0;206.0;215.0;348.0;633.0;75.0;205.0;294.0;246.0;245.0;338.0;346.0;388.0;499.0;147.0;583.0;237.0;654.0;267.0;533.0;635.0;369.0;257.0;233.0;333.0;171.0;283.0;563.0;491.0;405.0;610.0;325.0;129.0;405.0;415.0;100.0;70.0;286.0;227.0;562.0;702.0;545.0;55.0;433.0;656.0;383.0;415.0;391.0;199.0;643.0;517.0;288.0;548.0;547.0;353.0;404.0;755.0;114.0;528.0;561.0;273.0;524.0;479.0;181.0;346.0;436.0;334.0;499.0;434.0;79.0;497.0;173.0;146.0;251.0;474.0;162.0;304.0;283.0;535.0;552.0;423.0;380.0;597.0;330.0;173.0;459.0;193.0;325.0;566.0;357.0;511.0;182.0;190.0;501.0;743.0;470.0;339.0;759.0;772.0;452.0;404.0;554.0;127.0;497.0;483.0;289.0;100.0;265.0;427.0;418.0;521.0;200.0;336.0
3;548.0;457.0;246.0;0.0;539.0;601.0;218.0;699.0;81.0;417.0;337.0;394.0;284.0;305.0;540.0;469.0;262.0;474.0;516.0;580.0;433.0;324.0;519.0;483.0;500.0;396.0;608.0;395.0;570.0;346.0;432.0;420.0;290.0;508.0;317.0;308.0;648.0;483.0;378.0;118.0;160.0;482.0;146.0;226.0;479.0;42.0;712.0;760.0;787.0;198.0;442.0;654.0;418.0;359.0;248.0;163.0;432.0;412.0;529.0;467.0;497.0;319.0;159.0;772.0;210.0;767.0;693.0;443.0;481.0;455.0;118.0;221.0;193.0;449.0;737.0;589.0;224.0;408.0;73.0;372.0;303.0;443.0;184.0;531.0;264.0;556.0;790.0;180.0;395.0;604.0;150.0;305.0;251.0;209.0;315.0;518.0;242.0;694.0;276.0;370.0;412.0;777.0;225.0;465.0;779.0;795.0;674.0;322.0;683.0;161.0;733.0;237.0;76.0;235.0;92.0;673.0;362.0;618.0;418.0;313.0
4;1085.0;299.0;592.0;539.0;0.0;283.0;459.0;660.0;478.0;532.0;865.0;560.0;666.0;403.0;768.0;595.0;772.0;407.0;482.0;555.0;972.0;738.0;30.0;734.0;260.0;853.0;295.0;571.0;576.0;828.0;820.0;908.0;747.0;843.0;608.0;336.0;892.0;180.0;883.0;560.0;541.0;275.0;558.0;522.0;524.0;575.0;510.0;334.0;880.0;595.0;968.0;156.0;933.0;185.0;782.0;677.0;433.0;153.0;696.0;87.0;45.0;852.0;590.0;273.0;479.0;843.0;457.0;865.0;68.0;118.0;627.0;759.0;613.0;919.0;815.0;467.0;513.0;140.0;545.0;724.0;802.0;120.0;439.0;634.0;789.0;167.0;855.0;609.0;917.0;148.0;402.0;754.0;403.0;710.0;841.0;26.0;781.0;589.0;417.0;492.0;136.0;305.0;616.0;389.0;284.0;303.0;697.0;861.0;447.0;486.0;797.0;593.0;608.0;493.0;447.0;865.0;900.0;347.0;779.0;843.0
5;1095.0;557.0;531.0;601.0;283.0;0.0;623.0;400.0;522.0;375.0;867.0;774.0;599.0;331.0;596.0;418.0;764.0;216.0;267.0;319.0;1004.0;669.0;306.0;580.0;531.0;791.0;12.0;783.0;348.0;787.0;720.0;863.0;702.0;711.0;788.0;536.0;708.0;449.0;855.0;564.0;674.0;121.0;547.0;471.0;333.0;624.0;228.0;171.0;639.0;560.0;960.0;201.0;913.0;305.0;844.0;687.0;674.0;380.0;511.0;335.0;271.0;865.0;712.0;249.0;444.0;599.0;174.0;777.0;254.0;222.0;644.0;809.0;743.0;859.0;575.0;213.0;464.0;348.0;571.0;623.0;779.0;238.0;434.0;434.0;795.0;117.0;606.0;734.0;907.0;155.0;515.0;703.0;580.0;704.0;843.0;269.0;828.0;318.0;359.0;361.0;347.0;221.0;758.0;205.0;249.0;256.0;452.0;898.0;163.0;477.0;554.0;746.0;677.0;440.0;523.0;663.0;924.0;66.0;672.0;851.0
6;709.0;272.0;445.0;218.0;459.0;623.0;0.0;830.0;240.0;567.0;526.0;191.0;495.0;418.0;734.0;630.0;469.0;568.0;630.0;705.0;580.0;541.0;432.0;679.0;326.0;612.0;633.0;195.0;704.0;559.0;649.0;630.0;508.0;720.0;165.0;135.0;850.0;339.0;583.0;327.0;99.0;522.0;350.0;404.0;615.0;257.0;790.0;753.0;961.0;405.0;627.0;605.0;614.0;323.0;379.0;375.0;216.0;307.0;708.0;373.0;427.0;501.0;150.0;727.0;370.0;935.0;756.0;661.0;423.0;421.0;335.0;375.0;163.0;662.0;905.0;682.0;398.0;321.0;283.0;583.0;513.0;405.0;322.0;692.0;461.0;541.0;956.0;162.0;586.0;571.0;132.0;523.0;60.0;423.0;507.0;446.0;397.0;804.0;399.0;514.0;325.0;748.0;158.0;554.0;737.0;755.0;822.0;478.0;746.0;329.0;896.0;134.0;238.0;399.0;182.0;865.0;526.0;660.0;631.0;501.0
7;1024.0;878.0;492.0;699.0;660.0;400.0;830.0;0.0;626.0;284.0;819.0;1016.0;520.0;413.0;336.0;247.0;722.0;276.0;204.0;125.0;976.0;564.0;675.0;361.0;870.0;664.0;391.0;1022.0;129.0;694.0;550.0;747.0;624.0;490.0;985.0;800.0;399.0;794.0;766.0;602.0;835.0;389.0;573.0;479.0;220.0;697.0;212.0;504.0;248.0;546.0;881.0;601.0;824.0;591.0;883.0;692.0;961.0;703.0;259.0;683.0;633.0;832.0;853.0;626.0;490.0;207.0;261.0;614.0;610.0;561.0;670.0;838.0;888.0;720.0;189.0;193.0;479.0;669.0;635.0;483.0;713.0;570.0;523.0;198.0;765.0;502.0;210.0;875.0;834.0;552.0;699.0;615.0;812.0;680.0;798.0;639.0;849.0;91.0;435.0;329.0;670.0;581.0;915.0;294.0;621.0;621.0;80.0;891.0;265.0;538.0;167.0;918.0;762.0;464.0;665.0;328.0;897.0;336.0;504.0;813.0
8;608.0;439.0;206.0;81.0;478.0;522.0;240.0;626.0;0.0;347.0;387.0;429.0;261.0;225.0;495.0;404.0;299.0;394.0;438.0;505.0;499.0;316.0;461.0;439.0;474.0;408.0;528.0;431.0;497.0;368.0;421.0;447.0;298.0;485.0;369.0;294.0;610.0;445.0;413.0;99.0;213.0;402.0;115.0;167.0;406.0;104.0;632.0;682.0;730.0;170.0;491.0;583.0;460.0;294.0;324.0;200.0;439.0;364.0;473.0;412.0;434.0;374.0;227.0;699.0;140.0;707.0;611.0;443.0;417.0;386.0;150.0;292.0;261.0;468.0;677.0;509.0;162.0;354.0;69.0;347.0;333.0;375.0;105.0;466.0;312.0;480.0;729.0;249.0;441.0;532.0;129.0;310.0;254.0;238.0;363.0;455.0;313.0;617.0;197.0;298.0;358.0;702.0;290.0;385.0;706.0;722.0;606.0;389.0;602.0;93.0;670.0;295.0;157.0;168.0;60.0;627.0;424.0;537.0;398.0;365.0
9;777.0;670.0;215.0;417.0;532.0;375.0;567.0;284.0;347.0;0.0;559.0;757.0;259.0;160.0;237.0;68.0;457.0;159.0;137.0;173.0;712.0;320.0;534.0;209.0;677.0;438.0;374.0;762.0;156.0;449.0;350.0;516.0;369.0;336.0;713.0;563.0;361.0;613.0;522.0;318.0;560.0;282.0;289.0;195.0;71.0;414.0;353.0;540.0;398.0;266.0;635.0;544.0;581.0;396.0;603.0;413.0;726.0;515.0;168.0;520.0;492.0;567.0;573.0;621.0;208.0;370.0;360.0;410.0;467.0;414.0;388.0;559.0;608.0;502.0;339.0;228.0;195.0;485.0;352.0;257.0;457.0;416.0;248.0;126.0;497.0;421.0;390.0;595.0;584.0;484.0;436.0;365.0;559.0;408.0;536.0;506.0;571.0;295.0;171.0;54.0;488.0;596.0;637.0;170.0;622.0;630.0;258.0;620.0;355.0;257.0;329.0;642.0;478.0;182.0;392.0;339.0;632.0;345.0;301.0;549.0
10;228.0;788.0;348.0;337.0;865.0;867.0;526.0;819.0;387.0;559.0;0.0;655.0;301.0;537.0;532.0;574.0;104.0;685.0;693.0;728.0;158.0;258.0;848.0;482.0;834.0;197.0;871.0;650.0;704.0;140.0;315.0;149.0;195.0;412.0;543.0;639.0;586.0;820.0;92.0;310.0;433.0;747.0;322.0;398.0;630.0;296.0;910.0;1036.0;803.0;309.0;105.0;962.0;92.0;680.0;187.0;188.0;738.0;748.0;575.0;799.0;821.0;33.0;392.0;1073.0;423.0;799.0;909.0;274.0;803.0;769.0;238.0;163.0;404.0;197.0;775.0;782.0;404.0;740.0;320.0;343.0;106.0;758.0;442.0;621.0;76.0;851.0;823.0;394.0;61.0;908.0;487.0;205.0;573.0;164.0;25.0;842.0;147.0;850.0;508.0;538.0;745.0;1069.0;436.0;685.0;1079.0;1093.0;764.0;106.0;902.0;395.0;780.0;467.0;289.0;428.0;426.0;645.0;84.0;864.0;343.0;25.0
11;801.0;285.0;633.0;394.0;560.0;774.0;191.0;1016.0;429.0;757.0;655.0;0.0;677.0;606.0;924.0;820.0;620.0;748.0;813.0;890.0;670.0;716.0;530.0;868.0;344.0;773.0;785.0;12.0;891.0;716.0;824.0;778.0;676.0;902.0;118.0;238.0;1038.0;397.0;726.0;509.0;238.0;686.0;534.0;594.0;803.0;427.0;960.0;883.0;1152.0;589.0;747.0;716.0;747.0;470.0;479.0;535.0;150.0;412.0;899.0;474.0;540.0;625.0;266.0;833.0;561.0;1126.0;921.0;830.0;543.0;556.0;503.0;492.0;251.0;816.0;1095.0;859.0;589.0;437.0;464.0;766.0;665.0;541.0;513.0;882.0;601.0;677.0;1147.0;261.0;715.0;694.0;322.0;692.0;205.0;583.0;640.0;554.0;511.0;984.0;588.0;704.0;439.0;864.0;219.0;732.0;844.0;863.0;1011.0;583.0;911.0;519.0;1087.0;187.0;390.0;590.0;373.0;1055.0;633.0;819.0;812.0;630.0
12;518.0;694.0;75.0;284.0;666.0;599.0;495.0;520.0;261.0;259.0;301.0;677.0;0.0;277.0;272.0;273.0;202.0;398.0;395.0;427.0;457.0;72.0;658.0;214.0;723.0;194.0;600.0;678.0;403.0;192.0;162.0;265.0;110.0;225.0;598.0;553.0;368.0;681.0;263.0;168.0;443.0;484.0;146.0;145.0;330.0;255.0;612.0;769.0;538.0;91.0;376.0;729.0;323.0;489.0;378.0;189.0;699.0;589.0;289.0;622.0;622.0;312.0;433.0;827.0;188.0;526.0;616.0;199.0;599.0;554.0;191.0;332.0;463.0;262.0;499.0;486.0;154.0;570.0;213.0;89.0;197.0;548.0;234.0;324.0;246.0;608.0;550.0;450.0;324.0;670.0;389.0;107.0;515.0;165.0;280.0;641.0;339.0;549.0;255.0;246.0;574.0;813.0;498.0;402.0;831.0;843.0;470.0;372.0;610.0;195.0;500.0;516.0;310.0;175.0;321.0;403.0;378.0;584.0;137.0;293.0
13;764.0;510.0;205.0;305.0;403.0;331.0;418.0;413.0;225.0;160.0;537.0;606.0;277.0;0.0;379.0;228.0;433.0;169.0;216.0;288.0;676.0;350.0;400.0;338.0;521.0;471.0;334.0;611.0;286.0;460.0;420.0;538.0;375.0;440.0;572.0;404.0;505.0;460.0;526.0;239.0;426.0;211.0;219.0;141.0;198.0;315.0;408.0;501.0;557.0;230.0;629.0;452.0;583.0;246.0;530.0;360.0;567.0;362.0;323.0;376.0;360.0;535.0;448.0;550.0;115.0;528.0;391.0;470.0;336.0;286.0;319.0;491.0;483.0;539.0;497.0;284.0;134.0;334.0;256.0;323.0;449.0;284.0;121.0;285.0;465.0;331.0;547.0;471.0;576.0;393.0;286.0;378.0;404.0;373.0;512.0;377.0;508.0;394.0;30.0;107.0;337.0;539.0;508.0;162.0;554.0;567.0;406.0;572.0;383.0;155.0;486.0;508.0;377.0;110.0;255.0;494.0;596.0;330.0;377.0;520.0
14;713.0;883.0;294.0;540.0;768.0;596.0;734.0;336.0;495.0;237.0;532.0;924.0;272.0;379.0;0.0;179.0;452.0;384.0;330.0;305.0;688.0;280.0;770.0;58.0;898.0;351.0;592.0;926.0;272.0;395.0;228.0;431.0;346.0;155.0;857.0;761.0;126.0;839.0;462.0;422.0;699.0;515.0;394.0;331.0;262.0;519.0;506.0;750.0;271.0;344.0;574.0;776.0;516.0;624.0;645.0;460.0;920.0;741.0;88.0;752.0;728.0;553.0;697.0;844.0;369.0;267.0;534.0;289.0;703.0;650.0;461.0;600.0;729.0;398.0;244.0;407.0;337.0;713.0;467.0;196.0;429.0;651.0;422.0;168.0;497.0;654.0;291.0;715.0;532.0;717.0;611.0;333.0;741.0;430.0;517.0;742.0;604.0;403.0;378.0;278.0;716.0;814.0;763.0;398.0;844.0;851.0;262.0;623.0;533.0;406.0;251.0;777.0;578.0;341.0;552.0;133.0;616.0;553.0;190.0;533.0
15;784.0;738.0;246.0;469.0;595.0;418.0;630.0;247.0;404.0;68.0;574.0;820.0;273.0;228.0;179.0;0.0;475.0;205.0;157.0;160.0;730.0;322.0;599.0;164.0;745.0;432.0;415.0;825.0;132.0;454.0;331.0;514.0;379.0;299.0;772.0;630.0;299.0;681.0;526.0;362.0;617.0;336.0;333.0;243.0;85.0;461.0;358.0;576.0;332.0;301.0;641.0;597.0;585.0;464.0;637.0;445.0;793.0;582.0;102.0;586.0;556.0;585.0;627.0;666.0;264.0;306.0;376.0;394.0;531.0;478.0;426.0;592.0;661.0;494.0;275.0;243.0;245.0;552.0;400.0;248.0;469.0;481.0;308.0;63.0;518.0;475.0;326.0;648.0;592.0;538.0;499.0;372.0;624.0;433.0;553.0;569.0;602.0;279.0;238.0;121.0;555.0;638.0;692.0;219.0;667.0;674.0;207.0;644.0;372.0;311.0;267.0;699.0;525.0;236.0;452.0;273.0;651.0;379.0;281.0;566.0
16;331.0;720.0;245.0;262.0;772.0;764.0;469.0;722.0;299.0;457.0;104.0;620.0;202.0;433.0;452.0;475.0;0.0;581.0;590.0;628.0;256.0;171.0;757.0;398.0;762.0;161.0;768.0;617.0;605.0;98.0;253.0;160.0;106.0;350.0;517.0;570.0;521.0;741.0;116.0;213.0;386.0;644.0;221.0;294.0;528.0;220.0;807.0;934.0;723.0;205.0;198.0;864.0;161.0;588.0;204.0;100.0;685.0;663.0;485.0;710.0;728.0;110.0;354.0;973.0;320.0;717.0;805.0;231.0;709.0;672.0;150.0;162.0;373.0;196.0;691.0;679.0;300.0;652.0;230.0;257.0;46.0;663.0;342.0;526.0;45.0;751.0;741.0;362.0;146.0;808.0;410.0;120.0;510.0;63.0;80.0;749.0;159.0;750.0;405.0;434.0;657.0;968.0;409.0;581.0;979.0;993.0;671.0;172.0;798.0;295.0;694.0;436.0;233.0;324.0;344.0;573.0;176.0;760.0;270.0;92.0
17;910.0;602.0;338.0;474.0;407.0;216.0;568.0;276.0;394.0;159.0;685.0;748.0;398.0;169.0;384.0;205.0;581.0;0.0;77.0;156.0;832.0;465.0;416.0;365.0;596.0;587.0;214.0;755.0;171.0;590.0;507.0;662.0;506.0;495.0;728.0;526.0;501.0;523.0;660.0;403.0;588.0;136.0;380.0;290.0;123.0;484.0;239.0;381.0;475.0;378.0;770.0;393.0;719.0;315.0;696.0;518.0;686.0;429.0;302.0;416.0;374.0;688.0;614.0;463.0;277.0;438.0;226.0;566.0;349.0;297.0;482.0;655.0;648.0;653.0;410.0;116.0;285.0;396.0;424.0;412.0;589.0;304.0;290.0;231.0;617.0;273.0;452.0;637.0;718.0;335.0;439.0;505.0;543.0;525.0;661.0;383.0;671.0;236.0;198.0;153.0;397.0;437.0;672.0;19.0;464.0;472.0;296.0;731.0;218.0;322.0;393.0;669.0;546.0;263.0;418.0;464.0;751.0;188.0;458.0;671.0
18;913.0;677.0;346.0;516.0;482.0;267.0;630.0;204.0;438.0;137.0;693.0;813.0;395.0;216.0;330.0;157.0;590.0;77.0;0.0;80.0;844.0;457.0;492.0;321.0;673.0;574.0;263.0;820.0;94.0;586.0;482.0;653.0;505.0;456.0;787.0;596.0;441.0;600.0;658.0;432.0;641.0;208.0;405.0;311.0;73.0;520.0;217.0;420.0;399.0;393.0;771.0;458.0;717.0;390.0;723.0;538.0;758.0;506.0;244.0;493.0;450.0;699.0;663.0;516.0;309.0;362.0;224.0;544.0;425.0;374.0;508.0;681.0;698.0;638.0;334.0;91.0;308.0;472.0;459.0;392.0;592.0;381.0;333.0;167.0;629.0;342.0;375.0;686.0;720.0;401.0;499.0;501.0;609.0;538.0;670.0;459.0;695.0;179.0;241.0;157.0;474.0;484.0;724.0;96.0;515.0;521.0;219.0;749.0;219.0;357.0;316.0;724.0;584.0;289.0;470.0;397.0;764.0;224.0;432.0;681.0
19;942.0;757.0;388.0;580.0;555.0;319.0;705.0;125.0;505.0;173.0;728.0;890.0;427.0;288.0;305.0;160.0;628.0;156.0;80.0;0.0;883.0;481.0;567.0;310.0;752.0;592.0;312.0;897.0;34.0;612.0;488.0;673.0;536.0;447.0;861.0;676.0;402.0;678.0;685.0;488.0;712.0;280.0;460.0;365.0;103.0;581.0;203.0;455.0;326.0;440.0;799.0;517.0;744.0;470.0;776.0;586.0;837.0;585.0;218.0;570.0;525.0;738.0;732.0;563.0;371.0;288.0;229.0;552.0;500.0;450.0;560.0;732.0;766.0;653.0;261.0;109.0;364.0;551.0;519.0;407.0;624.0;457.0;401.0;138.0;669.0;407.0;300.0;754.0;750.0;463.0;574.0;529.0;686.0;580.0;706.0;533.0;744.0;123.0;311.0;211.0;553.0;525.0;793.0;175.0;560.0;564.0;142.0;792.0;228.0;420.0;243.0;795.0;646.0;348.0;541.0;348.0;803.0;264.0;439.0;719.0
20;132.0;852.0;499.0;433.0;972.0;1004.0;580.0;976.0;499.0;712.0;158.0;670.0;457.0;676.0;688.0;730.0;256.0;832.0;844.0;883.0;0.0;415.0;952.0;639.0;904.0;344.0;1009.0;663.0;860.0;293.0;466.0;276.0;352.0;561.0;552.0;708.0;734.0;903.0;230.0;440.0;481.0;883.0;457.0;542.0;783.0;397.0;1061.0;1171.0;957.0;454.0;141.0;1083.0;190.0;791.0;202.0;317.0;779.0;842.0;732.0;899.0;930.0;145.0;432.0;1198.0;561.0;955.0;1057.0;418.0;914.0;885.0;361.0;214.0;431.0;323.0;931.0;933.0;547.0;840.0;438.0;500.0;264.0;873.0;572.0;779.0;215.0;977.0;979.0;426.0;162.0;1030.0;576.0;362.0;636.0;307.0;178.0;950.0;192.0;1006.0;647.0;688.0;844.0;1198.0;456.0;830.0;1204.0;1219.0;921.0;111.0;1050.0;527.0;937.0;489.0;367.0;571.0;525.0;797.0;81.0;1006.0;498.0;164.0
21;462.0;754.0;147.0;324.0;738.0;669.0;541.0;564.0;316.0;320.0;258.0;716.0;72.0;350.0;280.0;322.0;171.0;465.0;457.0;481.0;415.0;0.0;729.0;227.0;785.0;122.0;670.0;716.0;454.0;131.0;108.0;197.0;66.0;193.0;629.0;610.0;356.0;747.0;204.0;218.0;479.0;556.0;202.0;216.0;388.0;289.0;672.0;839.0;552.0;150.0;319.0;802.0;263.0;560.0;368.0;196.0;750.0;657.0;317.0;691.0;693.0;275.0;462.0;899.0;259.0;545.0;679.0;130.0;671.0;626.0;215.0;323.0;489.0;190.0;520.0;548.0;225.0;638.0;259.0;86.0;152.0;620.0;303.0;366.0;217.0;680.0;570.0;476.0;270.0;742.0;444.0;53.0;566.0;157.0;239.0;712.0;325.0;602.0;328.0;313.0;643.0;885.0;525.0;470.0;903.0;914.0;507.0;343.0;674.0;260.0;524.0;546.0;335.0;247.0;375.0;403.0;339.0;652.0;104.0;255.0
22;1067.0;269.0;583.0;519.0;30.0;306.0;432.0;675.0;461.0;534.0;848.0;530.0;658.0;400.0;770.0;599.0;757.0;416.0;492.0;567.0;952.0;729.0;0.0;734.0;231.0;843.0;317.0;541.0;587.0;815.0;813.0;896.0;735.0;840.0;579.0;307.0;895.0;151.0;868.0;546.0;516.0;287.0;545.0;514.0;531.0;557.0;531.0;364.0;891.0;584.0;952.0;186.0;918.0;171.0;760.0;661.0;403.0;125.0;701.0;59.0;43.0;834.0;565.0;303.0;470.0;854.0;479.0;856.0;68.0;121.0;610.0;739.0;587.0;908.0;826.0;482.0;505.0;115.0;528.0;718.0;788.0;118.0;428.0;640.0;773.0;189.0;867.0;583.0;901.0;176.0;380.0;743.0;375.0;695.0;824.0;37.0;760.0;606.0;412.0;493.0;111.0;335.0;589.0;398.0;314.0;333.0;709.0;841.0;468.0;474.0;809.0;566.0;587.0;485.0;427.0;871.0;881.0;369.0;774.0;826.0
23;671.0;835.0;237.0;483.0;734.0;580.0;679.0;361.0;439.0;209.0;482.0;868.0;214.0;338.0;58.0;164.0;398.0;365.0;321.0;310.0;639.0;227.0;734.0;0.0;852.0;308.0;577.0;870.0;278.0;347.0;189.0;390.0;293.0;137.0;799.0;710.0;174.0;796.0;416.0;365.0;642.0;491.0;337.0;277.0;249.0;461.0;513.0;740.0;326.0;286.0;530.0;753.0;471.0;583.0;589.0;403.0;868.0;698.0;102.0;713.0;693.0;501.0;639.0;828.0;317.0;319.0;536.0;253.0;668.0;616.0;403.0;543.0;671.0;360.0;293.0;405.0;284.0;671.0;409.0;141.0;377.0;616.0;370.0;174.0;443.0;629.0;343.0;657.0;486.0;693.0;558.0;280.0;687.0;374.0;465.0;708.0;548.0;418.0;334.0;242.0;675.0;800.0;705.0;377.0;828.0;836.0;294.0;570.0;533.0;351.0;298.0;720.0;520.0;289.0;497.0;191.0;565.0;543.0;145.0;481.0
24;1031.0;60.0;654.0;500.0;260.0;531.0;326.0;870.0;474.0;677.0;834.0;344.0;723.0;521.0;898.0;745.0;762.0;596.0;673.0;752.0;904.0;785.0;231.0;852.0;0.0;882.0;542.0;356.0;766.0;840.0;885.0;917.0;772.0;934.0;427.0;197.0;1024.0;81.0;878.0;573.0;425.0;486.0;584.0;591.0;694.0;542.0;751.0;593.0;1064.0;635.0;938.0;410.0;918.0;284.0;703.0;662.0;197.0;167.0;843.0;196.0;260.0;813.0;476.0;516.0;546.0;1030.0;701.0;915.0;276.0;316.0;614.0;694.0;487.0;941.0;1001.0;684.0;582.0;201.0;540.0;799.0;801.0;304.0;493.0;798.0;764.0;416.0;1046.0;488.0;894.0;407.0;352.0;784.0;269.0;706.0;813.0;266.0;717.0;812.0;520.0;627.0;199.0;556.0;474.0;578.0;528.0;547.0;892.0;799.0;690.0;528.0;986.0;444.0;547.0;570.0;420.0;1015.0;845.0;590.0;855.0;810.0
25;362.0;846.0;267.0;396.0;853.0;791.0;612.0;664.0;408.0;438.0;197.0;773.0;194.0;471.0;351.0;432.0;161.0;587.0;574.0;592.0;344.0;122.0;843.0;308.0;882.0;0.0;793.0;772.0;564.0;64.0;124.0;82.0;110.0;217.0;674.0;698.0;391.0;850.0;114.0;309.0;536.0;678.0;302.0;335.0;504.0;355.0;788.0;962.0;616.0;258.0;223.0;922.0;164.0;672.0;359.0;239.0;827.0;763.0;408.0;802.0;809.0;225.0;509.0;1021.0;375.0;617.0;798.0;77.0;786.0;743.0;278.0;320.0;531.0;68.0;595.0;665.0;343.0;748.0;343.0;185.0;117.0;737.0;414.0;468.0;195.0;802.0;641.0;519.0;183.0;863.0;533.0;100.0;646.0;190.0;189.0;828.0;314.0;710.0;448.0;434.0;752.0;1007.0;566.0;592.0;1025.0;1037.0;601.0;301.0;793.0;369.0;602.0;593.0;384.0;366.0;463.0;454.0;280.0;774.0;163.0;207.0
26;1099.0;569.0;533.0;608.0;295.0;12.0;633.0;391.0;528.0;374.0;871.0;785.0;600.0;334.0;592.0;415.0;768.0;214.0;263.0;312.0;1009.0;670.0;317.0;577.0;542.0;793.0;0.0;794.0;342.0;790.0;719.0;865.0;705.0;709.0;797.0;547.0;704.0;461.0;858.0;569.0;683.0;127.0;552.0;474.0;330.0;630.0;217.0;169.0;631.0;564.0;963.0;210.0;916.0;315.0;851.0;692.0;685.0;391.0;507.0;347.0;283.0;869.0;720.0;253.0;448.0;591.0;162.0;778.0;266.0;234.0;649.0;815.0;752.0;860.0;567.0;206.0;468.0;359.0;577.0;623.0;782.0;249.0;439.0;430.0;799.0;128.0;598.0;743.0;910.0;165.0;524.0;705.0;590.0;708.0;846.0;281.0;834.0;309.0;363.0;361.0;358.0;223.0;767.0;205.0;252.0;259.0;445.0;903.0;152.0;482.0;547.0;756.0;684.0;444.0;531.0;657.0;929.0;56.0;671.0;855.0
27;795.0;297.0;635.0;395.0;571.0;783.0;195.0;1022.0;431.0;762.0;650.0;12.0;678.0;611.0;926.0;825.0;617.0;755.0;820.0;897.0;663.0;716.0;541.0;870.0;356.0;772.0;794.0;0.0;897.0;713.0;824.0;775.0;675.0;902.0;111.0;247.0;1040.0;408.0;723.0;511.0;238.0;694.0;536.0;597.0;809.0;427.0;968.0;893.0;1156.0;591.0;742.0;727.0;743.0;479.0;474.0;534.0;162.0;422.0;902.0;485.0;550.0;621.0;264.0;844.0;565.0;1131.0;930.0;829.0;553.0;566.0;502.0;488.0;247.0;813.0;1100.0;866.0;592.0;448.0;465.0;767.0;663.0;550.0;517.0;887.0;598.0;687.0;1151.0;257.0;711.0;704.0;326.0;691.0;212.0;582.0;636.0;565.0;506.0;991.0;593.0;709.0;450.0;875.0;214.0;739.0;855.0;874.0;1016.0;578.0;919.0;522.0;1091.0;183.0;388.0;594.0;376.0;1058.0;628.0;828.0;812.0;626.0
28;916.0;768.0;369.0;570.0;576.0;348.0;704.0;129.0;497.0;156.0;704.0;891.0;403.0;286.0;272.0;132.0;605.0;171.0;94.0;34.0;860.0;454.0;587.0;278.0;766.0;564.0;342.0;897.0;0.0;586.0;458.0;645.0;511.0;415.0;857.0;681.0;369.0;693.0;658.0;474.0;707.0;302.0;445.0;351.0;91.0;569.0;235.0;487.0;304.0;421.0;773.0;545.0;717.0;482.0;758.0;568.0;844.0;599.0;184.0;587.0;544.0;715.0;724.0;593.0;360.0;267.0;263.0;522.0;520.0;468.0;544.0;714.0;759.0;624.0;239.0;141.0;350.0;565.0;507.0;379.0;600.0;475.0;394.0;105.0;647.0;432.0;281.0;746.0;724.0;490.0;572.0;504.0;688.0;559.0;683.0;553.0;726.0;147.0;307.0;200.0;567.0;556.0;787.0;190.0;591.0;595.0;126.0;771.0;262.0;409.0;222.0;790.0;633.0;336.0;536.0;316.0;781.0;295.0;409.0;696.0
29;331.0;801.0;257.0;346.0;828.0;787.0;559.0;694.0;368.0;449.0;140.0;716.0;192.0;460.0;395.0;454.0;98.0;590.0;586.0;612.0;293.0;131.0;815.0;347.0;840.0;64.0;790.0;713.0;586.0;0.0;176.0;80.0;85.0;272.0;614.0;652.0;446.0;813.0;73.0;272.0;480.0;671.0;270.0;320.0;518.0;304.0;802.0;958.0;664.0;235.0;188.0;906.0;132.0;644.0;295.0;184.0;775.0;729.0;443.0;772.0;783.0;165.0;450.0;1010.0;356.0;662.0;808.0;139.0;762.0;721.0;228.0;256.0;471.0;103.0;638.0;677.0;328.0;716.0;301.0;211.0;53.0;714.0;389.0;496.0;131.0;788.0;686.0;459.0;140.0;849.0;488.0;85.0;596.0;137.0;128.0;803.0;249.0;733.0;435.0;438.0;720.0;999.0;506.0;593.0;1014.0;1027.0;634.0;240.0;802.0;342.0;645.0;533.0;327.0;352.0;420.0;506.0;224.0;775.0;205.0;146.0
30;485.0;856.0;233.0;432.0;820.0;720.0;649.0;550.0;421.0;350.0;315.0;824.0;162.0;420.0;228.0;331.0;253.0;507.0;482.0;488.0;466.0;108.0;813.0;189.0;885.0;124.0;719.0;824.0;458.0;176.0;0.0;203.0;158.0;97.0;736.0;714.0;271.0;843.0;237.0;324.0;587.0;614.0;306.0;301.0;409.0;398.0;689.0;887.0;492.0;251.0;346.0;869.0;288.0;647.0;457.0;299.0;857.0;750.0;291.0;780.0;776.0;340.0;569.0;959.0;346.0;493.0;705.0;64.0;752.0;704.0;323.0;414.0;596.0;171.0;471.0;572.0;310.0;729.0;366.0;98.0;219.0;700.0;395.0;358.0;296.0;746.0;517.0;583.0;307.0;809.0;549.0;141.0;673.0;256.0;303.0;794.0;413.0;603.0;403.0;359.0;733.0;939.0;631.0;515.0;962.0;972.0;483.0;414.0;701.0;357.0;479.0;653.0;441.0;329.0;480.0;331.0;399.0;694.0;50.0;320.0
31;282.0;877.0;333.0;420.0;908.0;863.0;630.0;747.0;447.0;516.0;149.0;778.0;265.0;538.0;431.0;514.0;160.0;662.0;653.0;673.0;276.0;197.0;896.0;390.0;917.0;82.0;865.0;775.0;645.0;80.0;203.0;0.0;164.0;291.0;672.0;727.0;462.0;892.0;57.0;352.0;546.0;748.0;351.0;398.0;583.0;378.0;868.0;1034.0;693.0;315.0;145.0;986.0;88.0;725.0;331.0;257.0;845.0;809.0;490.0;852.0;864.0;181.0;512.0;1088.0;435.0;695.0;876.0;146.0;842.0;802.0;304.0;299.0;529.0;49.0;674.0;744.0;407.0;796.0;379.0;266.0;117.0;794.0;469.0;550.0;178.0;867.0;719.0;518.0;115.0;928.0;565.0;160.0;669.0;211.0;151.0;883.0;287.0;792.0;513.0;509.0;800.0;1076.0;564.0;666.0;1092.0;1105.0;683.0;254.0;871.0;422.0;682.0;593.0;393.0;430.0;498.0;529.0;223.0;849.0;245.0;166.0
32;408.0;736.0;171.0;290.0;747.0;702.0;508.0;624.0;298.0;369.0;195.0;676.0;110.0;375.0;346.0;379.0;106.0;506.0;505.0;536.0;352.0;66.0;735.0;293.0;772.0;110.0;705.0;675.0;511.0;85.0;158.0;164.0;0.0;251.0;583.0;589.0;419.0;740.0;154.0;199.0;437.0;586.0;192.0;235.0;439.0;251.0;722.0;873.0;618.0;152.0;266.0;822.0;213.0;565.0;304.0;143.0;721.0;654.0;381.0;694.0;702.0;210.0;415.0;925.0;272.0;611.0;726.0;154.0;681.0;639.0;174.0;260.0;441.0;173.0;586.0;596.0;243.0;639.0;234.0;152.0;89.0;632.0;307.0;426.0;151.0;703.0;635.0;428.0;215.0;764.0;423.0;17.0;539.0;98.0;175.0;722.0;261.0;657.0;350.0;355.0;643.0;914.0;476.0;509.0;929.0;942.0;569.0;277.0;720.0;261.0;589.0;500.0;288.0;267.0;354.0;468.0;275.0;691.0;166.0;191.0
33;570.0;910.0;283.0;508.0;843.0;711.0;720.0;490.0;485.0;336.0;412.0;902.0;225.0;440.0;155.0;299.0;350.0;495.0;456.0;447.0;561.0;193.0;840.0;137.0;934.0;217.0;709.0;902.0;415.0;272.0;97.0;291.0;251.0;0.0;819.0;774.0;174.0;886.0;331.0;394.0;666.0;615.0;371.0;344.0;384.0;477.0;650.0;874.0;403.0;315.0;436.0;876.0;378.0;680.0;553.0;388.0;924.0;790.0;234.0;813.0;801.0;437.0;652.0;957.0;389.0;407.0;673.0;145.0;776.0;726.0;406.0;510.0;681.0;252.0;388.0;541.0;352.0;766.0;438.0;138.0;316.0;724.0;441.0;310.0;393.0;752.0;431.0;667.0;400.0;816.0;612.0;234.0;739.0;348.0;400.0;817.0;509.0;553.0;429.0;359.0;770.0;932.0;716.0;506.0;958.0;966.0;417.0;511.0;670.0;410.0;399.0;736.0;526.0;366.0;545.0;238.0;495.0;677.0;90.0;417.0
34;683.0;367.0;563.0;317.0;608.0;788.0;165.0;985.0;369.0;713.0;543.0;118.0;598.0;572.0;857.0;772.0;517.0;728.0;787.0;861.0;552.0;629.0;579.0;799.0;427.0;674.0;797.0;111.0;857.0;614.0;736.0;672.0;583.0;819.0;0.0;272.0;965.0;464.0;619.0;435.0;158.0;687.0;462.0;535.0;767.0;343.0;954.0;914.0;1098.0;514.0;633.0;759.0;636.0;485.0;364.0;440.0;250.0;455.0;842.0;521.0;580.0;513.0;168.0;880.0;508.0;1076.0;921.0;736.0;578.0;582.0;414.0;380.0;144.0;712.0;1046.0;843.0;531.0;474.0;390.0;686.0;563.0;566.0;466.0;835.0;495.0;702.0;1098.0;156.0;603.0;729.0;289.0;599.0;210.0;487.0;530.0;598.0;398.0;963.0;550.0;662.0;477.0;905.0;109.0;715.0;890.0;909.0;971.0;468.0;911.0;462.0;1039.0;83.0;295.0;536.0;322.0;989.0;518.0;825.0;729.0;519.0
35;834.0;150.0;491.0;308.0;336.0;536.0;135.0;800.0;294.0;563.0;639.0;238.0;553.0;404.0;761.0;630.0;570.0;526.0;596.0;676.0;708.0;610.0;307.0;710.0;197.0;698.0;547.0;247.0;681.0;652.0;714.0;727.0;589.0;774.0;272.0;0.0;884.0;204.0;686.0;393.0;232.0;451.0;408.0;435.0;598.0;350.0;727.0;648.0;961.0;463.0;742.0;488.0;723.0;233.0;506.0;471.0;163.0;182.0;720.0;248.0;309.0;617.0;283.0;608.0;393.0;931.0;686.0;737.0;309.0;319.0;424.0;497.0;298.0;754.0;901.0;632.0;428.0;203.0;355.0;636.0;611.0;303.0;340.0;689.0;569.0;440.0;950.0;297.0;698.0;460.0;166.0;602.0;75.0;516.0;618.0;326.0;520.0;760.0;393.0;510.0;206.0;634.0;292.0;509.0;618.0;637.0;805.0;602.0;676.0;365.0;889.0;265.0;350.0;421.0;236.0;887.0;648.0;582.0;689.0;614.0
36;737.0;1008.0;405.0;648.0;892.0;708.0;850.0;399.0;610.0;361.0;586.0;1038.0;368.0;505.0;126.0;299.0;521.0;501.0;441.0;402.0;734.0;356.0;895.0;174.0;1024.0;391.0;704.0;1040.0;369.0;446.0;271.0;462.0;419.0;174.0;965.0;884.0;0.0;965.0;504.0;530.0;808.0;635.0;504.0;450.0;378.0;623.0;593.0;856.0;245.0;450.0;607.0;895.0;550.0;751.0;723.0;549.0;1041.0;867.0;199.0;878.0;853.0;611.0;801.0;957.0;490.0;260.0;629.0;317.0;828.0;775.0;559.0;678.0;832.0;419.0;249.0;509.0;457.0;839.0;576.0;282.0;489.0;777.0;544.0;274.0;565.0;774.0;281.0;818.0;573.0;836.0;731.0;403.0;860.0;512.0;574.0;867.0;679.0;480.0;504.0;404.0;842.0;923.0;867.0;517.0;956.0;961.0;319.0;685.0;629.0;524.0;266.0;884.0;678.0;463.0;669.0;80.0;669.0;662.0;252.0;591.0
37;1026.0;120.0;610.0;483.0;180.0;449.0;339.0;794.0;445.0;613.0;820.0;397.0;681.0;460.0;839.0;681.0;741.0;523.0;600.0;678.0;903.0;747.0;151.0;796.0;81.0;850.0;461.0;408.0;693.0;813.0;843.0;892.0;740.0;886.0;464.0;204.0;965.0;0.0;856.0;542.0;434.0;407.0;549.0;544.0;625.0;525.0;670.0;515.0;994.0;597.0;925.0;334.0;900.0;217.0;704.0;641.0;259.0;98.0;780.0;115.0;179.0;802.0;486.0;444.0;498.0;959.0;620.0;877.0;195.0;236.0;591.0;690.0;502.0;912.0;930.0;606.0;535.0;129.0;513.0;754.0;777.0;225.0;448.0;730.0;747.0;335.0;974.0;500.0;878.0;327.0;333.0;751.0;279.0;682.0;798.0;185.0;712.0;734.0;463.0;564.0;126.0;481.0;495.0;504.0;456.0;475.0;819.0;795.0;609.0;487.0;914.0;467.0;539.0;520.0;396.0;952.0;839.0;509.0;809.0;796.0
38;258.0;836.0;325.0;378.0;883.0;855.0;583.0;766.0;413.0;522.0;92.0;726.0;263.0;526.0;462.0;526.0;116.0;660.0;658.0;685.0;230.0;204.0;868.0;416.0;878.0;114.0;858.0;723.0;658.0;73.0;237.0;57.0;154.0;331.0;619.0;686.0;504.0;856.0;0.0;322.0;496.0;737.0;326.0;385.0;591.0;336.0;875.0;1026.0;729.0;297.0;115.0;968.0;59.0;698.0;274.0;216.0;798.0;777.0;514.0;823.0;838.0;124.0;460.0;1073.0;418.0;729.0;879.0;188.0;818.0;779.0;265.0;243.0;476.0;105.0;706.0;749.0;393.0;766.0;344.0;283.0;81.0;771.0;447.0;568.0;124.0;851.0;753.0;466.0;70.0;911.0;526.0;157.0;625.0;175.0;93.0;858.0;230.0;806.0;499.0;509.0;770.0;1065.0;510.0;663.0;1078.0;1091.0;706.0;197.0;873.0;399.0;713.0;540.0;345.0;417.0;460.0;568.0;170.0;845.0;272.0;109.0
39;537.0;538.0;129.0;118.0;560.0;564.0;327.0;602.0;99.0;318.0;310.0;509.0;168.0;239.0;422.0;362.0;213.0;403.0;432.0;488.0;440.0;218.0;546.0;365.0;573.0;309.0;569.0;511.0;474.0;272.0;324.0;352.0;199.0;394.0;435.0;393.0;530.0;542.0;322.0;0.0;278.0;443.0;30.0;123.0;385.0;100.0;640.0;731.0;673.0;80.0;411.0;652.0;373.0;376.0;293.0;124.0;533.0;457.0;415.0;501.0;516.0;303.0;275.0;763.0;126.0;655.0;629.0;344.0;496.0;460.0;80.0;252.0;308.0;370.0;625.0;513.0;124.0;444.0;45.0;257.0;242.0;450.0;132.0;424.0;235.0;541.0;678.0;294.0;359.0;597.0;227.0;211.0;349.0;150.0;286.0;536.0;268.0;607.0;209.0;277.0;448.0;760.0;341.0;399.0;769.0;784.0;569.0;334.0;621.0;87.0;622.0;355.0;163.0;143.0;157.0;555.0;361.0;569.0;305.0;291.0
40;610.0;372.0;405.0;160.0;541.0;674.0;99.0;835.0;213.0;560.0;433.0;238.0;443.0;426.0;699.0;617.0;386.0;588.0;641.0;712.0;481.0;479.0;516.0;642.0;425.0;536.0;683.0;238.0;707.0;480.0;587.0;546.0;437.0;666.0;158.0;232.0;808.0;434.0;496.0;278.0;0.0;564.0;305.0;378.0;616.0;189.0;820.0;816.0;941.0;358.0;532.0;680.0;523.0;386.0;280.0;298.0;305.0;393.0;684.0;457.0;506.0;406.0;52.0;802.0;352.0;920.0;792.0;592.0;497.0;488.0;264.0;278.0;72.0;581.0;889.0;704.0;374.0;402.0;233.0;532.0;431.0;472.0;313.0;679.0;372.0;603.0;941.0;68.0;494.0;640.0;158.0;453.0;157.0;346.0;415.0;525.0;299.0;820.0;401.0;509.0;406.0;818.0;85.0;576.0;811.0;829.0;818.0;380.0;782.0;306.0;883.0;83.0;153.0;381.0;171.0;832.0;428.0;704.0;576.0;408.0
41;975.0;500.0;415.0;482.0;275.0;121.0;522.0;389.0;402.0;282.0;747.0;686.0;484.0;211.0;515.0;336.0;644.0;136.0;208.0;280.0;883.0;556.0;287.0;491.0;486.0;678.0;127.0;694.0;302.0;671.0;614.0;748.0;586.0;615.0;687.0;451.0;635.0;407.0;737.0;443.0;564.0;0.0;427.0;352.0;258.0;504.0;276.0;290.0;606.0;441.0;841.0;262.0;795.0;220.0;724.0;566.0;602.0;321.0;436.0;295.0;245.0;744.0;600.0;345.0;324.0;568.0;236.0;669.0;221.0;172.0;523.0;688.0;632.0;746.0;541.0;199.0;345.0;287.0;450.0;516.0;661.0;182.0;312.0;367.0;674.0;139.0;580.0;622.0;788.0;202.0;406.0;587.0;485.0;583.0;722.0;252.0;707.0;326.0;239.0;257.0;288.0;329.0;649.0;119.0;348.0;359.0;423.0;776.0;225.0;356.0;523.0;640.0;558.0;321.0;407.0;600.0;803.0;140.0;567.0;730.0
42;550.0;552.0;100.0;146.0;558.0;547.0;350.0;573.0;115.0;289.0;322.0;534.0;146.0;219.0;394.0;333.0;221.0;380.0;405.0;460.0;457.0;202.0;545.0;337.0;584.0;302.0;552.0;536.0;445.0;270.0;306.0;351.0;192.0;371.0;462.0;408.0;504.0;549.0;326.0;30.0;305.0;427.0;0.0;95.0;357.0;129.0;616.0;716.0;644.0;56.0;419.0;644.0;379.0;374.0;318.0;140.0;553.0;461.0;385.0;502.0;513.0;318.0;303.0;752.0;104.0;625.0;606.0;331.0;493.0;454.0;103.0;276.0;337.0;365.0;595.0;488.0;97.0;446.0;73.0;233.0;245.0;445.0;121.0;394.0;248.0;530.0;648.0;323.0;367.0;587.0;243.0;202.0;368.0;159.0;297.0;533.0;291.0;580.0;190.0;250.0;451.0;747.0;370.0;376.0;758.0;772.0;540.0;353.0;598.0;74.0;592.0;383.0;193.0;117.0;175.0;527.0;377.0;549.0;283.0;304.0
43;625.0;567.0;70.0;226.0;522.0;471.0;404.0;479.0;167.0;195.0;398.0;594.0;145.0;141.0;331.0;243.0;294.0;290.0;311.0;365.0;542.0;216.0;514.0;277.0;591.0;335.0;474.0;597.0;351.0;320.0;301.0;398.0;235.0;344.0;535.0;435.0;450.0;544.0;385.0;123.0;378.0;352.0;95.0;0.0;262.0;219.0;523.0;641.0;564.0;90.0;489.0;588.0;442.0;346.0;412.0;229.0;591.0;449.0;307.0;479.0;478.0;399.0;385.0;690.0;45.0;542.0;516.0;343.0;455.0;410.0;197.0;370.0;419.0;402.0;512.0;395.0;9.0;428.0;158.0;210.0;308.0;404.0;98.0;305.0;328.0;469.0;564.0;406.0;436.0;530.0;281.0;239.0;410.0;236.0;374.0;496.0;384.0;485.0;115.0;155.0;432.0;680.0;450.0;288.0;694.0;707.0;449.0;441.0;508.0;75.0;507.0;459.0;284.0;32.0;221.0;461.0;461.0;466.0;266.0;383.0
44;847.0;693.0;286.0;479.0;524.0;333.0;615.0;220.0;406.0;71.0;630.0;803.0;330.0;198.0;262.0;85.0;528.0;123.0;73.0;103.0;783.0;388.0;531.0;249.0;694.0;504.0;330.0;809.0;91.0;518.0;409.0;583.0;439.0;384.0;767.0;598.0;378.0;625.0;591.0;385.0;616.0;258.0;357.0;262.0;0.0;479.0;285.0;491.0;370.0;337.0;705.0;516.0;650.0;410.0;672.0;484.0;761.0;528.0;179.0;524.0;489.0;638.0;633.0;582.0;270.0;337.0;296.0;472.0;463.0;410.0;457.0;629.0;667.0;567.0;307.0;163.0;261.0;496.0;417.0;320.0;527.0;415.0;303.0;110.0;569.0;396.0;354.0;655.0;654.0;458.0;483.0;434.0;601.0;479.0;607.0;500.0;641.0;224.0;217.0;109.0;499.0;553.0;695.0;139.0;582.0;589.0;208.0;691.0;291.0;318.0;293.0;699.0;543.0;245.0;446.0;342.0;703.0;294.0;360.0;620.0
45;510.0;500.0;227.0;42.0;575.0;624.0;257.0;697.0;104.0;414.0;296.0;427.0;255.0;315.0;519.0;461.0;220.0;484.0;520.0;581.0;397.0;289.0;557.0;461.0;542.0;355.0;630.0;427.0;569.0;304.0;398.0;378.0;251.0;477.0;343.0;350.0;623.0;525.0;336.0;100.0;189.0;504.0;129.0;219.0;479.0;0.0;723.0;785.0;772.0;175.0;401.0;686.0;376.0;393.0;221.0;121.0;471.0;452.0;514.0;505.0;533.0;279.0;178.0;802.0;211.0;754.0;706.0;406.0;516.0;488.0;78.0;189.0;210.0;407.0;725.0;597.0;219.0;446.0;62.0;344.0;261.0;476.0;196.0;522.0;223.0;584.0;777.0;196.0;353.0;635.0;192.0;267.0;292.0;168.0;273.0;553.0;209.0;698.0;286.0;370.0;451.0;806.0;244.0;477.0;809.0;825.0;667.0;287.0;698.0;163.0;721.0;261.0;65.0;234.0;131.0;652.0;324.0;637.0;387.0;272.0
46;1130.0;771.0;562.0;712.0;510.0;228.0;790.0;212.0;632.0;353.0;910.0;960.0;612.0;408.0;506.0;358.0;807.0;239.0;217.0;203.0;1061.0;672.0;531.0;513.0;751.0;788.0;217.0;968.0;235.0;802.0;689.0;868.0;722.0;650.0;954.0;727.0;593.0;670.0;875.0;640.0;820.0;276.0;616.0;523.0;285.0;723.0;0.0;296.0;459.0;608.0;988.0;418.0;934.0;496.0;933.0;752.0;877.0;591.0;419.0;555.0;494.0;916.0;849.0;423.0;515.0;419.0;57.0;753.0;475.0;435.0;718.0;892.0;883.0;851.0;402.0;128.0;519.0;558.0;662.0;604.0;809.0;448.0;528.0;340.0;845.0;344.0;420.0;872.0;937.0;380.0;666.0;718.0;757.0;754.0;887.0;494.0;907.0;121.0;437.0;373.0;558.0;375.0;905.0;247.0;417.0;415.0;285.0;964.0;65.0;560.0;379.0;899.0;784.0;498.0;653.0;530.0;980.0;163.0;640.0;898.0
47;1264.0;633.0;702.0;760.0;334.0;171.0;753.0;504.0;682.0;540.0;1036.0;883.0;769.0;501.0;750.0;576.0;934.0;381.0;420.0;455.0;1171.0;839.0;364.0;740.0;593.0;962.0;169.0;893.0;487.0;958.0;887.0;1034.0;873.0;874.0;914.0;648.0;856.0;515.0;1026.0;731.0;816.0;290.0;716.0;641.0;491.0;785.0;296.0;0.0;752.0;731.0;1130.0;185.0;1083.0;431.0;1006.0;855.0;765.0;472.0;663.0;413.0;345.0;1033.0;858.0;132.0;613.0;711.0;244.0;946.0;340.0;332.0;810.0;972.0;887.0;1029.0;692.0;346.0;634.0;446.0;735.0;792.0;950.0;348.0;599.0;584.0;963.0;213.0;715.0;879.0;1077.0;190.0;659.0;874.0;703.0;873.0;1012.0;333.0;992.0;414.0;529.0;530.0;443.0;79.0;898.0;373.0;124.0;120.0;571.0;1063.0;239.0;644.0;670.0;882.0;836.0;610.0;677.0;802.0;1092.0;197.0;839.0;1019.0
48;973.0;1062.0;545.0;787.0;880.0;639.0;961.0;248.0;730.0;398.0;803.0;1152.0;538.0;557.0;271.0;332.0;723.0;475.0;399.0;326.0;957.0;552.0;891.0;326.0;1064.0;616.0;631.0;1156.0;304.0;664.0;492.0;693.0;618.0;403.0;1098.0;961.0;245.0;994.0;729.0;673.0;941.0;606.0;644.0;564.0;370.0;772.0;459.0;752.0;0.0;599.0;838.0;840.0;779.0;780.0;915.0;727.0;1124.0;898.0;258.0;890.0;848.0;824.0;946.0;872.0;592.0;41.0;509.0;547.0;824.0;772.0;723.0;869.0;980.0;654.0;65.0;426.0;568.0;865.0;715.0;467.0;700.0;778.0;639.0;272.0;769.0;733.0;45.0;966.0;799.0;788.0;831.0;604.0;956.0;700.0;787.0;857.0;874.0;339.0;569.0;452.0;867.0;829.0;1012.0;494.0;868.0;869.0;187.0;894.0;513.0;637.0;84.0;1023.0;834.0;563.0;781.0;167.0;886.0;579.0;459.0;804.0
49;536.0;605.0;55.0;198.0;595.0;560.0;405.0;546.0;170.0;266.0;309.0;589.0;91.0;230.0;344.0;301.0;205.0;378.0;393.0;440.0;454.0;150.0;584.0;286.0;635.0;258.0;564.0;591.0;421.0;235.0;251.0;315.0;152.0;315.0;514.0;463.0;450.0;597.0;297.0;80.0;358.0;441.0;56.0;90.0;337.0;175.0;608.0;731.0;599.0;0.0;400.0;671.0;354.0;414.0;337.0;147.0;609.0;508.0;342.0;545.0;551.0;310.0;353.0;776.0;121.0;583.0;603.0;280.0;529.0;487.0;126.0;293.0;385.0;324.0;554.0;480.0;96.0;490.0;125.0;178.0;219.0;480.0;156.0;359.0;239.0;554.0;606.0;371.0;347.0;614.0;299.0;159.0;424.0;147.0;284.0;570.0;305.0;561.0;202.0;235.0;495.0;768.0;419.0;377.0;781.0;794.0;507.0;356.0;596.0;111.0;552.0;434.0;235.0;120.0;230.0;477.0;373.0;555.0;228.0;294.0
50;143.0;892.0;433.0;442.0;968.0;960.0;627.0;881.0;491.0;635.0;105.0;747.0;376.0;629.0;574.0;641.0;198.0;770.0;771.0;799.0;141.0;319.0;952.0;530.0;938.0;223.0;963.0;742.0;773.0;188.0;346.0;145.0;266.0;436.0;633.0;742.0;607.0;925.0;115.0;411.0;532.0;841.0;419.0;489.0;705.0;401.0;988.0;1130.0;838.0;400.0;0.0;1063.0;59.0;783.0;269.0;291.0;837.0;852.0;628.0;903.0;924.0;126.0;489.0;1172.0;518.0;839.0;991.0;291.0;905.0;870.0;342.0;256.0;498.0;189.0;817.0;862.0;496.0;844.0;423.0;398.0;181.0;860.0;541.0;683.0;179.0;949.0;863.0;489.0;53.0;1007.0;592.0;271.0;676.0;261.0;128.0;945.0;236.0;921.0;602.0;620.0;849.0;1166.0;528.0;772.0;1177.0;1191.0;820.0;168.0;985.0;493.0;825.0;560.0;392.0;520.0;531.0;674.0;120.0;953.0;385.0;129.0
