Vehicle:
Average speed:;1252
Time limit:;144.22
Fuel comsumption rate:;1
Fuel Capacity:;1702
Depot:
ID;X;Y;Service Time
0;500;500;0
Customers:
ID;X;Y;Service Time
1;645;7;9.13869
2;720;867;9.13869
3;513;499;9.13869
4;208;766;9.13869
5;976;884;9.13869
6;991;864;9.13869
7;596;532;9.13869
8;765;632;9.13869
9;270;818;9.13869
10;223;552;9.13869
11;871;193;9.13869
12;825;816;9.13869
13;128;518;9.13869
14;802;281;9.13869
15;786;635;9.13869
16;435;675;9.13869
17;976;204;9.13869
18;563;43;9.13869
19;870;774;9.13869
20;348;458;9.13869
21;566;113;9.13869
22;295;969;9.13869
23;229;790;9.13869
24;515;805;9.13869
25;482;998;9.13869
26;241;830;9.13869
27;47;633;9.13869
28;594;244;9.13869
29;635;626;9.13869
30;597;538;9.13869
31;86;516;9.13869
32;444;697;9.13869
33;763;281;9.13869
34;12;649;9.13869
35;187;417;9.13869
36;630;975;9.13869
37;934;263;9.13869
38;88;855;9.13869
39;768;582;9.13869
40;916;277;9.13869
41;40;387;9.13869
42;881;490;9.13869
43;325;20;9.13869
44;771;700;9.13869
45;308;482;9.13869
46;397;30;9.13869
47;934;7;9.13869
48;869;723;9.13869
49;788;896;9.13869
50;100;591;9.13869
51;746;587;9.13869
52;584;721;9.13869
53;859;990;9.13869
54;403;428;9.13869
55;493;63;9.13869
56;496;458;9.13869
57;728;641;9.13869
58;174;440;9.13869
59;986;511;9.13869
60;887;589;9.13869
61;931;743;9.13869
62;234;663;9.13869
63;608;268;9.13869
64;239;159;9.13869
65;832;704;9.13869
66;857;776;9.13869
67;828;438;9.13869
68;744;105;9.13869
69;122;949;9.13869
70;270;596;9.13869
71;687;391;9.13869
72;790;753;9.13869
73;323;417;9.13869
74;152;585;9.13869
75;308;261;9.13869
76;472;319;9.13869
77;282;64;9.13869
78;138;342;9.13869
79;391;452;9.13869
80;87;413;9.13869
81;676;362;9.13869
82;314;108;9.13869
83;713;127;9.13869
84;638;532;9.13869
85;507;797;9.13869
86;720;264;9.13869
87;630;720;9.13869
88;326;566;9.13869
89;610;371;9.13869
90;847;833;9.13869
91;576;429;9.13869
92;58;295;9.13869
93;145;103;9.13869
94;141;976;9.13869
95;564;716;9.13869
96;946;889;9.13869
97;100;526;9.13869
98;503;496;9.13869
99;684;811;9.13869
100;800;409;9.13869
101;794;190;9.13869
102;784;339;9.13869
103;603;208;9.13869
104;637;306;9.13869
105;369;159;9.13869
106;288;88;9.13869
107;70;168;9.13869
108;177;924;9.13869
109;300;515;9.13869
110;275;468;9.13869
111;408;217;9.13869
112;343;995;9.13869
113;889;853;9.13869
114;455;846;9.13869
115;20;645;9.13869
116;760;141;9.13869
117;763;785;9.13869
118;494;727;9.13869
119;889;11;9.13869
120;254;378;9.13869
121;381;438;9.13869
122;508;257;9.13869
123;70;637;9.13869
124;361;611;9.13869
125;529;957;9.13869
126;570;727;9.13869
127;204;110;9.13869
128;813;135;9.13869
129;820;999;9.13869
130;201;62;9.13869
131;5;787;9.13869
132;48;135;9.13869
133;196;237;9.13869
134;881;333;9.13869
135;767;284;9.13869
136;709;189;9.13869
137;427;864;9.13869
AFSs:
ID;X;Y;Service Time
138;538;248;1252
Distance matrix:
;0;1;2;3;4;5;6;7;8;9;10;11;12;13;14;15;16;17;18;19;20;21;22;23;24;25;26;27;28;29;30;31;32;33;34;35;36;37;38;39;40;41;42;43;44;45;46;47;48;49;50;51;52;53;54;55;56;57;58;59;60;61;62;63;64;65;66;67;68;69;70;71;72;73;74;75;76;77;78;79;80;81;82;83;84;85;86;87;88;89;90;91;92;93;94;95;96;97;98;99;100;101;102;103;104;105;106;107;108;109;110;111;112;113;114;115;116;117;118;119;120;121;122;123;124;125;126;127;128;129;130;131;132;133;134;135;136;137;138
0;0.0;514.0;428.0;13.0;395.0;612.0;611.0;101.0;296.0;392.0;282.0;482.0;453.0;372.0;373.0;316.0;187.0;561.0;461.0;460.0;158.0;393.0;512.0;397.0;305.0;498.0;420.0;472.0;273.0;185.0;104.0;414.0;205.0;342.0;510.0;324.0;492.0;494.0;544.0;280.0;472.0;474.0;381.0;511.0;337.0;193.0;481.0;657.0;431.0;490.0;410.0;261.0;236.0;607.0;121.0;437.0;42.0;268.0;331.0;486.0;397.0;495.0;312.0;256.0;429.0;390.0;451.0;334.0;464.0;587.0;249.0;216.0;385.0;195.0;358.0;307.0;183.0;487.0;395.0;119.0;422.0;224.0;434.0;430.0;142.0;297.0;323.0;256.0;186.0;170.0;481.0;104.0;487.0;533.0;596.0;225.0;592.0;401.0;5.0;361.0;313.0;427.0;326.0;310.0;237.0;365.0;463.0;543.0;533.0;201.0;227.0;298.0;519.0;525.0;349.0;501.0;443.0;388.0;227.0;625.0;275.0;134.0;243.0;451.0;178.0;458.0;238.0;490.0;481.0;593.0;530.0;572.0;581.0;402.0;416.0;343.0;375.0;371.0;255.0
1;514.0;0.0;863.0;509.0;876.0;937.0;924.0;527.0;636.0;894.0;689.0;293.0;829.0;727.0;316.0;644.0;700.0;385.0;90.0;799.0;540.0;132.0;1024.0;887.0;809.0;1004.0;917.0;866.0;242.0;619.0;533.0;756.0;719.0;298.0;902.0;615.0;968.0;386.0;1015.0;588.0;383.0;714.0;538.0;320.0;704.0;582.0;249.0;289.0;750.0;900.0;799.0;589.0;717.0;1006.0;486.0;162.0;475.0;639.0;640.0;609.0;630.0;790.0;774.0;264.0;434.0;722.0;798.0;468.0;139.0;1077.0;698.0;386.0;760.0;521.0;760.0;422.0;357.0;367.0;608.0;512.0;690.0;356.0;346.0;138.0;525.0;802.0;268.0;713.0;644.0;366.0;850.0;428.0;654.0;509.0;1092.0;714.0;932.0;753.0;509.0;805.0;431.0;236.0;360.0;205.0;299.0;315.0;366.0;597.0;1030.0;614.0;591.0;317.0;1033.0;880.0;860.0;893.0;177.0;787.0;736.0;244.0;539.0;505.0;285.0;853.0;667.0;957.0;724.0;453.0;211.0;1007.0;447.0;1009.0;611.0;504.0;402.0;303.0;193.0;884.0;264.0
2;428.0;863.0;0.0;422.0;522.0;257.0;271.0;357.0;239.0;453.0;588.0;691.0;117.0;687.0;592.0;241.0;344.0;711.0;839.0;176.0;553.0;770.0;437.0;497.0;214.0;272.0;480.0;713.0;636.0;256.0;351.0;725.0;324.0;588.0;741.0;698.0;141.0;641.0;632.0;289.0;622.0;832.0;410.0;935.0;175.0;564.0;897.0;886.0;207.0;74.0;679.0;281.0;200.0;186.0;541.0;835.0;466.0;226.0;693.0;444.0;324.0;245.0;527.0;609.0;856.0;198.0;164.0;442.0;762.0;604.0;525.0;477.0;134.0;600.0;634.0;733.0;602.0;915.0;784.0;530.0;779.0;507.0;861.0;740.0;345.0;224.0;603.0;172.0;496.0;508.0;131.0;461.0;875.0;956.0;589.0;217.0;227.0;708.0;430.0;67.0;465.0;681.0;532.0;669.0;567.0;790.0;891.0;955.0;546.0;548.0;598.0;721.0;398.0;170.0;266.0;734.0;727.0;93.0;266.0;873.0;675.0;547.0;646.0;689.0;441.0;211.0;205.0;916.0;738.0;166.0;958.0;719.0;994.0;819.0;558.0;585.0;678.0;293.0;645.0
3;13.0;509.0;422.0;0.0;405.0;602.0;601.0;89.0;285.0;401.0;295.0;471.0;445.0;385.0;362.0;305.0;193.0;549.0;459.0;451.0;170.0;390.0;518.0;407.0;306.0;500.0;428.0;485.0;268.0;176.0;93.0;427.0;210.0;332.0;523.0;336.0;490.0;483.0;554.0;268.0;460.0;486.0;368.0;515.0;327.0;206.0;483.0;648.0;421.0;483.0;423.0;249.0;233.0;601.0;131.0;436.0;44.0;258.0;344.0;473.0;385.0;484.0;324.0;250.0;437.0;379.0;442.0;321.0;457.0;596.0;262.0;205.0;376.0;207.0;371.0;314.0;185.0;493.0;407.0;131.0;435.0;213.0;439.0;422.0;129.0;298.0;313.0;250.0;199.0;161.0;472.0;94.0;499.0;541.0;605.0;223.0;583.0;414.0;10.0;356.0;301.0;418.0;315.0;305.0;229.0;369.0;469.0;553.0;542.0;214.0;240.0;301.0;524.0;516.0;352.0;514.0;435.0;380.0;229.0;616.0;286.0;145.0;242.0;464.0;189.0;458.0;235.0;497.0;472.0;587.0;537.0;584.0;591.0;411.0;404.0;333.0;367.0;375.0;252.0
4;395.0;876.0;522.0;405.0;0.0;777.0;789.0;453.0;573.0;81.0;215.0;876.0;619.0;261.0;767.0;593.0;245.0;952.0;805.0;662.0;338.0;745.0;221.0;32.0;309.0;359.0;72.0;209.0;649.0;449.0;451.0;278.0;246.0;737.0;228.0;350.0;471.0;883.0;149.0;589.0;860.0;415.0;727.0;755.0;567.0;301.0;760.0;1050.0;662.0;594.0;206.0;567.0;379.0;688.0;390.0;759.0;422.0;535.0;328.0;819.0;702.0;723.0;106.0;639.0;608.0;627.0;649.0;701.0;851.0;202.0;181.0;608.0;582.0;367.0;189.0;515.0;519.0;706.0;430.0;363.0;373.0;618.0;666.0;814.0;490.0;301.0;717.0;424.0;232.0;564.0;643.0;499.0;494.0;666.0;220.0;359.0;748.0;263.0;400.0;478.0;691.0;822.0;717.0;684.0;629.0;628.0;683.0;614.0;161.0;267.0;305.0;584.0;266.0;687.0;260.0;224.0;834.0;555.0;289.0;1017.0;391.0;371.0;591.0;189.0;218.0;374.0;364.0;656.0;874.0;655.0;704.0;204.0;651.0;529.0;800.0;738.0;764.0;240.0;614.0
5;612.0;937.0;257.0;602.0;777.0;0.0;25.0;518.0;329.0;709.0;823.0;699.0;166.0;924.0;628.0;313.0;580.0;680.0;937.0;153.0;759.0;873.0;686.0;753.0;468.0;507.0;737.0;962.0;745.0;428.0;513.0;963.0;564.0;640.0;992.0;917.0;358.0;622.0;888.0;367.0;610.0;1060.0;405.0;1082.0;275.0;780.0;1032.0;878.0;193.0;188.0;924.0;376.0;425.0;158.0;732.0;953.0;642.0;347.0;917.0;373.0;308.0;148.0;774.0;718.0;1034.0;231.0;161.0;470.0;813.0;856.0;762.0;571.0;228.0;803.0;877.0;913.0;757.0;1074.0;998.0;727.0;1006.0;602.0;1020.0;801.0;488.0;477.0;671.0;383.0;724.0;630.0;139.0;606.0;1091.0;1140.0;840.0;445.0;30.0;946.0;612.0;301.0;507.0;717.0;578.0;772.0;670.0;946.0;1052.0;1155.0;800.0;770.0;815.0;876.0;643.0;92.0;522.0;985.0;774.0;235.0;507.0;877.0;882.0;744.0;782.0;939.0;673.0;453.0;435.0;1093.0;767.0;194.0;1130.0;976.0;1193.0;1013.0;559.0;635.0;745.0;549.0;772.0
6;611.0;924.0;271.0;601.0;789.0;25.0;0.0;516.0;324.0;722.0;829.0;682.0;173.0;930.0;613.0;307.0;587.0;660.0;926.0;151.0;760.0;863.0;704.0;766.0;480.0;526.0;751.0;972.0;736.0;428.0;511.0;970.0;572.0;626.0;1002.0;920.0;378.0;604.0;903.0;360.0;592.0;1064.0;390.0;1075.0;274.0;783.0;1024.0;859.0;186.0;206.0;932.0;370.0;431.0;182.0;732.0;943.0;640.0;345.0;920.0;353.0;294.0;135.0;783.0;708.0;1031.0;226.0;160.0;456.0;798.0;873.0;769.0;562.0;230.0;804.0;884.0;911.0;753.0;1069.0;1000.0;728.0;1010.0;593.0;1015.0;788.0;485.0;489.0;658.0;389.0;729.0;623.0;147.0;601.0;1093.0;1138.0;857.0;452.0;51.0;953.0;611.0;312.0;493.0;702.0;564.0;762.0;661.0;940.0;1047.0;1154.0;816.0;774.0;818.0;871.0;661.0;103.0;536.0;995.0;759.0;241.0;516.0;859.0;883.0;744.0;776.0;949.0;679.0;471.0;443.0;1090.0;750.0;218.0;1126.0;989.0;1192.0;1012.0;542.0;622.0;732.0;564.0;765.0
7;101.0;527.0;357.0;89.0;453.0;518.0;516.0;0.0;196.0;434.0;374.0;437.0;365.0;468.0;325.0;216.0;215.0;502.0;490.0;366.0;259.0;420.0;531.0;449.0;285.0;480.0;463.0;558.0;288.0;102.0;6.0;510.0;224.0;301.0;596.0;425.0;444.0;432.0;602.0;179.0;409.0;575.0;288.0;579.0;243.0;292.0;540.0;624.0;333.0;412.0;499.0;160.0;189.0;528.0;219.0;480.0;124.0;171.0;432.0;391.0;297.0;396.0;385.0;264.0;516.0;292.0;357.0;250.0;452.0;631.0;332.0;168.0;294.0;296.0;447.0;395.0;246.0;564.0;496.0;220.0;523.0;188.0;509.0;422.0;42.0;280.0;295.0;191.0;272.0;162.0;392.0;105.0;588.0;622.0;636.0;187.0;500.0;496.0;100.0;293.0;238.0;395.0;269.0;324.0;230.0;437.0;540.0;640.0;574.0;296.0;327.0;367.0;528.0;435.0;344.0;587.0;424.0;303.0;220.0;598.0;375.0;235.0;289.0;536.0;248.0;430.0;197.0;576.0;452.0;518.0;614.0;644.0;677.0;497.0;348.0;301.0;361.0;373.0;290.0
8;296.0;636.0;239.0;285.0;573.0;329.0;324.0;196.0;0.0;529.0;548.0;452.0;194.0;647.0;353.0;21.0;333.0;477.0;623.0;177.0;452.0;556.0;578.0;559.0;304.0;463.0;560.0;718.0;424.0;130.0;193.0;689.0;328.0;351.0;753.0;617.0;369.0;406.0;713.0;50.0;386.0;765.0;183.0;754.0;68.0;481.0;706.0;647.0;138.0;265.0;666.0;49.0;202.0;370.0;416.0;631.0;320.0;38.0;621.0;252.0;129.0;200.0;532.0;396.0;707.0;98.0;171.0;204.0;527.0;717.0;496.0;253.0;124.0;492.0;615.0;589.0;429.0;746.0;691.0;415.0;712.0;284.0;691.0;508.0;162.0;306.0;371.0;161.0;444.0;304.0;217.0;277.0;783.0;815.0;713.0;218.0;314.0;673.0;295.0;196.0;226.0;443.0;294.0;454.0;350.0;617.0;724.0;836.0;657.0;479.0;517.0;547.0;557.0;253.0;377.0;745.0;491.0;153.0;287.0;633.0;571.0;430.0;455.0;695.0;405.0;402.0;217.0;766.0;499.0;371.0;802.0;776.0;872.0;693.0;321.0;348.0;447.0;410.0;446.0
9;392.0;894.0;453.0;401.0;81.0;709.0;722.0;434.0;529.0;0.0;270.0;867.0;555.0;332.0;756.0;547.0;218.0;936.0;829.0;602.0;368.0;765.0;153.0;50.0;245.0;278.0;31.0;290.0;659.0;412.0;430.0;354.0;212.0;729.0;308.0;409.0;393.0;865.0;186.0;551.0;843.0;489.0;693.0;800.0;515.0;338.0;798.0;1048.0;606.0;524.0;284.0;529.0;329.0;614.0;412.0;787.0;425.0;491.0;390.0;779.0;658.0;665.0;159.0;646.0;660.0;573.0;589.0;675.0;856.0;198.0;222.0;597.0;524.0;404.0;261.0;558.0;538.0;754.0;494.0;385.0;444.0;611.0;711.0;821.0;466.0;238.0;714.0;373.0;258.0;562.0;577.0;495.0;564.0;726.0;204.0;311.0;680.0;338.0;397.0;414.0;669.0;818.0;703.0;695.0;630.0;666.0;730.0;680.0;141.0;304.0;350.0;617.0;191.0;620.0;187.0;304.0;836.0;494.0;242.0;1017.0;440.0;396.0;609.0;270.0;226.0;294.0;313.0;711.0;873.0;579.0;759.0;267.0;718.0;586.0;780.0;729.0;767.0;164.0;630.0
10;282.0;689.0;588.0;295.0;215.0;823.0;829.0;374.0;548.0;270.0;0.0;741.0;657.0;101.0;639.0;569.0;245.0;830.0;612.0;684.0;156.0;557.0;423.0;238.0;386.0;516.0;279.0;194.0;482.0;419.0;374.0;142.0;264.0;604.0;232.0;140.0;587.0;767.0;332.0;546.0;746.0;246.0;661.0;542.0;568.0;110.0;550.0;896.0;668.0;661.0;129.0;524.0;399.0;772.0;219.0;559.0;289.0;513.0;122.0;764.0;665.0;733.0;112.0;478.0;393.0;628.0;672.0;616.0;686.0;410.0;64.0;491.0;602.0;168.0;78.0;303.0;341.0;492.0;227.0;196.0;194.0;491.0;453.0;649.0;415.0;375.0;574.0;440.0;104.0;427.0;684.0;374.0;305.0;456.0;432.0;378.0;798.0;126.0;286.0;529.0;594.0;676.0;600.0;513.0;482.0;419.0;469.0;413.0;375.0;85.0;99.0;383.0;459.0;731.0;375.0;223.0;676.0;588.0;323.0;858.0;177.0;195.0;410.0;175.0;150.0;508.0;389.0;442.0;722.0;746.0;490.0;321.0;452.0;316.0;693.0;606.0;607.0;373.0;438.0
11;482.0;293.0;691.0;471.0;876.0;699.0;682.0;437.0;452.0;867.0;741.0;0.0;625.0;811.0;112.0;450.0;650.0;106.0;343.0;581.0;586.0;315.0;966.0;877.0;708.0;894.0;896.0;934.0;282.0;493.0;441.0;849.0;661.0;139.0;973.0;720.0;818.0;94.0;1025.0;402.0;95.0;853.0;297.0;573.0;517.0;633.0;501.0;196.0;530.0;708.0;868.0;413.0;601.0;797.0;524.0;400.0;459.0;470.0;739.0;338.0;396.0;553.0;792.0;273.0;633.0;512.0;583.0;249.0;155.0;1064.0;724.0;270.0;566.0;592.0;819.0;567.0;418.0;603.0;748.0;545.0;814.0;258.0;563.0;171.0;411.0;705.0;167.0;579.0;660.0;316.0;640.0;378.0;819.0;732.0;1071.0;606.0;700.0;840.0;477.0;646.0;227.0;77.0;170.0;268.0;260.0;503.0;592.0;801.0;1008.0;656.0;656.0;464.0;960.0;660.0;774.0;964.0;123.0;602.0;654.0;183.0;644.0;548.0;369.0;916.0;659.0;837.0;613.0;672.0;82.0;808.0;683.0;1050.0;825.0;676.0;140.0;138.0;162.0;805.0;338.0
12;453.0;829.0;117.0;445.0;619.0;166.0;173.0;365.0;194.0;555.0;657.0;625.0;0.0;758.0;535.0;185.0;415.0;630.0;816.0;62.0;596.0;749.0;552.0;597.0;310.0;388.0;584.0;799.0;617.0;269.0;360.0;798.0;399.0;539.0;830.0;752.0;252.0;564.0;738.0;241.0;547.0;895.0;331.0;940.0;128.0;616.0;895.0;816.0;103.0;88.0;759.0;242.0;259.0;177.0;573.0;823.0;486.0;200.0;752.0;345.0;235.0;129.0;610.0;589.0;880.0;112.0;51.0;378.0;716.0;715.0;597.0;447.0;72.0;641.0;712.0;758.0;610.0;928.0;835.0;566.0;841.0;478.0;873.0;698.0;340.0;319.0;562.0;217.0;558.0;494.0;28.0;460.0;927.0;985.0;702.0;280.0;141.0;781.0;454.0;141.0;408.0;627.0;479.0;647.0;544.0;800.0;905.0;995.0;657.0;605.0;651.0;730.0;514.0;74.0;371.0;823.0;678.0;69.0;343.0;808.0;720.0;583.0;643.0;776.0;507.0;328.0;270.0;940.0;681.0;183.0;979.0;821.0;1033.0;855.0;486.0;535.0;638.0;401.0;636.0
13;372.0;727.0;687.0;385.0;261.0;924.0;930.0;468.0;647.0;332.0;101.0;811.0;758.0;0.0;714.0;668.0;345.0;904.0;644.0;785.0;228.0;597.0;481.0;290.0;482.0;596.0;332.0;141.0;541.0;518.0;469.0;42.0;363.0;678.0;175.0;117.0;679.0;845.0;339.0;643.0;824.0;158.0;754.0;536.0;668.0;184.0;557.0;954.0;769.0;761.0;78.0;622.0;499.0;870.0;289.0;583.0;373.0;612.0;91.0;858.0;762.0;834.0;180.0;541.0;376.0;728.0;773.0;705.0;742.0;431.0;162.0;573.0;702.0;220.0;71.0;314.0;397.0;479.0;176.0;271.0;113.0;570.0;450.0;704.0;510.0;471.0;644.0;541.0;204.0;504.0;785.0;457.0;234.0;415.0;458.0;479.0;898.0;29.0;376.0;628.0;681.0;742.0;680.0;567.0;551.0;432.0;459.0;355.0;409.0;172.0;155.0;411.0;523.0;831.0;463.0;167.0;736.0;689.0;421.0;914.0;188.0;265.0;461.0;132.0;251.0;595.0;489.0;415.0;785.0;843.0;462.0;296.0;391.0;289.0;775.0;680.0;668.0;457.0;491.0
14;373.0;316.0;592.0;362.0;767.0;628.0;613.0;325.0;353.0;756.0;639.0;112.0;535.0;714.0;0.0;354.0;538.0;190.0;337.0;498.0;487.0;290.0;855.0;766.0;597.0;785.0;785.0;833.0;211.0;383.0;329.0;754.0;549.0;39.0;872.0;630.0;715.0;133.0;916.0;303.0;114.0;769.0;223.0;544.0;420.0;533.0;476.0;304.0;447.0;615.0;767.0;311.0;491.0;711.0;425.0;378.0;354.0;368.0;648.0;295.0;320.0;480.0;685.0;194.0;576.0;424.0;498.0;159.0;185.0;953.0;618.0;159.0;472.0;498.0;718.0;494.0;332.0;563.0;667.0;445.0;727.0;150.0;518.0;178.0;300.0;594.0;84.0;471.0;555.0;212.0;554.0;270.0;744.0;681.0;959.0;496.0;625.0;744.0;368.0;543.0;128.0;91.0;61.0;212.0;167.0;450.0;549.0;741.0;897.0;554.0;559.0;399.0;849.0;579.0;663.0;863.0;146.0;506.0;542.0;284.0;557.0;449.0;295.0;814.0;551.0;729.0;503.0;622.0;146.0;718.0;640.0;944.0;768.0;608.0;95.0;35.0;131.0;693.0;266.0
15;316.0;644.0;241.0;305.0;593.0;313.0;307.0;216.0;21.0;547.0;569.0;450.0;185.0;668.0;354.0;0.0;353.0;471.0;633.0;162.0;472.0;566.0;594.0;578.0;320.0;473.0;579.0;739.0;436.0;151.0;212.0;710.0;348.0;355.0;774.0;637.0;374.0;400.0;732.0;56.0;381.0;786.0;173.0;769.0;67.0;502.0;719.0;645.0;121.0;261.0;687.0;62.0;220.0;362.0;435.0;643.0;340.0;58.0;642.0;235.0;111.0;181.0;553.0;408.0;725.0;83.0;158.0;201.0;532.0;735.0;517.0;263.0;118.0;512.0;636.0;607.0;445.0;762.0;711.0;435.0;733.0;294.0;707.0;513.0;180.0;323.0;377.0;178.0;465.0;317.0;207.0;294.0;803.0;833.0;730.0;236.0;300.0;695.0;315.0;203.0;226.0;445.0;296.0;465.0;361.0;633.0;740.0;855.0;674.0;501.0;538.0;564.0;571.0;241.0;393.0;766.0;495.0;152.0;306.0;632.0;591.0;450.0;469.0;716.0;426.0;412.0;235.0;784.0;501.0;366.0;819.0;796.0;891.0;712.0;317.0;352.0;453.0;426.0;460.0
16;187.0;700.0;344.0;193.0;245.0;580.0;587.0;215.0;333.0;218.0;245.0;650.0;415.0;345.0;538.0;353.0;0.0;717.0;645.0;446.0;234.0;577.0;326.0;236.0;153.0;326.0;248.0;390.0;459.0;206.0;212.0;384.0;24.0;513.0;424.0;358.0;358.0;647.0;391.0;346.0;624.0;489.0;483.0;664.0;337.0;231.0;646.0;834.0;437.0;416.0;345.0;323.0;156.0;528.0;249.0;615.0;225.0;295.0;351.0;575.0;460.0;501.0;201.0;442.0;552.0;398.0;434.0;459.0;648.0;416.0;183.0;380.0;363.0;281.0;297.0;433.0;358.0;630.0;446.0;227.0;436.0;395.0;580.0;614.0;248.0;142.0;500.0;200.0;154.0;351.0;441.0;284.0;535.0;641.0;421.0;135.0;554.0;367.0;191.0;284.0;452.0;603.0;484.0;496.0;421.0;520.0;605.0;625.0;359.0;209.0;262.0;459.0;333.0;488.0;172.0;416.0;625.0;346.0;79.0;804.0;348.0;243.0;424.0;367.0;98.0;297.0;145.0;610.0;659.0;503.0;656.0;444.0;664.0;499.0;562.0;513.0;558.0;189.0;439.0
17;561.0;385.0;711.0;549.0;952.0;680.0;660.0;502.0;477.0;936.0;830.0;106.0;630.0;904.0;190.0;471.0;717.0;0.0;443.0;580.0;677.0;420.0;1024.0;949.0;757.0;935.0;965.0;1023.0;384.0;543.0;505.0;943.0;725.0;226.0;1062.0;817.0;845.0;72.0;1101.0;431.0;94.0;954.0;301.0;677.0;537.0;724.0;605.0;201.0;530.0;717.0;958.0;447.0;649.0;795.0;615.0;503.0;543.0;502.0;836.0;307.0;395.0;541.0;872.0;374.0;738.0;520.0;584.0;277.0;252.0;1133.0;808.0;344.0;580.0;687.0;908.0;670.0;517.0;708.0;849.0;635.0;913.0;339.0;669.0;274.0;471.0;756.0;263.0;621.0;744.0;402.0;642.0;459.0;922.0;837.0;1137.0;657.0;686.0;933.0;556.0;674.0;270.0;183.0;235.0;373.0;354.0;609.0;698.0;907.0;1076.0;744.0;749.0;568.0;1013.0;655.0;827.0;1053.0;225.0;619.0;711.0;212.0;743.0;639.0;471.0;1004.0;737.0;876.0;662.0;778.0;177.0;810.0;788.0;1133.0;931.0;781.0;160.0;224.0;267.0;858.0;440.0
18;461.0;90.0;839.0;459.0;805.0;937.0;926.0;490.0;623.0;829.0;612.0;343.0;816.0;644.0;337.0;633.0;645.0;443.0;0.0;793.0;467.0;70.0;964.0;818.0;764.0;958.0;850.0;784.0;203.0;587.0;496.0;672.0;665.0;311.0;819.0;530.0;934.0;431.0;941.0;577.0;424.0;626.0;549.0;239.0;689.0;508.0;167.0;373.0;746.0;882.0;717.0;574.0;678.0;992.0;417.0;73.0;420.0;620.0;556.0;631.0;635.0;791.0;702.0;229.0;344.0;714.0;790.0;476.0;191.0;1008.0;626.0;369.0;745.0;444.0;680.0;335.0;291.0;282.0;520.0;444.0;603.0;338.0;257.0;172.0;495.0;756.0;271.0;680.0;574.0;331.0;839.0;386.0;564.0;422.0;1024.0;673.0;929.0;669.0;457.0;777.0;436.0;274.0;369.0;170.0;273.0;226.0;279.0;509.0;962.0;540.0;513.0;233.0;977.0;873.0;810.0;811.0;220.0;768.0;687.0;328.0;456.0;435.0;221.0;772.0;603.0;915.0;684.0;365.0;266.0;990.0;362.0;930.0;523.0;415.0;430.0;316.0;206.0;832.0;207.0
19;460.0;799.0;176.0;451.0;662.0;153.0;151.0;366.0;177.0;602.0;684.0;581.0;62.0;785.0;498.0;162.0;446.0;580.0;793.0;0.0;610.0;728.0;607.0;641.0;356.0;448.0;631.0;835.0;598.0;278.0;361.0;825.0;433.0;504.0;867.0;771.0;313.0;515.0;786.0;217.0;499.0;916.0;284.0;930.0;124.0;633.0;882.0;770.0;51.0;147.0;791.0;224.0;291.0;216.0;581.0;805.0;490.0;195.0;772.0;287.0;186.0;68.0;646.0;570.0;881.0;80.0;13.0;339.0;681.0;768.0;626.0;424.0;83.0;653.0;742.0;761.0;605.0;922.0;850.0;577.0;862.0;455.0;868.0;666.0;335.0;364.0;532.0;246.0;582.0;480.0;63.0;453.0;943.0;988.0;756.0;311.0;138.0;809.0;460.0;190.0;372.0;589.0;443.0;626.0;523.0;793.0;900.0;1004.0;709.0;626.0;669.0;724.0;571.0;81.0;421.0;860.0;642.0;108.0;379.0;763.0;732.0;593.0;631.0;812.0;534.0;387.0;304.0;940.0;642.0;230.0;977.0;865.0;1041.0;862.0;441.0;501.0;607.0;452.0;622.0
20;158.0;540.0;553.0;170.0;338.0;759.0;760.0;259.0;452.0;368.0;156.0;586.0;596.0;228.0;487.0;472.0;234.0;677.0;467.0;610.0;0.0;408.0;514.0;353.0;385.0;556.0;387.0;348.0;326.0;333.0;262.0;268.0;258.0;451.0;386.0;166.0;589.0;618.0;475.0;438.0;596.0;316.0;534.0;439.0;487.0;47.0;431.0;739.0;585.0;621.0;281.0;418.0;353.0;738.0;63.0;421.0;148.0;422.0;175.0;640.0;555.0;649.0;235.0;322.0;318.0;543.0;600.0;480.0;530.0;541.0;159.0;346.0;531.0;48.0;234.0;201.0;186.0;399.0;240.0;43.0;265.0;342.0;352.0;493.0;299.0;374.0;420.0;385.0;110.0;276.0;624.0;230.0;333.0;409.0;558.0;336.0;737.0;257.0;160.0;487.0;455.0;520.0;452.0;357.0;327.0;300.0;375.0;402.0;496.0;75.0;74.0;248.0;537.0;670.0;402.0;378.0;520.0;528.0;306.0;702.0;123.0;39.0;257.0;331.0;154.0;531.0;349.0;377.0;566.0;718.0;422.0;475.0;441.0;268.0;547.0;454.0;450.0;414.0;283.0
21;393.0;132.0;770.0;390.0;745.0;873.0;863.0;420.0;556.0;765.0;557.0;315.0;749.0;597.0;290.0;566.0;577.0;420.0;70.0;728.0;408.0;0.0;898.0;756.0;694.0;889.0;787.0;735.0;134.0;518.0;426.0;627.0;597.0;259.0;771.0;486.0;864.0;397.0;883.0;511.0;387.0;593.0;491.0;258.0;622.0;450.0;188.0;383.0;681.0;814.0;668.0;507.0;608.0;925.0;355.0;88.0;352.0;552.0;510.0;579.0;574.0;728.0;642.0;161.0;330.0;648.0;724.0;417.0;178.0;947.0;566.0;303.0;678.0;389.0;628.0;297.0;226.0;288.0;485.0;382.0;565.0;272.0;252.0;148.0;425.0;687.0;216.0;610.0;513.0;262.0;773.0;316.0;540.0;421.0;962.0;603.0;864.0;623.0;388.0;708.0;377.0;241.0;314.0;102.0;206.0;202.0;279.0;499.0;899.0;482.0;459.0;189.0;910.0;807.0;741.0;762.0;196.0;700.0;618.0;339.0;409.0;374.0;155.0;722.0;539.0;845.0;614.0;362.0;248.0;922.0;369.0;877.0;518.0;390.0;384.0;264.0;162.0;764.0;138.0
22;512.0;1024.0;437.0;518.0;221.0;686.0;704.0;531.0;578.0;153.0;423.0;966.0;552.0;481.0;855.0;594.0;326.0;1024.0;964.0;607.0;514.0;898.0;0.0;191.0;274.0;189.0;149.0;418.0;784.0;483.0;526.0;499.0;310.0;832.0;427.0;562.0;335.0;952.0;236.0;611.0;930.0;635.0;757.0;949.0;547.0;487.0;945.0;1155.0;624.0;498.0;425.0;591.0;381.0;564.0;552.0;927.0;549.0;543.0;543.0;829.0;703.0;675.0;312.0;768.0;812.0;599.0;594.0;752.0;974.0;174.0;374.0;698.0;540.0;553.0;410.0;708.0;674.0;905.0;646.0;526.0;594.0;717.0;861.0;940.0;556.0;273.0;823.0;417.0;404.0;676.0;569.0;609.0;714.0;879.0;154.0;369.0;656.0;484.0;517.0;420.0;754.0;925.0;798.0;821.0;746.0;813.0;881.0;832.0;126.0;454.0;501.0;760.0;55.0;605.0;202.0;425.0;950.0;503.0;313.0;1127.0;592.0;538.0;743.0;401.0;364.0;234.0;366.0;864.0;982.0;526.0;912.0;342.0;870.0;739.0;865.0;832.0;883.0;169.0;761.0
23;397.0;887.0;497.0;407.0;32.0;753.0;766.0;449.0;559.0;50.0;238.0;877.0;597.0;290.0;766.0;578.0;236.0;949.0;818.0;641.0;353.0;756.0;191.0;0.0;286.0;328.0;42.0;240.0;657.0;438.0;446.0;309.0;234.0;738.0;259.0;375.0;442.0;880.0;155.0;578.0;857.0;445.0;718.0;776.0;549.0;318.0;778.0;1054.0;643.0;569.0;237.0;555.0;362.0;661.0;402.0;773.0;426.0;521.0;354.0;807.0;688.0;704.0;127.0;645.0;631.0;609.0;628.0;695.0;857.0;192.0;198.0;607.0;562.0;385.0;219.0;535.0;530.0;728.0;457.0;375.0;403.0;619.0;687.0;821.0;484.0;278.0;720.0;407.0;244.0;566.0;619.0;501.0;524.0;692.0;206.0;343.0;724.0;294.0;402.0;455.0;686.0;824.0;715.0;692.0;633.0;646.0;704.0;642.0;144.0;284.0;325.0;600.0;235.0;663.0;233.0;254.0;839.0;534.0;272.0;1021.0;413.0;383.0;602.0;221.0;222.0;343.0;347.0;680.0;878.0;627.0;729.0;224.0;680.0;554.0;796.0;739.0;769.0;211.0;624.0
24;305.0;809.0;214.0;306.0;309.0;468.0;480.0;285.0;304.0;245.0;386.0;708.0;310.0;482.0;597.0;320.0;153.0;757.0;764.0;356.0;385.0;694.0;274.0;286.0;0.0;196.0;275.0;499.0;567.0;216.0;279.0;517.0;129.0;580.0;527.0;508.0;205.0;685.0;430.0;337.0;663.0;633.0;483.0;808.0;277.0;384.0;784.0;901.0;363.0;288.0;467.0;318.0;109.0;391.0;393.0;742.0;348.0;269.0;500.0;555.0;430.0;421.0;315.0;545.0;702.0;333.0;343.0;482.0;737.0;419.0;322.0;448.0;280.0;433.0;424.0;582.0;488.0;777.0;597.0;374.0;580.0;471.0;725.0;706.0;299.0;11.0;579.0;143.0;305.0;444.0;333.0;381.0;685.0;794.0;411.0;102.0;439.0;500.0;309.0;169.0;488.0;675.0;538.0;603.0;514.0;662.0;752.0;777.0;358.0;361.0;414.0;598.0;256.0;377.0;73.0;520.0;708.0;249.0;81.0;878.0;500.0;391.0;548.0;476.0;248.0;153.0;95.0;761.0;733.0;361.0;807.0;510.0;817.0;651.0;597.0;579.0;646.0;106.0;557.0
25;498.0;1004.0;272.0;500.0;359.0;507.0;526.0;480.0;463.0;278.0;516.0;894.0;388.0;596.0;785.0;473.0;326.0;935.0;958.0;448.0;556.0;889.0;189.0;328.0;196.0;0.0;294.0;568.0;762.0;402.0;474.0;624.0;303.0;770.0;585.0;652.0;150.0;863.0;419.0;505.0;842.0;754.0;646.0;991.0;415.0;545.0;972.0;1089.0;475.0;323.0;558.0;488.0;295.0;377.0;575.0;935.0;540.0;434.0;637.0;701.0;576.0;516.0;417.0;741.0;873.0;457.0;436.0;658.0;931.0;363.0;454.0;641.0;394.0;602.0;529.0;757.0;679.0;955.0;741.0;554.0;706.0;665.0;906.0;901.0;491.0;203.0;772.0;315.0;459.0;640.0;401.0;577.0;821.0;956.0;342.0;294.0;477.0;607.0;502.0;275.0;669.0;866.0;725.0;799.0;709.0;847.0;930.0;927.0;314.0;516.0;569.0;784.0;139.0;432.0;154.0;581.0;901.0;353.0;271.0;1068.0;661.0;569.0;741.0;548.0;405.0;62.0;285.0;930.0;924.0;338.0;977.0;522.0;966.0;813.0;776.0;769.0;840.0;145.0;752.0
26;420.0;917.0;480.0;428.0;72.0;737.0;751.0;463.0;560.0;31.0;279.0;896.0;584.0;332.0;785.0;579.0;248.0;965.0;850.0;631.0;387.0;787.0;149.0;42.0;275.0;294.0;0.0;276.0;684.0;444.0;460.0;350.0;243.0;758.0;292.0;417.0;415.0;895.0;155.0;582.0;873.0;486.0;725.0;814.0;546.0;354.0;815.0;1076.0;637.0;551.0;277.0;560.0;360.0;638.0;433.0;807.0;451.0;522.0;396.0;810.0;689.0;695.0;167.0;671.0;671.0;604.0;618.0;706.0;882.0;168.0;236.0;626.0;554.0;421.0;261.0;573.0;561.0;767.0;499.0;407.0;445.0;639.0;726.0;847.0;496.0;268.0;741.0;404.0;277.0;589.0;606.0;523.0;565.0;733.0;177.0;343.0;707.0;335.0;424.0;443.0;700.0;846.0;732.0;720.0;657.0;683.0;743.0;684.0;114.0;320.0;364.0;635.0;194.0;648.0;215.0;288.0;863.0;524.0;273.0;1044.0;452.0;416.0;632.0;258.0;250.0;315.0;345.0;721.0;900.0;603.0;769.0;240.0;721.0;595.0;810.0;758.0;794.0;189.0;653.0
27;472.0;866.0;713.0;485.0;209.0;962.0;972.0;558.0;718.0;290.0;194.0;934.0;799.0;141.0;833.0;739.0;390.0;1023.0;784.0;835.0;348.0;735.0;418.0;240.0;499.0;568.0;276.0;0.0;671.0;588.0;558.0;123.0;402.0;798.0;38.0;257.0;676.0;961.0;226.0;723.0;939.0;246.0;846.0;673.0;727.0;302.0;697.0;1086.0;827.0;786.0;68.0;701.0;544.0;887.0;411.0;724.0;482.0;681.0;231.0;947.0;841.0;891.0;189.0;669.0;511.0;788.0;823.0;805.0;874.0;325.0;226.0;684.0;753.0;350.0;115.0;454.0;528.0;616.0;305.0;389.0;224.0;685.0;589.0;836.0;600.0;488.0;768.0;589.0;287.0;621.0;825.0;567.0;338.0;539.0;356.0;524.0;935.0;119.0;476.0;661.0;786.0;868.0;793.0;700.0;675.0;573.0;596.0;466.0;319.0;279.0;281.0;551.0;468.0;870.0;460.0;30.0;866.0;732.0;457.0;1047.0;328.0;387.0;595.0;23.0;315.0;581.0;531.0;546.0;914.0;855.0;591.0;160.0;498.0;423.0;886.0;800.0;797.0;445.0;624.0
28;273.0;242.0;636.0;268.0;649.0;745.0;736.0;288.0;424.0;659.0;482.0;282.0;617.0;541.0;211.0;436.0;459.0;384.0;203.0;598.0;326.0;134.0;784.0;657.0;567.0;762.0;684.0;671.0;0.0;384.0;294.0;576.0;477.0;173.0;709.0;442.0;732.0;341.0;793.0;380.0;324.0;572.0;378.0;350.0;489.0;372.0;291.0;414.0;552.0;680.0;604.0;375.0;477.0;792.0;265.0;207.0;235.0;419.0;463.0;474.0;453.0;602.0;552.0;28.0;365.0;518.0;593.0;304.0;205.0;848.0;478.0;174.0;545.0;322.0;558.0;287.0;143.0;360.0;466.0;291.0;534.0;144.0;311.0;167.0;291.0;560.0;128.0;477.0;419.0;128.0;641.0;186.0;538.0;471.0;861.0;473.0;735.0;569.0;268.0;574.0;264.0;207.0;212.0;37.0;75.0;241.0;343.0;529.0;798.0;400.0;390.0;188.0;792.0;677.0;618.0;700.0;195.0;567.0;493.0;376.0;365.0;288.0;87.0;655.0;435.0;716.0;484.0;412.0;245.0;788.0;433.0;801.0;557.0;398.0;300.0;178.0;127.0;642.0;56.0
29;185.0;619.0;256.0;176.0;449.0;428.0;428.0;102.0;130.0;412.0;419.0;493.0;269.0;518.0;383.0;151.0;206.0;543.0;587.0;278.0;333.0;518.0;483.0;438.0;216.0;402.0;444.0;588.0;384.0;0.0;96.0;560.0;204.0;368.0;623.0;494.0;349.0;470.0;593.0;140.0;448.0;641.0;281.0;681.0;155.0;357.0;642.0;687.0;253.0;310.0;536.0;118.0;108.0;427.0;305.0;581.0;218.0;94.0;497.0;369.0;255.0;318.0;403.0;359.0;612.0;212.0;268.0;269.0;532.0;606.0;366.0;241.0;200.0;376.0;485.0;490.0;348.0;664.0;572.0;300.0;588.0;267.0;609.0;505.0;94.0;214.0;372.0;94.0;315.0;256.0;296.0;206.0;665.0;717.0;605.0;115.0;407.0;544.0;185.0;191.0;273.0;464.0;323.0;419.0;320.0;537.0;640.0;727.0;546.0;353.0;393.0;468.0;471.0;341.0;284.0;615.0;501.0;204.0;173.0;665.0;455.0;316.0;390.0;565.0;274.0;348.0;120.0;672.0;522.0;416.0;712.0;650.0;765.0;587.0;383.0;367.0;443.0;316.0;390.0
30;104.0;533.0;351.0;93.0;451.0;513.0;511.0;6.0;193.0;430.0;374.0;441.0;360.0;469.0;329.0;212.0;212.0;505.0;496.0;361.0;262.0;426.0;526.0;446.0;279.0;474.0;460.0;558.0;294.0;96.0;0.0;511.0;221.0;306.0;595.0;427.0;438.0;435.0;600.0;177.0;412.0;577.0;288.0;585.0;238.0;294.0;546.0;629.0;329.0;406.0;500.0;157.0;183.0;522.0;223.0;486.0;129.0;167.0;434.0;390.0;294.0;392.0;384.0;270.0;521.0;288.0;352.0;252.0;457.0;628.0;332.0;172.0;289.0;300.0;447.0;400.0;252.0;569.0;499.0;223.0;525.0;193.0;515.0;427.0;41.0;274.0;300.0;185.0;272.0;168.0;387.0;111.0;591.0;627.0;632.0;181.0;495.0;497.0;103.0;287.0;241.0;400.0;273.0;330.0;235.0;442.0;546.0;644.0;570.0;298.0;330.0;373.0;523.0;430.0;339.0;587.0;429.0;298.0;215.0;602.0;378.0;238.0;295.0;536.0;247.0;424.0;191.0;581.0;457.0;512.0;619.0;642.0;681.0;501.0;350.0;306.0;367.0;368.0;296.0
31;414.0;756.0;725.0;427.0;278.0;963.0;970.0;510.0;689.0;354.0;142.0;849.0;798.0;42.0;754.0;710.0;384.0;943.0;672.0;825.0;268.0;627.0;499.0;309.0;517.0;624.0;350.0;123.0;576.0;560.0;511.0;0.0;401.0;717.0;152.0;141.0;712.0;885.0;339.0;685.0;864.0;137.0;795.0;551.0;709.0;225.0;577.0;989.0;810.0;798.0;76.0;664.0;539.0;907.0;329.0;609.0;414.0;654.0;116.0;900.0;804.0;875.0;209.0;578.0;388.0;769.0;814.0;746.0;776.0;434.0;201.0;614.0;743.0;257.0;95.0;338.0;433.0;493.0;182.0;312.0;103.0;610.0;467.0;738.0;552.0;506.0;682.0;581.0;245.0;544.0;824.0;498.0;223.0;417.0;463.0;518.0;937.0;17.0;417.0;667.0;722.0;779.0;720.0;602.0;590.0;456.0;473.0;348.0;418.0;214.0;195.0;439.0;544.0;871.0;495.0;145.0;771.0;728.0;459.0;949.0;217.0;305.0;495.0;122.0;291.0;625.0;528.0;423.0;821.0;879.0;468.0;283.0;383.0;300.0;816.0;719.0;704.0;487.0;525.0
32;205.0;719.0;324.0;210.0;246.0;564.0;572.0;224.0;328.0;212.0;264.0;661.0;399.0;363.0;549.0;348.0;24.0;725.0;665.0;433.0;258.0;597.0;310.0;234.0;129.0;303.0;243.0;402.0;477.0;204.0;221.0;401.0;0.0;524.0;435.0;380.0;334.0;655.0;389.0;344.0;632.0;509.0;484.0;687.0;327.0;254.0;669.0;846.0;426.0;397.0;360.0;321.0;142.0;508.0;272.0;636.0;245.0;289.0;373.0;573.0;456.0;489.0;213.0;459.0;576.0;388.0;420.0;463.0;664.0;409.0;201.0;391.0;351.0;305.0;313.0;457.0;379.0;653.0;469.0;251.0;456.0;407.0;603.0;630.0;255.0;118.0;513.0;187.0;176.0;366.0;425.0;299.0;557.0;665.0;412.0;121.0;537.0;384.0;209.0;266.0;458.0;616.0;494.0;514.0;436.0;543.0;629.0;648.0;350.0;232.0;285.0;481.0;315.0;472.0;149.0;427.0;640.0;331.0;58.0;818.0;371.0;267.0;445.0;379.0;120.0;274.0;130.0;634.0;672.0;482.0;680.0;448.0;688.0;523.0;569.0;524.0;573.0;168.0;459.0
33;342.0;298.0;588.0;332.0;737.0;640.0;626.0;301.0;351.0;729.0;604.0;139.0;539.0;678.0;39.0;355.0;513.0;226.0;311.0;504.0;451.0;259.0;832.0;738.0;580.0;770.0;758.0;798.0;173.0;368.0;306.0;717.0;524.0;0.0;836.0;592.0;707.0;172.0;886.0;301.0;153.0;731.0;240.0;510.0;419.0;497.0;444.0;323.0;455.0;616.0;732.0;306.0;475.0;715.0;389.0;347.0;320.0;362.0;610.0;320.0;332.0;492.0;653.0;156.0;538.0;429.0;504.0;170.0;177.0;926.0;585.0;134.0;473.0;461.0;682.0;455.0;293.0;528.0;628.0;409.0;689.0;119.0;481.0;162.0;280.0;576.0;46.0;459.0;522.0;178.0;558.0;238.0;705.0;643.0;933.0;478.0;635.0;707.0;337.0;536.0;133.0;96.0;62.0;176.0;128.0;412.0;513.0;702.0;870.0;519.0;523.0;361.0;828.0;586.0;643.0;827.0;140.0;504.0;521.0;298.0;518.0;413.0;256.0;779.0;520.0;715.0;486.0;585.0;154.0;720.0;603.0;911.0;730.0;569.0;129.0;5.0;107.0;673.0;227.0
34;510.0;902.0;741.0;523.0;228.0;992.0;1002.0;596.0;753.0;308.0;232.0;973.0;830.0;175.0;872.0;774.0;424.0;1062.0;819.0;867.0;386.0;771.0;427.0;259.0;527.0;585.0;292.0;38.0;709.0;623.0;595.0;152.0;435.0;836.0;0.0;291.0;699.0;1000.0;220.0;759.0;978.0;263.0;883.0;703.0;761.0;340.0;729.0;1123.0;860.0;814.0;105.0;737.0;577.0;913.0;449.0;758.0;520.0;716.0;264.0;984.0;877.0;924.0;222.0;707.0;540.0;822.0;854.0;843.0;912.0;320.0;263.0;723.0;785.0;388.0;154.0;488.0;566.0;644.0;332.0;427.0;248.0;723.0;620.0;874.0;637.0;517.0;806.0;622.0;325.0;659.0;855.0;605.0;357.0;562.0;352.0;556.0;964.0;151.0;514.0;691.0;824.0;907.0;832.0;737.0;713.0;606.0;625.0;484.0;321.0;318.0;319.0;586.0;479.0;900.0;485.0;9.0;904.0;763.0;488.0;1085.0;363.0;425.0;632.0;59.0;351.0;602.0;563.0;572.0;952.0;881.0;617.0;138.0;515.0;451.0;925.0;839.0;835.0;467.0;661.0
35;324.0;615.0;698.0;336.0;350.0;917.0;920.0;425.0;617.0;409.0;140.0;720.0;752.0;117.0;630.0;637.0;358.0;817.0;530.0;771.0;166.0;486.0;562.0;375.0;508.0;652.0;417.0;257.0;442.0;494.0;427.0;141.0;380.0;592.0;291.0;0.0;712.0;763.0;449.0;604.0;742.0;150.0;698.0;420.0;649.0;137.0;440.0;852.0;748.0;769.0;195.0;584.0;500.0;883.0;216.0;468.0;312.0;586.0;26.0;805.0;721.0;812.0;250.0;447.0;263.0;706.0;760.0;641.0;638.0;536.0;197.0;501.0;690.0;136.0;172.0;197.0;301.0;366.0;90.0;207.0;100.0;492.0;334.0;601.0;465.0;497.0;555.0;537.0;204.0;425.0;780.0;389.0;178.0;317.0;561.0;481.0;894.0;139.0;326.0;634.0;613.0;648.0;602.0;466.0;463.0;316.0;344.0;275.0;507.0;150.0;102.0;298.0;599.0;826.0;506.0;283.0;636.0;684.0;436.0;811.0;78.0;195.0;359.0;249.0;261.0;639.0;493.0;307.0;687.0;860.0;355.0;412.0;314.0;180.0;699.0;595.0;570.0;507.0;390.0
36;492.0;968.0;141.0;490.0;471.0;358.0;378.0;444.0;369.0;393.0;587.0;818.0;252.0;679.0;715.0;374.0;358.0;845.0;934.0;313.0;589.0;864.0;335.0;442.0;205.0;150.0;415.0;676.0;732.0;349.0;438.0;712.0;334.0;707.0;699.0;712.0;0.0;774.0;555.0;417.0;754.0;833.0;546.0;1003.0;309.0;589.0;973.0;1015.0;347.0;177.0;654.0;405.0;258.0;229.0;592.0;922.0;534.0;348.0;703.0;585.0;464.0;380.0;504.0;707.0;905.0;338.0;302.0;572.0;877.0;509.0;523.0;587.0;274.0;637.0;617.0;783.0;675.0;975.0;802.0;575.0;781.0;615.0;923.0;852.0;443.0;216.0;717.0;255.0;510.0;604.0;259.0;549.0;889.0;998.0;489.0;267.0;327.0;695.0;496.0;173.0;591.0;802.0;654.0;767.0;669.0;857.0;951.0;982.0;456.0;566.0;619.0;790.0;288.0;286.0;217.0;694.0;844.0;232.0;283.0;998.0;706.0;592.0;728.0;654.0;453.0;103.0;255.0;964.0;860.0;192.0;1009.0;653.0;1022.0;856.0;689.0;704.0;790.0;231.0;733.0
37;494.0;386.0;641.0;483.0;883.0;622.0;604.0;432.0;406.0;865.0;767.0;94.0;564.0;845.0;133.0;400.0;647.0;72.0;431.0;515.0;618.0;397.0;952.0;880.0;685.0;863.0;895.0;961.0;341.0;470.0;435.0;885.0;655.0;172.0;1000.0;763.0;774.0;0.0;1033.0;360.0;23.0;903.0;233.0;656.0;466.0;663.0;585.0;256.0;465.0;650.0;896.0;375.0;576.0;731.0;556.0;484.0;479.0;430.0;780.0;253.0;329.0;480.0;806.0;326.0;703.0;453.0;519.0;205.0;247.0;1063.0;743.0;278.0;511.0;630.0;846.0;626.0;465.0;682.0;800.0;575.0;860.0;276.0;639.0;259.0;400.0;684.0;214.0;549.0;679.0;342.0;577.0;395.0;877.0;805.0;1066.0;585.0;626.0;874.0;490.0;602.0;198.0;158.0;168.0;336.0;300.0;574.0;669.0;869.0;1005.0;682.0;690.0;528.0;941.0;592.0;755.0;991.0;213.0;549.0;639.0;256.0;690.0;580.0;426.0;941.0;670.0;804.0;590.0;746.0;176.0;745.0;760.0;1067.0;895.0;738.0;88.0;168.0;237.0;786.0;396.0
38;544.0;1015.0;632.0;554.0;149.0;888.0;903.0;602.0;713.0;186.0;332.0;1025.0;738.0;339.0;916.0;732.0;391.0;1101.0;941.0;786.0;475.0;883.0;236.0;155.0;430.0;419.0;155.0;226.0;793.0;593.0;600.0;339.0;389.0;886.0;220.0;449.0;555.0;1033.0;0.0;733.0;1010.0;470.0;873.0;868.0;700.0;433.0;881.0;1198.0;792.0;701.0;264.0;710.0;514.0;783.0;531.0;890.0;569.0;675.0;424.0;962.0;842.0;850.0;241.0;784.0;712.0;759.0;773.0;849.0;996.0;100.0;317.0;758.0;709.0;497.0;277.0;633.0;659.0;814.0;515.0;504.0;442.0;767.0;780.0;959.0;638.0;423.0;865.0;559.0;374.0;712.0;759.0;648.0;561.0;754.0;132.0;496.0;859.0;329.0;549.0;598.0;840.0;970.0;866.0;827.0;776.0;751.0;793.0;687.0;113.0;401.0;430.0;714.0;291.0;801.0;367.0;221.0;980.0;679.0;426.0;1164.0;505.0;510.0;731.0;219.0;366.0;453.0;499.0;754.0;1022.0;746.0;801.0;107.0;721.0;627.0;949.0;887.0;911.0;339.0;756.0
39;280.0;588.0;289.0;268.0;589.0;367.0;360.0;179.0;50.0;551.0;546.0;402.0;241.0;643.0;303.0;56.0;346.0;431.0;577.0;217.0;438.0;511.0;611.0;578.0;337.0;505.0;582.0;723.0;380.0;140.0;177.0;685.0;344.0;301.0;759.0;604.0;417.0;360.0;733.0;0.0;339.0;754.0;146.0;716.0;118.0;471.0;665.0;598.0;173.0;315.0;668.0;23.0;231.0;418.0;396.0;587.0;299.0;71.0;611.0;229.0;119.0;229.0;540.0;352.0;677.0;138.0;213.0;156.0;478.0;743.0;498.0;207.0;172.0;475.0;616.0;561.0;396.0;710.0;674.0;399.0;702.0;238.0;656.0;458.0;139.0;338.0;322.0;195.0;442.0;264.0;263.0;246.0;766.0;786.0;741.0;244.0;355.0;670.0;279.0;244.0;176.0;393.0;244.0;409.0;306.0;581.0;689.0;812.0;683.0;473.0;506.0;513.0;593.0;297.0;409.0;751.0;441.0;203.0;310.0;584.0;553.0;413.0;416.0;700.0;408.0;445.0;245.0;735.0;449.0;420.0;769.0;790.0;847.0;668.0;273.0;298.0;397.0;442.0;406.0
40;472.0;383.0;622.0;460.0;860.0;610.0;592.0;409.0;386.0;843.0;746.0;95.0;547.0;824.0;114.0;381.0;624.0;94.0;424.0;499.0;596.0;387.0;930.0;857.0;663.0;842.0;873.0;939.0;324.0;448.0;412.0;864.0;632.0;153.0;978.0;742.0;754.0;23.0;1010.0;339.0;0.0;883.0;216.0;644.0;447.0;642.0;575.0;271.0;448.0;632.0;874.0;354.0;554.0;715.0;535.0;474.0;457.0;410.0;760.0;244.0;313.0;466.0;784.0;308.0;687.0;435.0;502.0;183.0;243.0;1040.0;720.0;256.0;492.0;609.0;824.0;608.0;446.0;669.0;781.0;553.0;840.0;255.0;625.0;252.0;377.0;662.0;196.0;527.0;657.0;320.0;560.0;372.0;858.0;790.0;1044.0;563.0;613.0;853.0;467.0;582.0;176.0;150.0;146.0;321.0;281.0;560.0;656.0;853.0;982.0;660.0;669.0;512.0;919.0;577.0;732.0;969.0;207.0;531.0;617.0;267.0;670.0;559.0;408.0;919.0;648.0;782.0;568.0;731.0;175.0;728.0;747.0;1044.0;880.0;721.0;66.0;149.0;225.0;764.0;379.0
41;474.0;714.0;832.0;486.0;415.0;1060.0;1064.0;575.0;765.0;489.0;246.0;853.0;895.0;158.0;769.0;786.0;489.0;954.0;626.0;916.0;316.0;593.0;635.0;445.0;633.0;754.0;486.0;246.0;572.0;641.0;577.0;137.0;509.0;731.0;263.0;150.0;833.0;903.0;470.0;754.0;883.0;0.0;847.0;465.0;795.0;284.0;505.0;971.0;895.0;905.0;213.0;734.0;638.0;1017.0;365.0;557.0;461.0;733.0;144.0;954.0;871.0;959.0;337.0;580.0;303.0;853.0;905.0;790.0;758.0;568.0;311.0;647.0;835.0;285.0;227.0;296.0;437.0;404.0;108.0;357.0;54.0;636.0;391.0;721.0;615.0;621.0;691.0;677.0;337.0;570.0;922.0;538.0;94.0;303.0;598.0;619.0;1036.0;151.0;476.0;771.0;760.0;779.0;746.0;591.0;602.0;400.0;388.0;221.0;554.0;290.0;249.0;405.0;679.0;968.0;619.0;259.0;761.0;825.0;567.0;929.0;214.0;345.0;486.0;252.0;391.0;751.0;630.0;322.0;813.0;991.0;363.0;402.0;252.0;216.0;843.0;734.0;698.0;614.0;517.0
42;381.0;538.0;410.0;368.0;727.0;405.0;390.0;288.0;183.0;693.0;661.0;297.0;331.0;754.0;223.0;173.0;483.0;301.0;549.0;284.0;534.0;491.0;757.0;718.0;483.0;646.0;725.0;846.0;378.0;281.0;288.0;795.0;484.0;240.0;883.0;698.0;546.0;233.0;873.0;146.0;216.0;847.0;0.0;728.0;237.0;573.0;668.0;486.0;233.0;417.0;788.0;166.0;376.0;500.0;482.0;577.0;386.0;215.0;709.0;107.0;99.0;258.0;670.0;352.0;722.0;220.0;287.0;74.0;409.0;887.0;620.0;218.0;278.0;563.0;735.0;617.0;443.0;735.0;758.0;491.0;798.0;242.0;684.0;400.0;247.0;484.0;277.0;340.0;560.0;296.0;345.0;311.0;846.0;832.0;885.0;389.0;404.0;782.0;378.0;377.0;115.0;312.0;179.0;396.0;306.0;610.0;716.0;873.0;827.0;582.0;606.0;546.0;738.0;363.0;555.0;875.0;369.0;318.0;454.0;479.0;637.0;503.0;440.0;824.0;534.0;585.0;391.0;776.0;361.0;513.0;803.0;925.0;905.0;730.0;157.0;235.0;347.0;588.0;420.0
43;511.0;320.0;935.0;515.0;755.0;1082.0;1075.0;579.0;754.0;800.0;542.0;573.0;940.0;536.0;544.0;769.0;664.0;677.0;239.0;930.0;439.0;258.0;949.0;776.0;808.0;991.0;814.0;673.0;350.0;681.0;585.0;551.0;687.0;510.0;703.0;420.0;1003.0;656.0;868.0;716.0;644.0;465.0;728.0;0.0;813.0;462.0;73.0;609.0;889.0;991.0;614.0;706.0;747.0;1107.0;415.0;173.0;470.0;740.0;446.0;823.0;800.0;943.0;649.0;376.0;163.0;851.0;924.0;654.0;428.0;951.0;579.0;518.0;868.0;397.0;591.0;242.0;333.0;62.0;372.0;437.0;459.0;490.0;89.0;402.0;600.0;798.0;464.0;764.0;546.0;452.0;966.0;480.0;383.0;198.0;974.0;736.0;1068.0;554.0;508.0;869.0;614.0;499.0;559.0;336.0;423.0;146.0;77.0;295.0;916.0;496.0;451.0;214.0;975.0;1006.0;836.0;695.0;452.0;882.0;727.0;564.0;365.0;422.0;299.0;668.0;592.0;959.0;748.0;151.0;501.0;1097.0;131.0;831.0;300.0;252.0;638.0;515.0;420.0;850.0;312.0
