Vehicle:
Average speed:;900
Time limit:;2049.47
Fuel comsumption rate:;1
Fuel Capacity:;839.692
Depot:
ID;X;Y;Service Time
0;113;195;0
Customers:
ID;X;Y;Service Time
1;377;239;6.87023
2;364;39;6.87023
3;306;316;6.87023
4;795;18;6.87023
5;560;115;6.87023
6;501;147;6.87023
7;704;68;6.87023
8;762;62;6.87023
9;357;33;6.87023
10;359;353;6.87023
11;314;186;6.87023
12;338;303;6.87023
13;522;80;6.87023
14;291;58;6.87023
15;735;15;6.87023
16;324;12;6.87023
17;275;278;6.87023
18;409;32;6.87023
19;279;297;6.87023
20;844;27;6.87023
21;447;303;6.87023
22;796;4;6.87023
23;735;111;6.87023
24;373;461;6.87023
25;385;100;6.87023
26;281;378;6.87023
27;793;7;6.87023
28;965;64;6.87023
29;347;256;6.87023
30;742;75;6.87023
31;339;244;6.87023
32;334;391;6.87023
33;323;314;6.87023
34;345;69;6.87023
35;295;370;6.87023
36;462;240;6.87023
37;426;446;6.87023
38;286;335;6.87023
39;374;34;6.87023
40;201;153;6.87023
41;356;74;6.87023
42;767;236;6.87023
43;450;218;6.87023
44;789;61;6.87023
45;467;332;6.87023
46;437;293;6.87023
47;357;21;6.87023
48;386;207;6.87023
49;389;234;6.87023
50;281;344;6.87023
51;312;3;6.87023
52;317;163;6.87023
53;582;186;6.87023
54;301;411;6.87023
55;822;6;6.87023
56;197;437;6.87023
57;386;268;6.87023
58;294;74;6.87023
59;425;55;6.87023
60;279;81;6.87023
61;382;251;6.87023
62;351;385;6.87023
63;701;32;6.87023
64;384;214;6.87023
65;866;243;6.87023
66;546;186;6.87023
67;815;29;6.87023
68;734;57;6.87023
69;377;235;6.87023
70;793;31;6.87023
71;392;248;6.87023
72;308;314;6.87023
73;396;27;6.87023
74;250;345;6.87023
75;903;66;6.87023
76;266;264;6.87023
77;580;142;6.87023
78;191;288;6.87023
79;408;225;6.87023
80;297;283;6.87023
81;733;38;6.87023
82;312;293;6.87023
83;180;250;6.87023
84;764;45;6.87023
85;351;284;6.87023
86;321;318;6.87023
87;208;348;6.87023
88;451;423;6.87023
89;365;142;6.87023
90;487;175;6.87023
91;267;51;6.87023
92;346;248;6.87023
93;575;294;6.87023
94;585;346;6.87023
95;199;136;6.87023
96;485;24;6.87023
97;542;109;6.87023
98;813;117;6.87023
99;442;280;6.87023
100;212;192;6.87023
101;344;170;6.87023
102;574;426;6.87023
103;325;343;6.87023
104;426;272;6.87023
105;349;90;6.87023
106;389;302;6.87023
107;769;51;6.87023
108;489;165;6.87023
109;174;288;6.87023
110;285;419;6.87023
111;434;257;6.87023
112;376;210;6.87023
113;400;124;6.87023
114;320;191;6.87023
115;304;260;6.87023
116;339;138;6.87023
117;390;222;6.87023
118;129;47;6.87023
119;376;262;6.87023
120;416;240;6.87023
121;688;80;6.87023
122;289;193;6.87023
123;270;418;6.87023
124;322;311;6.87023
125;303;228;6.87023
127;315;212;6.87023
128;266;239;6.87023
129;326;136;6.87023
130;287;298;6.87023
131;319;176;6.87023
132;79;221;6.87023
AFSs:
ID;X;Y;Service Time
126;829;13;450
133;323;291;450
Distance matrix:
;0;1;2;3;4;5;6;7;8;9;10;11;12;13;14;15;16;17;18;19;20;21;22;23;24;25;26;27;28;29;30;31;32;33;34;35;36;37;38;39;40;41;42;43;44;45;46;47;48;49;50;51;52;53;54;55;56;57;58;59;60;61;62;63;64;65;66;67;68;69;70;71;72;73;74;75;76;77;78;79;80;81;82;83;84;85;86;87;88;89;90;91;92;93;94;95;96;97;98;99;100;101;102;103;104;105;106;107;108;109;110;111;112;113;114;115;116;117;118;119;120;121;122;123;124;125;126;127;128;129;130;131;132;133
0;0.0;268.0;296.0;228.0;705.0;454.0;391.0;604.0;662.0;293.0;292.0;201.0;250.0;425.0;225.0;648.0;279.0;182.0;338.0;195.0;750.0;351.0;709.0;628.0;372.0;288.0;248.0;706.0;862.0;242.0;640.0;231.0;295.0;241.0;264.0;252.0;352.0;401.0;223.0;307.0;98.0;271.0;655.0;338.0;689.0;380.0;338.0;300.0;273.0;279.0;225.0;277.0;206.0;469.0;286.0;734.0;256.0;283.0;218.0;342.0;201.0;275.0;305.0;610.0;272.0;755.0;433.0;721.0;636.0;267.0;699.0;284.0;228.0;329.0;203.0;800.0;168.0;470.0;121.0;297.0;204.0;640.0;222.0;87.0;668.0;254.0;242.0;180.0;408.0;258.0;375.0;211.0;239.0;472.0;496.0;104.0;409.0;438.0;704.0;340.0;99.0;232.0;516.0;259.0;322.0;258.0;296.0;672.0;377.0;111.0;282.0;327.0;263.0;296.0;207.0;202.0;233.0;278.0;149.0;271.0;306.0;586.0;176.0;273.0;239.0;193.0;739.0;203.0;159.0;221.0;202.0;207.0;43.0;231.0
1;268.0;0.0;200.0;105.0;473.0;221.0;154.0;369.0;424.0;207.0;115.0;82.0;75.0;215.0;200.0;422.0;233.0;109.0;209.0;114.0;513.0;95.0;480.0;380.0;222.0;139.0;169.0;476.0;613.0;34.0;400.0;38.0;158.0;92.0;173.0;155.0;85.0;213.0;132.0;205.0;196.0;166.0;390.0;76.0;449.0;129.0;81.0;219.0;33.0;13.0;142.0;245.0;97.0;212.0;188.0;502.0;268.0;30.0;185.0;190.0;186.0;13.0;148.0;384.0;26.0;489.0;177.0;486.0;401.0;4.0;465.0;17.0;102.0;213.0;165.0;554.0;114.0;225.0;192.0;34.0;91.0;409.0;85.0;197.0;433.0;52.0;97.0;201.0;198.0;98.0;127.0;218.0;32.0;205.0;234.0;206.0;241.0;210.0;453.0;77.0;172.0;76.0;272.0;116.0;59.0;152.0;64.0;435.0;134.0;209.0;202.0;60.0;29.0;117.0;75.0;76.0;108.0;21.0;314.0;23.0;39.0;349.0;99.0;209.0;91.0;75.0;505.0;68.0;111.0;115.0;108.0;86.0;299.0;75.0
2;296.0;200.0;0.0;283.0;432.0;210.0;174.0;341.0;399.0;9.0;314.0;155.0;265.0;163.0;75.0;372.0;48.0;255.0;46.0;272.0;480.0;277.0;433.0;378.0;422.0;65.0;349.0;430.0;602.0;218.0;380.0;207.0;353.0;278.0;36.0;338.0;224.0;412.0;306.0;11.0;199.0;36.0;449.0;199.0;426.0;311.0;264.0;19.0;169.0;197.0;316.0;63.0;133.0;263.0;377.0;459.0;432.0;230.0;78.0;63.0;95.0;213.0;346.0;337.0;176.0;542.0;234.0;451.0;370.0;196.0;429.0;211.0;281.0;34.0;327.0;540.0;245.0;239.0;303.0;191.0;253.0;369.0;259.0;280.0;400.0;245.0;282.0;346.0;394.0;103.0;183.0;98.0;210.0;331.0;378.0;191.0;122.0;191.0;456.0;253.0;216.0;133.0;440.0;306.0;241.0;53.0;264.0;405.0;177.0;313.0;388.0;229.0;171.0;92.0;158.0;229.0;102.0;185.0;235.0;223.0;208.0;327.0;171.0;390.0;275.0;199.0;466.0;180.0;223.0;104.0;270.0;144.0;338.0;255.0
3;228.0;105.0;283.0;0.0;573.0;324.0;258.0;469.0;522.0;288.0;65.0;130.0;35.0;320.0;258.0;524.0;305.0;49.0;302.0;33.0;611.0;142.0;581.0;475.0;160.0;230.0;67.0;577.0;706.0;73.0;498.0;79.0;80.0;17.0;250.0;55.0;174.0;177.0;28.0;290.0;194.0;247.0;468.0;174.0;546.0;162.0;133.0;299.0;135.0;117.0;38.0;313.0;153.0;305.0;95.0;602.0;163.0;93.0;242.0;287.0;237.0;100.0;82.0;486.0;128.0;565.0;273.0;584.0;500.0;108.0;564.0;110.0;3.0;303.0;63.0;647.0;66.0;325.0;118.0;137.0;34.0;510.0;24.0;142.0;532.0;55.0;15.0;103.0;180.0;184.0;229.0;268.0;79.0;270.0;281.0;209.0;342.0;314.0;545.0;141.0;156.0;151.0;290.0;33.0;128.0;230.0;84.0;533.0;237.0;135.0;105.0;141.0;127.0;214.0;126.0;56.0;181.0;126.0;322.0;88.0;134.0;449.0;124.0;108.0;17.0;88.0;604.0;104.0;87.0;181.0;26.0;141.0;246.0;30.0
4;705.0;473.0;432.0;573.0;0.0;254.0;321.0;104.0;55.0;438.0;550.0;509.0;539.0;280.0;506.0;60.0;471.0;581.0;386.0;587.0;50.0;450.0;14.0;111.0;612.0;418.0;628.0;11.0;176.0;507.0;78.0;509.0;593.0;557.0;453.0;611.0;400.0;565.0;600.0;421.0;609.0;443.0;220.0;399.0;43.0;454.0;451.0;438.0;451.0;460.0;609.0;483.0;500.0;271.0;631.0;30.0;730.0;479.0;504.0;372.0;520.0;474.0;576.0;95.0;455.0;236.0;300.0;23.0;72.0;471.0;13.0;464.0;570.0;399.0;636.0;118.0;583.0;248.0;662.0;439.0;564.0;65.0;556.0;657.0;41.0;518.0;561.0;673.0;531.0;448.0;346.0;529.0;504.0;353.0;389.0;608.0;310.0;269.0;101.0;440.0;608.0;476.0;464.0;571.0;448.0;452.0;495.0;42.0;339.0;677.0;649.0;433.0;461.0;409.0;506.0;547.0;472.0;453.0;667.0;485.0;439.0;124.0;535.0;660.0;556.0;535.0;34.0;518.0;573.0;484.0;580.0;502.0;744.0;545.0
5;454.0;221.0;210.0;324.0;254.0;0.0;67.0;151.0;209.0;219.0;312.0;256.0;291.0;52.0;275.0;202.0;257.0;328.0;172.0;335.0;297.0;219.0;261.0;175.0;393.0;176.0;383.0;257.0;408.0;255.0;186.0;256.0;357.0;309.0;220.0;368.0;159.0;357.0;351.0;203.0;361.0;208.0;240.0;151.0;235.0;236.0;216.0;224.0;197.0;208.0;361.0;272.0;248.0;74.0;393.0;284.0;485.0;232.0;269.0;148.0;283.0;224.0;341.0;164.0;202.0;332.0;72.0;269.0;183.0;219.0;248.0;214.0;321.0;186.0;386.0;346.0;330.0;34.0;408.0;188.0;312.0;189.0;305.0;403.0;216.0;269.0;314.0;422.0;327.0;197.0;94.0;300.0;252.0;180.0;232.0;362.0;118.0;19.0;253.0;203.0;356.0;223.0;311.0;327.0;206.0;212.0;253.0;219.0;87.0;423.0;410.0;190.0;207.0;160.0;252.0;294.0;222.0;201.0;436.0;236.0;191.0;133.0;282.0;419.0;308.0;281.0;288.0;264.0;319.0;235.0;329.0;249.0;493.0;295.0
6;391.0;154.0;174.0;258.0;321.0;67.0;0.0;218.0;274.0;184.0;250.0;191.0;226.0;70.0;228.0;269.0;223.0;261.0;147.0;268.0;363.0;165.0;328.0;237.0;339.0;125.0;319.0;324.0;471.0;189.0;252.0;189.0;296.0;244.0;174.0;304.0;101.0;308.0;286.0;170.0;300.0;162.0;280.0;87.0;301.0;188.0;159.0;191.0;130.0;142.0;295.0;238.0;185.0;90.0;331.0;351.0;420.0;167.0;219.0;119.0;232.0;158.0;281.0;231.0;135.0;377.0;60.0;335.0;250.0;152.0;314.0;149.0;255.0;159.0;320.0;410.0;263.0;79.0;341.0;121.0;245.0;256.0;239.0;337.0;282.0;203.0;248.0;355.0;280.0;136.0;31.0;253.0;185.0;165.0;216.0;302.0;124.0;56.0;313.0;145.0;292.0;159.0;288.0;263.0;146.0;162.0;191.0;285.0;22.0;356.0;347.0;129.0;140.0;104.0;186.0;227.0;162.0;134.0;385.0;170.0;126.0;199.0;217.0;356.0;243.0;214.0;354.0;197.0;252.0;175.0;262.0;184.0;428.0;229.0
7;604.0;369.0;341.0;469.0;104.0;151.0;218.0;0.0;58.0;349.0;447.0;407.0;435.0;182.0;413.0;61.0;384.0;478.0;297.0;483.0;146.0;348.0;112.0;53.0;514.0;321.0;524.0;108.0;261.0;403.0;39.0;405.0;491.0;454.0;359.0;508.0;297.0;469.0;496.0;332.0;510.0;348.0;179.0;295.0;85.0;355.0;349.0;350.0;347.0;356.0;505.0;397.0;398.0;170.0;529.0;133.0;627.0;376.0;410.0;279.0;425.0;370.0;474.0;36.0;352.0;238.0;197.0;118.0;32.0;367.0;96.0;360.0;466.0;311.0;532.0;199.0;480.0;144.0;558.0;335.0;460.0;42.0;452.0;555.0;64.0;414.0;457.0;570.0;436.0;347.0;242.0;437.0;401.0;260.0;302.0;510.0;223.0;167.0;120.0;337.0;507.0;374.0;381.0;468.0;345.0;356.0;392.0;67.0;236.0;574.0;547.0;330.0;357.0;309.0;403.0;444.0;372.0;350.0;575.0;381.0;335.0;20.0;433.0;558.0;453.0;432.0;137.0;415.0;470.0;384.0;476.0;400.0;643.0;441.0
8;662.0;424.0;399.0;522.0;55.0;209.0;274.0;58.0;0.0;406.0;497.0;465.0;488.0;241.0;471.0;54.0;441.0;533.0;354.0;537.0;89.0;397.0;67.0;56.0;557.0;379.0;576.0;63.0;203.0;458.0;24.0;460.0;540.0;506.0;417.0;559.0;349.0;510.0;549.0;389.0;568.0;406.0;174.0;349.0;27.0;400.0;399.0;407.0;403.0;411.0;558.0;454.0;456.0;219.0;578.0;82.0;678.0;429.0;468.0;337.0;483.0;424.0;523.0;68.0;407.0;209.0;249.0;62.0;28.0;422.0;44.0;414.0;519.0;368.0;585.0;141.0;536.0;199.0;614.0;390.0;515.0;38.0;506.0;612.0;17.0;467.0;510.0;623.0;476.0;405.0;297.0;495.0;456.0;298.0;335.0;568.0;280.0;225.0;75.0;387.0;565.0;432.0;410.0;520.0;396.0;414.0;444.0;13.0;292.0;630.0;596.0;382.0;413.0;367.0;460.0;499.0;430.0;405.0;633.0;435.0;389.0;76.0;491.0;607.0;506.0;488.0;83.0;471.0;527.0;442.0;530.0;457.0;701.0;495.0
9;293.0;207.0;9.0;288.0;438.0;219.0;184.0;349.0;406.0;0.0;320.0;159.0;271.0;172.0;71.0;378.0;39.0;258.0;52.0;275.0;487.0;285.0;440.0;386.0;428.0;73.0;353.0;437.0;609.0;223.0;387.0;212.0;359.0;283.0;38.0;343.0;232.0;419.0;310.0;17.0;197.0;41.0;458.0;207.0;433.0;319.0;272.0;12.0;176.0;204.0;320.0;54.0;136.0;272.0;382.0;466.0;435.0;237.0;75.0;71.0;92.0;219.0;352.0;344.0;183.0;551.0;243.0;458.0;378.0;203.0;436.0;218.0;285.0;39.0;330.0;547.0;248.0;248.0;304.0;199.0;257.0;376.0;264.0;280.0;407.0;251.0;287.0;348.0;401.0;109.0;193.0;92.0;215.0;340.0;387.0;189.0;128.0;200.0;464.0;261.0;215.0;138.0;449.0;312.0;249.0;58.0;271.0;412.0;187.0;314.0;393.0;237.0;178.0;101.0;162.0;233.0;107.0;192.0;228.0;230.0;215.0;334.0;174.0;395.0;280.0;202.0;472.0;184.0;225.0;108.0;274.0;148.0;336.0;260.0
10;292.0;115.0;314.0;65.0;550.0;312.0;250.0;447.0;497.0;320.0;0.0;173.0;54.0;318.0;303.0;506.0;343.0;113.0;325.0;98.0;584.0;101.0;559.0;447.0;109.0;254.0;82.0;555.0;671.0;98.0;473.0;111.0;45.0;53.0;284.0;66.0;153.0;115.0;75.0;319.0;255.0;279.0;424.0;163.0;520.0;110.0;98.0;332.0;148.0;123.0;79.0;353.0;195.0;279.0;82.0;579.0;182.0;89.0;286.0;305.0;284.0;105.0;33.0;469.0;141.0;519.0;251.0;559.0;478.0;119.0;540.0;110.0;64.0;328.0;109.0;615.0;129.0;306.0;180.0;137.0;94.0;489.0;76.0;207.0;509.0;69.0;52.0;151.0;116.0;211.0;219.0;316.0;106.0;224.0;226.0;270.0;352.0;305.0;512.0;111.0;218.0;184.0;227.0;35.0;105.0;263.0;59.0;509.0;229.0;196.0;99.0;122.0;144.0;233.0;167.0;108.0;216.0;135.0;383.0;93.0;127.0;428.0;175.0;110.0;56.0;137.0;580.0;148.0;147.0;219.0;91.0;181.0;310.0;72.0
11;201.0;82.0;155.0;130.0;509.0;256.0;191.0;407.0;465.0;159.0;173.0;0.0;119.0;233.0;130.0;454.0;174.0;100.0;181.0;116.0;553.0;177.0;515.0;428.0;281.0;112.0;195.0;511.0;662.0;77.0;442.0;63.0;206.0;128.0;121.0;185.0;158.0;283.0;152.0;163.0;118.0;120.0;456.0;140.0;491.0;211.0;163.0;171.0;75.0;89.0;161.0;183.0;23.0;268.0;225.0;539.0;277.0;109.0;114.0;172.0;111.0;94.0;202.0;417.0;75.0;555.0;232.0;525.0;439.0;80.0;503.0;100.0;128.0;179.0;171.0;601.0;92.0;270.0;160.0;102.0;98.0;444.0;107.0;148.0;472.0;105.0;132.0;194.0;274.0;67.0;173.0;143.0;70.0;282.0;315.0;125.0;236.0;241.0;504.0;159.0;102.0;34.0;354.0;157.0;141.0;102.0;138.0;475.0;176.0;173.0;235.0;139.0;66.0;106.0;8.0;75.0;54.0;84.0;231.0;98.0;115.0;389.0;26.0;236.0;125.0;43.0;543.0;26.0;72.0;51.0;115.0;11.0;238.0;105.0
12;250.0;75.0;265.0;35.0;539.0;291.0;226.0;435.0;488.0;271.0;54.0;119.0;0.0;289.0;249.0;490.0;291.0;68.0;280.0;59.0;576.0;109.0;547.0;441.0;162.0;208.0;94.0;543.0;671.0;48.0;464.0;59.0;88.0;19.0;234.0;80.0;139.0;168.0;61.0;271.0;203.0;230.0;434.0;141.0;512.0;132.0;100.0;283.0;107.0;86.0;70.0;301.0;142.0;271.0;114.0;568.0;195.0;59.0;233.0;263.0;230.0;68.0;83.0;453.0;100.0;531.0;239.0;550.0;466.0;78.0;530.0;77.0;32.0;282.0;98.0;613.0;82.0;291.0;148.0;105.0;46.0;476.0;28.0;167.0;498.0;23.0;23.0;138.0;165.0;163.0;196.0;262.0;56.0;237.0;251.0;217.0;315.0;282.0;510.0;107.0;168.0;133.0;266.0;42.0;93.0;213.0;51.0;499.0;205.0;165.0;128.0;106.0;100.0;189.0;113.0;55.0;165.0;96.0;330.0;56.0;100.0;415.0;120.0;134.0;18.0;83.0;570.0;94.0;96.0;167.0;51.0;128.0;272.0;19.0
13;425.0;215.0;163.0;320.0;280.0;52.0;70.0;182.0;241.0;172.0;318.0;233.0;289.0;0.0;232.0;223.0;209.0;317.0;123.0;326.0;326.0;235.0;284.0;215.0;409.0;138.0;383.0;281.0;443.0;248.0;220.0;246.0;363.0;307.0;177.0;368.0;171.0;378.0;347.0;155.0;329.0;166.0;290.0;156.0;268.0;258.0;229.0;175.0;186.0;203.0;357.0;224.0;221.0;122.0;398.0;309.0;483.0;232.0;228.0;100.0;243.0;221.0;350.0;185.0;192.0;381.0;109.0;297.0;213.0;212.0;275.0;212.0;317.0;137.0;380.0;381.0;315.0;85.0;391.0;184.0;303.0;215.0;299.0;382.0;245.0;266.0;312.0;413.0;350.0;169.0;101.0;257.0;243.0;220.0;273.0;328.0;67.0;35.0;293.0;215.0;330.0;199.0;350.0;329.0;215.0;173.0;259.0;249.0;91.0;405.0;414.0;198.0;195.0;130.0;230.0;283.0;192.0;194.0;394.0;233.0;192.0;166.0;259.0;422.0;306.0;264.0;314.0;246.0;301.0;204.0;321.0;225.0;465.0;290.0
14;225.0;200.0;75.0;258.0;506.0;275.0;228.0;413.0;471.0;71.0;303.0;130.0;249.0;232.0;0.0;446.0;57.0;221.0;121.0;239.0;554.0;290.0;508.0;447.0;411.0;103.0;320.0;505.0;674.0;206.0;451.0;192.0;336.0;258.0;55.0;312.0;250.0;411.0;277.0;86.0;131.0;67.0;508.0;226.0;498.0;326.0;277.0;76.0;177.0;201.0;286.0;59.0;108.0;318.0;353.0;534.0;390.0;230.0;16.0;134.0;26.0;213.0;332.0;411.0;182.0;604.0;285.0;525.0;443.0;197.0;503.0;215.0;257.0;109.0;290.0;612.0;208.0;301.0;251.0;204.0;225.0;442.0;236.0;222.0;473.0;234.0;262.0;302.0;399.0;112.0;228.0;25.0;198.0;369.0;412.0;121.0;197.0;256.0;525.0;268.0;156.0;124.0;464.0;287.0;253.0;66.0;263.0;478.0;225.0;258.0;361.0;245.0;174.0;127.0;136.0;202.0;93.0;192.0;162.0;221.0;221.0;398.0;135.0;361.0;255.0;170.0;540.0;156.0;183.0;85.0;240.0;121.0;267.0;235.0
15;648.0;422.0;372.0;524.0;60.0;202.0;269.0;61.0;54.0;378.0;506.0;454.0;490.0;223.0;446.0;0.0;411.0;530.0;326.0;536.0;110.0;407.0;62.0;96.0;574.0;360.0;581.0;59.0;235.0;457.0;60.0;457.0;550.0;509.0;394.0;565.0;354.0;530.0;551.0;361.0;552.0;384.0;223.0;350.0;71.0;415.0;408.0;378.0;398.0;409.0;561.0;423.0;443.0;229.0;588.0;87.0;684.0;431.0;445.0;313.0;461.0;425.0;533.0;38.0;403.0;263.0;255.0;81.0;42.0;420.0;60.0;415.0;521.0;339.0;587.0;176.0;531.0;200.0;609.0;389.0;513.0;23.0;506.0;603.0;42.0;469.0;513.0;623.0;497.0;391.0;295.0;469.0;453.0;322.0;363.0;549.0;250.0;215.0;128.0;395.0;552.0;421.0;441.0;525.0;402.0;393.0;450.0;50.0;288.0;624.0;605.0;386.0;409.0;352.0;451.0;496.0;415.0;402.0;607.0;436.0;390.0;80.0;480.0;615.0;508.0;482.0;94.0;464.0;520.0;427.0;530.0;446.0;688.0;496.0
16;279.0;233.0;48.0;305.0;471.0;257.0;223.0;384.0;441.0;39.0;343.0;174.0;291.0;209.0;57.0;411.0;0.0;270.0;87.0;289.0;520.0;316.0;472.0;423.0;452.0;107.0;369.0;469.0;643.0;245.0;423.0;232.0;379.0;302.0;61.0;359.0;267.0;446.0;325.0;55.0;187.0;70.0;496.0;241.0;468.0;350.0;303.0;34.0;205.0;231.0;335.0;15.0;151.0;311.0;400.0;498.0;444.0;263.0;69.0;110.0;82.0;246.0;374.0;378.0;211.0;589.0;282.0;491.0;412.0;229.0;469.0;246.0;302.0;74.0;341.0;582.0;259.0;287.0;306.0;229.0;272.0;410.0;281.0;278.0;441.0;273.0;306.0;355.0;430.0;136.0;231.0;69.0;237.0;378.0;424.0;176.0;161.0;239.0;500.0;293.0;212.0;159.0;484.0;331.0;279.0;82.0;297.0;447.0;225.0;314.0;409.0;269.0;205.0;135.0;179.0;249.0;127.0;220.0;198.0;255.0;246.0;370.0;184.0;410.0;299.0;217.0;505.0;200.0;234.0;124.0;288.0;164.0;322.0;279.0
17;182.0;109.0;255.0;49.0;581.0;328.0;261.0;478.0;533.0;258.0;113.0;100.0;68.0;317.0;221.0;530.0;270.0;0.0;280.0;19.0;622.0;174.0;589.0;489.0;208.0;209.0;100.0;585.0;722.0;75.0;509.0;72.0;127.0;60.0;220.0;94.0;191.0;226.0;58.0;263.0;145.0;219.0;494.0;185.0;558.0;199.0;163.0;270.0;132.0;122.0;66.0;277.0;122.0;320.0;136.0;611.0;177.0;111.0;205.0;269.0;197.0;110.0;131.0;492.0;126.0;592.0;286.0;595.0;509.0;111.0;574.0;121.0;49.0;279.0;72.0;663.0;17.0;334.0;85.0;143.0;23.0;517.0;40.0;99.0;542.0;76.0;61.0;97.0;228.0;163.0;236.0;227.0;77.0;300.0;317.0;161.0;330.0;316.0;562.0;167.0;107.0;128.0;334.0;82.0;151.0;202.0;116.0;544.0;242.0;101.0;141.0;160.0;122.0;198.0;98.0;34.0;154.0;128.0;273.0;102.0;146.0;458.0;86.0;140.0;57.0;57.0;614.0;77.0;40.0;151.0;23.0;111.0;204.0;50.0
18;338.0;209.0;46.0;302.0;386.0;172.0;147.0;297.0;354.0;52.0;325.0;181.0;280.0;123.0;121.0;326.0;87.0;280.0;0.0;295.0;435.0;274.0;388.0;335.0;431.0;72.0;369.0;385.0;557.0;232.0;336.0;223.0;367.0;295.0;74.0;357.0;215.0;414.0;327.0;35.0;241.0;68.0;412.0;190.0;381.0;306.0;262.0;53.0;177.0;203.0;337.0;101.0;160.0;232.0;394.0;414.0;457.0;237.0;122.0;28.0;139.0;221.0;358.0;292.0;184.0;503.0;206.0;406.0;326.0;206.0;384.0;217.0;300.0;14.0;351.0;495.0;273.0;203.0;336.0;193.0;275.0;324.0;278.0;316.0;355.0;259.0;299.0;375.0;393.0;118.0;163.0;143.0;225.0;310.0;360.0;234.0;76.0;154.0;413.0;250.0;254.0;153.0;427.0;322.0;241.0;83.0;271.0;361.0;155.0;348.0;406.0;226.0;181.0;92.0;182.0;251.0;127.0;191.0;280.0;232.0;208.0;283.0;201.0;410.0;292.0;223.0;420.0;203.0;252.0;133.0;293.0;170.0;380.0;273.0
19;195.0;114.0;272.0;33.0;587.0;335.0;268.0;483.0;537.0;275.0;98.0;116.0;59.0;326.0;239.0;536.0;289.0;19.0;295.0;0.0;626.0;168.0;594.0;492.0;189.0;224.0;81.0;590.0;724.0;79.0;513.0;80.0;109.0;47.0;237.0;75.0;192.0;209.0;39.0;280.0;164.0;236.0;492.0;188.0;562.0;191.0;158.0;287.0;140.0;127.0;47.0;296.0;139.0;323.0;116.0;616.0;162.0;111.0;224.0;283.0;216.0;113.0;114.0;498.0;134.0;589.0;289.0;599.0;514.0;116.0;579.0;123.0;34.0;294.0;56.0;665.0;35.0;339.0;88.0;148.0;23.0;523.0;33.0;110.0;547.0;73.0;47.0;87.0;213.0;177.0;241.0;246.0;83.0;296.0;310.0;180.0;342.0;323.0;564.0;164.0;125.0;143.0;322.0;65.0;149.0;219.0;110.0;548.0;248.0;105.0;122.0;160.0;130.0;211.0;114.0;45.0;170.0;134.0;292.0;103.0;148.0;463.0;104.0;121.0;45.0;73.0;619.0;92.0;59.0;168.0;8.0;127.0;214.0;44.0
20;750.0;513.0;480.0;611.0;50.0;297.0;363.0;146.0;89.0;487.0;584.0;553.0;576.0;326.0;554.0;110.0;520.0;622.0;435.0;626.0;0.0;484.0;53.0;138.0;640.0;465.0;663.0;55.0;127.0;547.0;113.0;550.0;627.0;595.0;501.0;647.0;437.0;592.0;637.0;470.0;655.0;490.0;223.0;438.0;65.0;485.0;486.0;487.0;492.0;500.0;646.0;533.0;544.0;306.0;665.0;30.0;766.0;518.0;552.0;420.0;568.0;513.0;609.0;143.0;497.0;217.0;338.0;29.0;114.0;511.0;51.0;503.0;608.0;448.0;674.0;71.0;625.0;288.0;703.0;479.0;604.0;112.0;595.0;700.0;82.0;556.0;599.0;712.0;558.0;493.0;386.0;577.0;545.0;379.0;411.0;654.0;359.0;313.0;95.0;475.0;653.0;520.0;482.0;608.0;485.0;499.0;532.0;79.0;381.0;719.0;683.0;470.0;503.0;454.0;549.0;588.0;517.0;494.0;715.0;524.0;478.0;165.0;579.0;695.0;594.0;577.0;21.0;560.0;616.0;529.0;619.0;546.0;789.0;584.0
21;351.0;95.0;277.0;142.0;450.0;219.0;165.0;348.0;397.0;285.0;101.0;177.0;109.0;235.0;290.0;407.0;316.0;174.0;274.0;168.0;484.0;0.0;460.0;346.0;174.0;212.0;182.0;455.0;570.0;110.0;373.0;123.0;143.0;124.0;255.0;166.0;65.0;145.0;164.0;279.0;288.0;246.0;327.0;85.0;419.0;35.0;14.0;296.0;114.0;90.0;171.0;329.0;191.0;179.0;182.0;478.0;284.0;70.0;275.0;249.0;278.0;83.0;126.0;371.0;109.0;423.0;153.0;459.0;378.0;98.0;440.0;78.0;139.0;281.0;201.0;514.0;185.0;209.0;256.0;87.0;151.0;390.0;135.0;272.0;409.0;98.0;127.0;243.0;120.0;181.0;134.0;310.0;115.0;128.0;145.0;299.0;282.0;216.0;411.0;24.0;260.0;168.0;177.0;128.0;37.0;234.0;58.0;409.0;144.0;273.0;199.0;48.0;117.0;185.0;169.0;149.0;197.0;99.0;408.0;82.0;70.0;328.0;193.0;211.0;125.0;162.0;480.0;160.0;192.0;206.0;160.0;180.0;377.0;125.0
22;709.0;480.0;433.0;581.0;14.0;261.0;328.0;112.0;67.0;440.0;559.0;515.0;547.0;284.0;508.0;62.0;472.0;589.0;388.0;594.0;53.0;460.0;0.0;123.0;623.0;422.0;636.0;4.0;179.0;515.0;89.0;516.0;603.0;566.0;456.0;620.0;409.0;576.0;608.0;423.0;613.0;446.0;234.0;407.0;57.0;465.0;461.0;439.0;458.0;467.0;617.0;484.0;505.0;281.0;641.0;26.0;739.0;488.0;507.0;374.0;523.0;482.0;586.0;99.0;462.0;249.0;309.0;31.0;82.0;478.0;27.0;472.0;578.0;401.0;644.0;124.0;590.0;256.0;668.0;447.0;572.0;72.0;564.0;663.0;52.0;526.0;569.0;681.0;543.0;453.0;353.0;531.0;512.0;365.0;402.0;611.0;312.0;275.0;114.0;449.0;614.0;482.0;477.0;580.0;457.0;455.0;504.0;54.0;347.0;684.0;658.0;442.0;468.0;414.0;511.0;555.0;476.0;461.0;668.0;493.0;447.0;132.0;541.0;669.0;565.0;542.0;34.0;524.0;580.0;488.0;588.0;507.0;749.0;553.0
23;628.0;380.0;378.0;475.0;111.0;175.0;237.0;53.0;56.0;386.0;447.0;428.0;441.0;215.0;447.0;96.0;423.0;489.0;335.0;492.0;138.0;346.0;123.0;0.0;504.0;350.0;527.0;119.0;235.0;414.0;37.0;418.0;489.0;459.0;392.0;511.0;302.0;456.0;502.0;369.0;536.0;381.0;129.0;304.0;74.0;347.0;349.0;389.0;362.0;367.0;510.0;437.0;421.0;170.0;528.0;136.0;629.0;383.0;443.0;315.0;457.0;380.0;472.0;86.0;366.0;186.0;203.0;115.0;54.0;379.0;99.0;369.0;473.0;349.0;538.0;174.0;493.0;158.0;572.0;346.0;471.0;73.0;460.0;572.0;72.0;421.0;463.0;578.0;422.0;371.0;256.0;472.0;412.0;243.0;279.0;537.0;265.0;193.0;78.0;338.0;529.0;395.0;354.0;471.0;348.0;387.0;395.0;69.0;252.0;588.0;545.0;335.0;372.0;335.0;423.0;456.0;397.0;362.0;609.0;389.0;344.0;56.0;453.0;557.0;459.0;448.0;136.0;432.0;486.0;410.0;485.0;421.0;665.0;450.0
24;372.0;222.0;422.0;160.0;612.0;393.0;339.0;514.0;557.0;428.0;109.0;281.0;162.0;409.0;411.0;574.0;452.0;208.0;431.0;189.0;640.0;174.0;623.0;504.0;0.0;361.0;124.0;618.0;713.0;207.0;534.0;220.0;80.0;155.0;393.0;120.0;238.0;55.0;153.0;427.0;353.0;387.0;454.0;255.0;577.0;160.0;180.0;440.0;254.0;228.0;149.0;462.0;303.0;345.0;88.0;639.0;178.0;193.0;395.0;409.0;391.0;210.0;79.0;540.0;247.0;539.0;325.0;618.0;542.0;226.0;601.0;214.0;161.0;435.0;169.0;661.0;224.0;380.0;251.0;239.0;194.0;555.0;179.0;286.0;571.0;178.0;152.0;200.0;87.0;319.0;308.0;423.0;215.0;262.0;241.0;369.0;451.0;390.0;559.0;194.0;313.0;292.0;204.0;127.0;196.0;372.0;160.0;570.0;318.0;264.0;98.0;213.0;251.0;338.0;275.0;213.0;325.0;240.0;481.0;199.0;225.0;494.0;281.0;112.0;158.0;243.0;639.0;256.0;246.0;328.0;184.0;290.0;380.0;177.0
25;288.0;139.0;65.0;230.0;418.0;176.0;125.0;321.0;379.0;73.0;254.0;112.0;208.0;138.0;103.0;360.0;107.0;209.0;72.0;224.0;465.0;212.0;422.0;350.0;361.0;0.0;297.0;418.0;581.0;161.0;358.0;151.0;295.0;223.0;51.0;285.0;160.0;348.0;255.0;67.0;191.0;39.0;405.0;135.0;406.0;246.0;200.0;84.0;107.0;134.0;265.0;121.0;93.0;215.0;322.0;447.0;386.0;168.0;95.0;60.0;108.0;151.0;287.0;323.0;114.0;502.0;183.0;436.0;352.0;135.0;414.0;148.0;227.0;74.0;280.0;519.0;203.0;199.0;270.0;127.0;203.0;353.0;206.0;254.0;383.0;187.0;227.0;305.0;330.0;47.0;127.0;128.0;153.0;272.0;317.0;189.0;126.0;157.0;428.0;189.0;196.0;81.0;377.0;250.0;177.0;37.0;202.0;387.0;123.0;283.0;334.0;164.0;110.0;28.0;112.0;179.0;60.0;122.0;261.0;162.0;143.0;304.0;134.0;338.0;220.0;152.0;452.0;132.0;183.0;69.0;221.0;101.0;329.0;201.0
26;248.0;169.0;349.0;67.0;628.0;383.0;319.0;524.0;576.0;353.0;82.0;195.0;94.0;383.0;320.0;581.0;369.0;100.0;369.0;81.0;663.0;182.0;636.0;527.0;124.0;297.0;0.0;632.0;753.0;139.0;552.0;146.0;55.0;77.0;316.0;16.0;228.0;160.0;43.0;356.0;239.0;313.0;506.0;233.0;599.0;192.0;178.0;365.0;201.0;180.0;34.0;376.0;218.0;357.0;39.0;657.0;103.0;152.0;304.0;354.0;297.0;162.0;70.0;544.0;194.0;600.0;327.0;638.0;555.0;172.0;619.0;171.0;69.0;369.0;45.0;696.0;115.0;381.0;127.0;199.0;96.0;566.0;90.0;163.0;587.0;117.0;72.0;79.0;176.0;251.0;289.0;327.0;145.0;306.0;306.0;256.0;409.0;375.0;593.0;188.0;198.0;217.0;297.0;56.0;180.0;296.0;132.0;587.0;298.0;140.0;41.0;195.0;193.0;280.0;191.0;120.0;247.0;190.0;364.0;150.0;193.0;504.0;185.0;41.0;79.0;152.0;658.0;169.0;140.0;246.0;80.0;206.0;256.0;97.0
27;706.0;476.0;430.0;577.0;11.0;257.0;324.0;108.0;63.0;437.0;555.0;511.0;543.0;281.0;505.0;59.0;469.0;585.0;385.0;590.0;55.0;455.0;4.0;119.0;618.0;418.0;632.0;0.0;181.0;511.0;85.0;512.0;598.0;561.0;452.0;616.0;405.0;572.0;604.0;420.0;610.0;442.0;230.0;403.0;54.0;460.0;457.0;436.0;453.0;463.0;613.0;481.0;501.0;277.0;637.0;29.0;735.0;483.0;503.0;371.0;519.0;478.0;582.0;95.0;458.0;247.0;305.0;31.0;77.0;474.0;24.0;468.0;574.0;398.0;640.0;125.0;586.0;252.0;664.0;442.0;568.0;68.0;560.0;659.0;48.0;522.0;565.0;677.0;539.0;449.0;349.0;528.0;508.0;360.0;398.0;608.0;308.0;271.0;112.0;445.0;610.0;478.0;473.0;576.0;453.0;452.0;500.0;50.0;343.0;680.0;654.0;437.0;464.0;410.0;508.0;551.0;473.0;457.0;665.0;489.0;443.0;128.0;537.0;665.0;561.0;538.0;36.0;520.0;576.0;484.0;584.0;503.0;745.0;549.0
28;862.0;613.0;602.0;706.0;176.0;408.0;471.0;261.0;203.0;609.0;671.0;662.0;671.0;443.0;674.0;235.0;643.0;722.0;557.0;724.0;127.0;570.0;179.0;235.0;713.0;581.0;753.0;181.0;0.0;647.0;223.0;651.0;711.0;689.0;620.0;737.0;533.0;661.0;731.0;592.0;769.0;609.0;262.0;538.0;176.0;566.0;576.0;610.0;596.0;601.0;739.0;656.0;656.0;402.0;749.0;154.0;854.0;614.0;671.0;540.0;686.0;612.0;693.0;266.0;600.0;205.0;436.0;154.0;231.0;612.0;175.0;602.0;703.0;570.0;768.0;62.0;727.0;393.0;806.0;580.0;703.0;233.0;692.0;807.0;202.0;652.0;692.0;809.0;627.0;605.0;491.0;698.0;646.0;453.0;473.0;769.0;482.0;425.0;161.0;566.0;764.0;630.0;533.0;698.0;578.0;617.0;623.0;196.0;487.0;822.0;767.0;565.0;607.0;568.0;657.0;689.0;630.0;596.0;836.0;621.0;577.0;277.0;688.0;780.0;689.0;682.0;145.0;667.0;721.0;643.0;717.0;656.0;900.0;681.0
29;242.0;34.0;218.0;73.0;507.0;255.0;189.0;403.0;458.0;223.0;98.0;77.0;48.0;248.0;206.0;457.0;245.0;75.0;232.0;79.0;547.0;110.0;515.0;414.0;207.0;161.0;139.0;511.0;647.0;0.0;434.0;14.0;136.0;63.0;187.0;125.0;116.0;206.0;100.0;224.0;179.0;182.0;420.0;110.0;483.0;142.0;97.0;235.0;63.0;47.0;110.0;255.0;98.0;245.0;162.0;537.0;235.0;41.0;190.0;216.0;188.0;35.0;129.0;419.0;56.0;519.0;211.0;520.0;435.0;37.0;500.0;46.0;70.0;234.0;132.0;588.0;81.0;259.0;159.0;68.0;57.0;443.0;51.0;167.0;467.0;28.0;67.0;167.0;197.0;115.0;162.0;220.0;8.0;231.0;254.0;191.0;270.0;244.0;486.0;98.0;149.0;86.0;284.0;90.0;81.0;166.0;62.0;469.0;169.0;176.0;174.0;87.0;54.0;142.0;70.0;43.0;118.0;55.0;302.0;30.0;71.0;384.0;86.0;179.0;60.0;52.0;540.0;54.0;83.0;122.0;73.0;85.0;270.0;42.0
30;640.0;400.0;380.0;498.0;78.0;186.0;252.0;39.0;24.0;387.0;473.0;442.0;464.0;220.0;451.0;60.0;423.0;509.0;336.0;513.0;113.0;373.0;89.0;37.0;534.0;358.0;552.0;85.0;223.0;434.0;0.0;437.0;516.0;482.0;397.0;536.0;325.0;487.0;525.0;370.0;547.0;386.0;163.0;325.0;49.0;376.0;375.0;389.0;380.0;387.0;534.0;436.0;434.0;195.0;554.0;106.0;654.0;405.0;448.0;318.0;463.0;401.0;499.0;59.0;384.0;209.0;225.0;86.0;20.0;399.0;67.0;390.0;495.0;349.0;561.0;161.0;512.0;175.0;591.0;366.0;491.0;38.0;482.0;589.0;37.0;443.0;486.0;600.0;454.0;383.0;274.0;476.0;432.0;275.0;313.0;546.0;262.0;203.0;82.0;363.0;543.0;409.0;389.0;496.0;372.0;393.0;420.0;36.0;269.0;607.0;572.0;358.0;390.0;345.0;438.0;475.0;408.0;381.0;614.0;411.0;365.0;54.0;468.0;583.0;482.0;465.0;107.0;448.0;503.0;420.0;507.0;435.0;679.0;471.0
31;231.0;38.0;207.0;79.0;509.0;256.0;189.0;405.0;460.0;212.0;111.0;63.0;59.0;246.0;192.0;457.0;232.0;72.0;223.0;80.0;550.0;123.0;516.0;418.0;220.0;151.0;146.0;512.0;651.0;14.0;437.0;0.0;147.0;72.0;175.0;133.0;123.0;220.0;105.0;213.0;165.0;171.0;428.0;114.0;486.0;155.0;110.0;224.0;60.0;51.0;116.0;243.0;84.0;250.0;171.0;538.0;240.0;53.0;176.0;208.0;174.0;44.0;142.0;420.0;54.0;527.0;215.0;522.0;437.0;39.0;501.0;53.0;77.0;224.0;135.0;591.0;76.0;262.0;154.0;72.0;57.0;445.0;56.0;159.0;469.0;42.0;76.0;167.0;211.0;105.0;163.0;206.0;8.0;241.0;266.0;177.0;264.0;244.0;491.0;109.0;137.0;74.0;297.0;100.0;91.0;154.0;77.0;471.0;170.0;171.0;183.0;96.0;50.0;135.0;56.0;38.0;106.0;56.0;288.0;41.0;77.0;386.0;71.0;187.0;69.0;39.0;542.0;40.0;73.0;109.0;75.0;71.0;261.0;50.0
32;295.0;158.0;353.0;80.0;593.0;357.0;296.0;491.0;540.0;359.0;45.0;206.0;88.0;363.0;336.0;550.0;379.0;127.0;367.0;109.0;627.0;143.0;603.0;489.0;80.0;295.0;55.0;598.0;711.0;136.0;516.0;147.0;0.0;78.0;322.0;44.0;198.0;107.0;74.0;359.0;273.0;318.0;460.0;208.0;562.0;145.0;142.0;371.0;191.0;166.0;71.0;389.0;229.0;322.0;39.0;622.0;145.0;134.0;320.0;348.0;315.0;148.0;18.0;513.0;184.0;552.0;295.0;602.0;521.0;162.0;583.0;154.0;81.0;369.0;96.0;655.0;144.0;350.0;176.0;182.0;114.0;533.0;100.0;209.0;552.0;108.0;74.0;133.0;121.0;251.0;265.0;347.0;144.0;260.0;255.0;289.0;397.0;350.0;552.0;155.0;233.0;221.0;243.0;49.0;150.0;301.0;105.0;552.0;274.0;190.0;56.0;167.0;186.0;275.0;200.0;134.0;253.0;178.0;400.0;136.0;172.0;471.0;203.0;69.0;81.0;166.0;623.0;180.0;167.0;255.0;104.0;216.0;306.0;101.0
33;241.0;92.0;278.0;17.0;557.0;309.0;244.0;454.0;506.0;283.0;53.0;128.0;19.0;307.0;258.0;509.0;302.0;60.0;295.0;47.0;595.0;124.0;566.0;459.0;155.0;223.0;77.0;561.0;689.0;63.0;482.0;72.0;78.0;0.0;246.0;63.0;157.0;167.0;43.0;285.0;202.0;242.0;451.0;159.0;530.0;145.0;116.0;295.0;124.0;104.0;52.0;311.0;151.0;289.0;99.0;586.0;176.0;78.0;242.0;278.0;237.0;86.0;76.0;472.0;117.0;548.0;257.0;569.0;485.0;96.0;549.0;95.0;15.0;296.0;79.0;631.0;76.0;309.0;135.0;123.0;40.0;494.0;24.0;157.0;517.0;41.0;4.0;120.0;168.0;177.0;215.0;269.0;70.0;253.0;264.0;217.0;332.0;300.0;528.0;124.0;165.0;146.0;275.0;29.0;111.0;226.0;67.0;518.0;223.0;151.0;112.0;125.0;117.0;205.0;123.0;57.0;177.0;114.0;330.0;74.0;119.0;434.0;126.0;117.0;3.0;88.0;589.0;102.0;94.0;178.0;39.0;138.0;261.0;23.0
34;264.0;173.0;36.0;250.0;453.0;220.0;174.0;359.0;417.0;38.0;284.0;121.0;234.0;177.0;55.0;394.0;61.0;220.0;74.0;237.0;501.0;255.0;456.0;392.0;393.0;51.0;316.0;452.0;620.0;187.0;397.0;175.0;322.0;246.0;0.0;305.0;207.0;386.0;272.0;45.0;167.0;12.0;454.0;182.0;444.0;290.0;242.0;49.0;144.0;171.0;282.0;74.0;98.0;264.0;345.0;481.0;397.0;203.0;51.0;81.0;67.0;186.0;316.0;358.0;150.0;549.0;233.0;472.0;389.0;169.0;450.0;185.0;248.0;66.0;292.0;558.0;210.0;246.0;268.0;168.0;219.0;389.0;226.0;245.0;420.0;215.0;250.0;311.0;370.0;76.0;177.0;80.0;179.0;322.0;367.0;161.0;147.0;201.0;470.0;232.0;181.0;101.0;424.0;275.0;219.0;21.0;237.0;424.0;173.0;278.0;355.0;208.0;144.0;78.0;125.0;195.0;69.0;159.0;217.0;195.0;185.0;343.0;136.0;357.0;243.0;164.0;487.0;146.0;187.0;70.0;236.0;110.0;306.0;223.0
35;252.0;155.0;338.0;55.0;611.0;368.0;304.0;508.0;559.0;343.0;66.0;185.0;80.0;368.0;312.0;565.0;359.0;94.0;357.0;75.0;647.0;166.0;620.0;511.0;120.0;285.0;16.0;616.0;737.0;125.0;536.0;133.0;44.0;63.0;305.0;0.0;212.0;151.0;36.0;345.0;236.0;302.0;491.0;217.0;583.0;176.0;162.0;354.0;187.0;165.0;30.0;367.0;208.0;341.0;41.0;640.0;119.0;137.0;296.0;341.0;289.0;147.0;58.0;528.0;180.0;585.0;311.0;622.0;539.0;158.0;602.0;156.0;57.0;358.0;51.0;680.0;110.0;365.0;132.0;184.0;87.0;550.0;79.0;166.0;571.0;103.0;58.0;90.0;165.0;239.0;274.0;320.0;132.0;290.0;291.0;253.0;395.0;359.0;576.0;172.0;196.0;206.0;285.0;40.0;164.0;285.0;116.0;571.0;282.0;146.0;50.0;179.0;179.0;267.0;181.0;110.0;236.0;176.0;363.0;135.0;178.0;488.0;177.0;54.0;65.0;142.0;642.0;159.0;134.0;236.0;72.0;195.0;262.0;84.0
36;352.0;85.0;224.0;174.0;400.0;159.0;101.0;297.0;349.0;232.0;153.0;158.0;139.0;171.0;250.0;354.0;267.0;191.0;215.0;192.0;437.0;65.0;409.0;302.0;238.0;160.0;228.0;405.0;533.0;116.0;325.0;123.0;198.0;157.0;207.0;212.0;0.0;209.0;200.0;224.0;275.0;197.0;305.0;25.0;373.0;92.0;59.0;243.0;83.0;73.0;209.0;280.0;164.0;132.0;235.0;429.0;330.0;81.0;236.0;189.0;242.0;81.0;183.0;317.0;82.0;404.0;100.0;411.0;328.0;85.0;391.0;70.0;171.0;223.0;237.0;474.0;197.0;153.0;275.0;56.0;171.0;338.0;159.0;282.0;359.0;119.0;161.0;276.0;183.0;138.0;70.0;272.0;116.0;125.0;162.0;283.0;217.0;153.0;372.0;45.0;255.0;137.0;217.0;171.0;48.0;188.0;96.0;361.0;80.0;292.0;252.0;33.0;91.0;132.0;150.0;159.0;160.0;74.0;385.0;89.0;46.0;277.0;179.0;262.0;157.0;159.0;432.0;150.0;196.0;171.0;184.0;157.0;383.0;148.0
37;401.0;213.0;412.0;177.0;565.0;357.0;308.0;469.0;510.0;419.0;115.0;283.0;168.0;378.0;411.0;530.0;446.0;226.0;414.0;209.0;592.0;145.0;576.0;456.0;55.0;348.0;160.0;572.0;661.0;206.0;487.0;220.0;107.0;167.0;386.0;151.0;209.0;0.0;179.0;415.0;369.0;379.0;400.0;229.0;529.0;121.0;153.0;431.0;242.0;215.0;177.0;457.0;303.0;303.0;130.0;592.0;229.0;182.0;395.0;391.0;393.0;200.0;97.0;497.0;236.0;485.0;286.0;570.0;496.0;217.0;554.0;201.0;177.0;420.0;203.0;610.0;242.0;341.0;283.0;222.0;208.0;511.0;191.0;315.0;524.0;179.0;166.0;239.0;34.0;310.0;278.0;426.0;214.0;213.0;188.0;384.0;426.0;356.0;508.0;167.0;332.0;288.0;149.0;144.0;174.0;364.0;149.0;523.0;288.0;297.0;144.0;189.0;241.0;323.0;276.0;222.0;320.0;227.0;497.0;191.0;206.0;450.0;288.0;158.0;170.0;250.0;592.0;259.0;262.0;326.0;203.0;290.0;414.0;186.0
38;223.0;132.0;306.0;28.0;600.0;351.0;286.0;496.0;549.0;310.0;75.0;152.0;61.0;347.0;277.0;551.0;325.0;58.0;327.0;39.0;637.0;164.0;608.0;502.0;153.0;255.0;43.0;604.0;731.0;100.0;525.0;105.0;74.0;43.0;272.0;36.0;200.0;179.0;0.0;314.0;201.0;270.0;491.0;201.0;573.0;181.0;157.0;322.0;162.0;144.0;10.0;333.0;175.0;331.0;77.0;629.0;135.0;120.0;261.0;313.0;254.0;128.0;82.0;514.0;156.0;587.0;300.0;611.0;527.0;135.0;591.0;137.0;30.0;327.0;37.0;673.0;74.0;352.0;106.0;164.0;53.0;537.0;49.0;136.0;559.0;83.0;39.0;79.0;187.0;209.0;257.0;285.0;106.0;292.0;299.0;217.0;369.0;341.0;570.0;165.0;161.0;175.0;302.0;40.0;154.0;253.0;108.0;560.0;265.0;121.0;84.0;167.0;154.0;240.0;148.0;77.0;204.0;154.0;328.0;116.0;161.0;476.0;142.0;85.0;43.0;108.0;631.0;126.0;98.0;203.0;37.0;162.0;236.0;57.0
39;307.0;205.0;11.0;290.0;421.0;203.0;170.0;332.0;389.0;17.0;319.0;163.0;271.0;155.0;86.0;361.0;55.0;263.0;35.0;280.0;470.0;279.0;423.0;369.0;427.0;67.0;356.0;420.0;592.0;224.0;370.0;213.0;359.0;285.0;45.0;345.0;224.0;415.0;314.0;0.0;210.0;44.0;442.0;199.0;416.0;312.0;267.0;21.0;173.0;201.0;324.0;69.0;141.0;258.0;384.0;449.0;440.0;234.0;89.0;55.0;106.0;217.0;352.0;327.0;180.0;535.0;230.0;441.0;361.0;201.0;419.0;215.0;288.0;23.0;335.0;530.0;254.0;233.0;313.0;194.0;261.0;359.0;266.0;290.0;390.0;251.0;289.0;355.0;397.0;108.0;181.0;108.0;216.0;329.0;377.0;203.0;111.0;184.0;447.0;255.0;226.0;139.0;440.0;313.0;244.0;61.0;268.0;395.0;174.0;323.0;395.0;231.0;176.0;94.0;166.0;237.0;110.0;189.0;245.0;228.0;210.0;317.0;180.0;398.0;282.0;207.0;455.0;188.0;232.0;113.0;278.0;152.0;349.0;262.0
40;98.0;196.0;199.0;194.0;609.0;361.0;300.0;510.0;568.0;197.0;255.0;118.0;203.0;329.0;131.0;552.0;187.0;145.0;241.0;164.0;655.0;288.0;613.0;536.0;353.0;191.0;239.0;610.0;769.0;179.0;547.0;165.0;273.0;202.0;167.0;236.0;275.0;369.0;201.0;210.0;0.0;174.0;572.0;257.0;595.0;321.0;274.0;204.0;193.0;205.0;207.0;187.0;116.0;382.0;277.0;638.0;284.0;218.0;122.0;244.0;106.0;206.0;276.0;514.0;193.0;671.0;347.0;626.0;542.0;194.0;604.0;213.0;193.0;232.0;198.0;707.0;129.0;379.0;135.0;219.0;162.0;544.0;179.0;99.0;573.0;199.0;204.0;195.0;368.0;164.0;287.0;121.0;173.0;400.0;430.0;17.0;312.0;344.0;613.0;272.0;41.0;144.0;462.0;227.0;255.0;161.0;240.0;577.0;288.0;138.0;279.0;255.0;184.0;201.0;125.0;149.0;139.0;201.0;128.0;206.0;232.0;492.0;97.0;274.0;199.0;127.0;643.0;128.0;108.0;126.0;169.0;120.0;140.0;184.0
41;271.0;166.0;36.0;247.0;443.0;208.0;162.0;348.0;406.0;41.0;279.0;120.0;230.0;166.0;67.0;384.0;70.0;219.0;68.0;236.0;490.0;246.0;446.0;381.0;387.0;39.0;313.0;442.0;609.0;182.0;386.0;171.0;318.0;242.0;12.0;302.0;197.0;379.0;270.0;44.0;174.0;0.0;442.0;172.0;433.0;281.0;233.0;53.0;136.0;163.0;280.0;84.0;97.0;252.0;341.0;471.0;396.0;196.0;62.0;72.0;77.0;179.0;311.0;348.0;143.0;537.0;221.0;461.0;378.0;162.0;439.0;178.0;245.0;62.0;291.0;547.0;210.0;234.0;270.0;160.0;217.0;379.0;223.0;249.0;409.0;210.0;246.0;311.0;362.0;69.0;165.0;92.0;174.0;310.0;356.0;169.0;138.0;189.0;459.0;223.0;186.0;97.0;414.0;271.0;210.0;17.0;230.0;414.0;161.0;281.0;352.0;199.0;137.0;67.0;122.0;193.0;66.0;152.0;229.0;189.0;177.0;332.0;137.0;355.0;239.0;163.0;477.0;144.0;188.0;69.0;234.0;109.0;314.0;219.0
42;655.0;390.0;449.0;468.0;220.0;240.0;280.0;179.0;174.0;458.0;424.0;456.0;434.0;290.0;508.0;223.0;496.0;494.0;412.0;492.0;223.0;327.0;234.0;129.0;454.0;405.0;506.0;230.0;262.0;420.0;163.0;428.0;460.0;451.0;454.0;491.0;305.0;400.0;491.0;442.0;572.0;442.0;0.0;318.0;176.0;315.0;335.0;463.0;382.0;378.0;498.0;511.0;456.0;192.0;498.0;236.0;604.0;382.0;500.0;387.0;512.0;385.0;442.0;214.0;384.0;99.0;227.0;212.0;182.0;390.0;207.0;375.0;466.0;426.0;528.0;218.0;502.0;209.0;578.0;359.0;472.0;201.0;459.0;587.0;191.0;419.0;453.0;570.0;367.0;413.0;287.0;533.0;421.0;201.0;213.0;577.0;353.0;258.0;128.0;328.0;557.0;428.0;271.0;455.0;343.0;443.0;384.0;185.0;287.0;595.0;516.0;334.0;392.0;384.0;449.0;464.0;439.0;377.0;665.0;392.0;351.0;175.0;480.0;529.0;451.0;464.0;231.0;453.0;501.0;452.0;484.0;452.0;688.0;447.0
43;338.0;76.0;199.0;174.0;399.0;151.0;87.0;295.0;349.0;207.0;163.0;140.0;141.0;156.0;226.0;350.0;241.0;185.0;190.0;188.0;438.0;85.0;407.0;304.0;255.0;135.0;233.0;403.0;538.0;110.0;325.0;114.0;208.0;159.0;182.0;217.0;25.0;229.0;201.0;199.0;257.0;172.0;318.0;0.0;374.0;115.0;76.0;218.0;65.0;63.0;211.0;255.0;144.0;136.0;244.0;428.0;335.0;81.0;212.0;165.0;219.0;76.0;194.0;312.0;66.0;417.0;101.0;411.0;326.0;75.0;391.0;65.0;171.0;198.0;237.0;478.0;190.0;151.0;268.0;43.0;166.0;335.0;157.0;272.0;359.0;119.0;163.0;275.0;205.0;114.0;57.0;248.0;108.0;146.0;186.0;264.0;197.0;143.0;377.0;63.0;239.0;116.0;242.0;177.0;59.0;163.0;104.0;360.0;66.0;285.0;260.0;42.0;74.0;106.0;133.0;152.0;137.0;60.0;364.0;86.0;40.0;275.0;163.0;269.0;158.0;147.0;431.0;135.0;185.0;149.0;182.0;138.0;371.0;146.0
44;689.0;449.0;426.0;546.0;43.0;235.0;301.0;85.0;27.0;433.0;520.0;491.0;512.0;268.0;498.0;71.0;468.0;558.0;381.0;562.0;65.0;419.0;57.0;74.0;577.0;406.0;599.0;54.0;176.0;483.0;49.0;486.0;562.0;530.0;444.0;583.0;373.0;529.0;573.0;416.0;595.0;433.0;176.0;374.0;0.0;421.0;422.0;434.0;429.0;436.0;582.0;481.0;483.0;242.0;601.0;64.0;701.0;453.0;495.0;364.0;510.0;449.0;545.0;93.0;433.0;198.0;273.0;41.0;55.0;447.0;30.0;439.0;543.0;394.0;609.0;114.0;561.0;224.0;640.0;415.0;540.0;61.0;530.0;638.0;30.0;492.0;534.0;648.0;495.0;432.0;323.0;522.0;481.0;316.0;350.0;595.0;306.0;252.0;61.0;410.0;592.0;458.0;424.0;543.0;420.0;441.0;467.0;22.0;318.0;656.0;618.0;406.0;439.0;394.0;487.0;524.0;457.0;430.0;660.0;459.0;414.0;103.0;517.0;630.0;530.0;514.0;62.0;497.0;552.0;469.0;555.0;484.0;728.0;520.0
45;380.0;129.0;311.0;162.0;454.0;236.0;188.0;355.0;400.0;319.0;110.0;211.0;132.0;258.0;326.0;415.0;350.0;199.0;306.0;191.0;485.0;35.0;465.0;347.0;160.0;246.0;192.0;460.0;566.0;142.0;376.0;155.0;145.0;145.0;290.0;176.0;92.0;121.0;181.0;312.0;321.0;281.0;315.0;115.0;421.0;0.0;49.0;330.0;149.0;125.0;186.0;364.0;226.0;186.0;184.0;482.0;290.0;103.0;311.0;280.0;314.0;117.0;128.0;380.0;144.0;409.0;166.0;461.0;383.0;132.0;444.0;113.0;160.0;313.0;217.0;511.0;212.0;221.0;279.0;122.0;177.0;396.0;160.0;298.0;413.0;126.0;147.0;259.0;92.0;216.0;158.0;345.0;147.0;114.0;119.0;332.0;309.0;235.0;407.0;58.0;291.0;203.0;142.0;142.0;73.0;269.0;84.0;413.0;168.0;296.0;202.0;82.0;152.0;219.0;204.0;178.0;232.0;134.0;442.0;115.0;105.0;335.0;226.0;215.0;147.0;194.0;482.0;194.0;221.0;241.0;183.0;215.0;404.0;150.0
