Vehicle:
Average speed:;1348
Time limit:;1234.09
Fuel comsumption rate:;1
Fuel Capacity:;674
Depot:
ID;X;Y;Service Time
0;500;500;0
Customers:
ID;X;Y;Service Time
1;221;542;6.80808
2;320;456;6.80808
3;576;827;6.80808
4;679;994;6.80808
5;371;461;6.80808
6;961;844;6.80808
7;986;379;6.80808
8;175;540;6.80808
9;126;517;6.80808
10;329;626;6.80808
11;477;890;6.80808
12;191;356;6.80808
13;584;917;6.80808
14;308;653;6.80808
15;0;7;6.80808
16;273;302;6.80808
17;672;381;6.80808
18;235;415;6.80808
19;583;149;6.80808
20;672;124;6.80808
21;644;646;6.80808
22;400;544;6.80808
23;832;999;6.80808
24;842;964;6.80808
25;582;965;6.80808
26;544;311;6.80808
27;429;2;6.80808
28;939;849;6.80808
29;898;605;6.80808
30;363;130;6.80808
31;639;874;6.80808
32;323;201;6.80808
33;829;350;6.80808
34;7;53;6.80808
35;801;92;6.80808
36;57;330;6.80808
37;943;0;6.80808
38;579;275;6.80808
39;833;402;6.80808
40;408;940;6.80808
41;635;871;6.80808
42;631;630;6.80808
43;733;313;6.80808
44;344;619;6.80808
45;628;291;6.80808
46;674;92;6.80808
47;74;602;6.80808
48;38;354;6.80808
49;473;107;6.80808
50;668;279;6.80808
51;510;811;6.80808
52;366;16;6.80808
53;49;182;6.80808
54;528;946;6.80808
55;271;745;6.80808
56;405;872;6.80808
57;65;893;6.80808
58;622;488;6.80808
59;668;978;6.80808
60;939;73;6.80808
61;556;632;6.80808
62;270;446;6.80808
63;586;348;6.80808
64;951;167;6.80808
65;385;308;6.80808
67;992;460;6.80808
68;128;590;6.80808
70;279;459;6.80808
71;428;183;6.80808
72;364;167;6.80808
73;656;687;6.80808
74;547;792;6.80808
75;517;152;6.80808
76;252;618;6.80808
77;464;284;6.80808
79;457;269;6.80808
80;590;47;6.80808
81;348;609;6.80808
82;777;112;6.80808
83;528;198;6.80808
84;877;457;6.80808
85;812;650;6.80808
86;864;723;6.80808
87;584;875;6.80808
89;186;909;6.80808
90;439;447;6.80808
91;560;994;6.80808
92;818;658;6.80808
93;134;903;6.80808
94;447;951;6.80808
95;969;519;6.80808
96;488;401;6.80808
97;142;666;6.80808
98;287;534;6.80808
99;399;181;6.80808
100;141;22;6.80808
101;29;248;6.80808
102;313;643;6.80808
103;20;974;6.80808
104;294;475;6.80808
105;439;214;6.80808
106;327;361;6.80808
107;79;657;6.80808
108;110;653;6.80808
109;332;440;6.80808
110;242;943;6.80808
111;96;492;6.80808
112;62;541;6.80808
113;478;199;6.80808
114;267;486;6.80808
115;184;686;6.80808
116;119;370;6.80808
117;342;587;6.80808
118;316;552;6.80808
119;90;370;6.80808
120;417;225;6.80808
121;111;575;6.80808
122;458;221;6.80808
123;321;337;6.80808
124;287;454;6.80808
125;364;560;6.80808
126;121;609;6.80808
127;215;488;6.80808
128;351;232;6.80808
129;84;585;6.80808
130;14;718;6.80808
131;344;337;6.80808
132;233;472;6.80808
133;216;497;6.80808
134;133;584;6.80808
135;188;327;6.80808
136;175;352;6.80808
137;281;702;6.80808
138;247;645;6.80808
139;215;837;6.80808
140;424;677;6.80808
141;438;666;6.80808
142;454;547;6.80808
143;354;242;6.80808
144;96;387;6.80808
145;462;532;6.80808
146;25;980;6.80808
147;343;658;6.80808
148;127;368;6.80808
149;100;613;6.80808
150;245;363;6.80808
151;356;488;6.80808
152;259;410;6.80808
153;480;270;6.80808
154;196;492;6.80808
155;303;336;6.80808
156;243;888;6.80808
157;453;226;6.80808
158;32;993;6.80808
159;287;528;6.80808
160;492;238;6.80808
161;54;698;6.80808
162;442;195;6.80808
163;17;930;6.80808
164;285;277;6.80808
165;75;932;6.80808
166;167;560;6.80808
167;368;360;6.80808
168;155;710;6.80808
169;328;277;6.80808
170;355;399;6.80808
171;53;641;6.80808
172;236;522;6.80808
173;421;346;6.80808
174;308;118;6.80808
175;82;739;6.80808
176;345;467;6.80808
177;408;363;6.80808
178;101;658;6.80808
179;419;188;6.80808
180;36;952;6.80808
181;250;337;6.80808
182;232;388;6.80808
183;498;308;6.80808
184;18;945;6.80808
185;362;702;6.80808
186;429;256;6.80808
187;105;507;6.80808
188;245;521;6.80808
189;576;280;6.80808
190;269;485;6.80808
191;257;647;6.80808
192;106;618;6.80808
193;269;505;6.80808
194;423;470;6.80808
195;206;467;6.80808
196;126;669;6.80808
197;228;795;6.80808
198;241;305;6.80808
199;137;433;6.80808
200;210;392;6.80808
201;371;627;6.80808
202;219;344;6.80808
AFSs:
ID;X;Y;Service Time
66;247;997;269.6
69;746;847;269.6
78;184;96;269.6
88;817;233;269.6
203;96;427;269.6
Distance matrix:
;0;1;2;3;4;5;6;7;8;9;10;11;12;13;14;15;16;17;18;19;20;21;22;23;24;25;26;27;28;29;30;31;32;33;34;35;36;37;38;39;40;41;42;43;44;45;46;47;48;49;50;51;52;53;54;55;56;57;58;59;60;61;62;63;64;65;66;67;68;69;70;71;72;73;74;75;76;77;78;79;80;81;82;83;84;85;86;87;88;89;90;91;92;93;94;95;96;97;98;99;100;101;102;103;104;105;106;107;108;109;110;111;112;113;114;115;116;117;118;119;120;121;122;123;124;125;126;127;128;129;130;131;132;133;134;135;136;137;138;139;140;141;142;143;144;145;146;147;148;149;150;151;152;153;154;155;156;157;158;159;160;161;162;163;164;165;166;167;168;169;170;171;172;173;174;175;176;177;178;179;180;181;182;183;184;185;186;187;188;189;190;191;192;193;194;195;196;197;198;199;200;201;202;203
0;0.0;282.0;185.0;336.0;525.0;135.0;575.0;501.0;327.0;374.0;212.0;391.0;341.0;425.0;246.0;702.0;301.0;209.0;278.0;361.0;413.0;205.0;109.0;599.0;576.0;472.0;194.0;503.0;561.0;412.0;395.0;399.0;347.0;362.0;665.0;507.0;474.0;668.0;238.0;347.0;450.0;395.0;185.0;299.0;196.0;245.0;444.0;438.0;485.0;394.0;278.0;311.0;502.0;552.0;447.0;335.0;384.0;586.0;123.0;507.0;612.0;143.0;236.0;175.0;561.0;224.0;558.0;494.0;383.0;425.0;225.0;325.0;360.0;244.0;296.0;348.0;275.0;219.0;513.0;235.0;462.0;187.0;477.0;303.0;379.0;346.0;427.0;384.0;414.0;516.0;81.0;498.0;355.0;544.0;454.0;469.0;100.0;395.0;216.0;335.0;598.0;534.0;235.0;675.0;208.0;292.0;222.0;449.0;419.0;178.0;513.0;404.0;440.0;302.0;233.0;367.0;403.0;180.0;191.0;430.0;287.0;396.0;282.0;242.0;218.0;149.0;394.0;285.0;307.0;425.0;533.0;226.0;268.0;284.0;376.0;357.0;357.0;298.0;292.0;441.0;193.0;177.0;66.0;296.0;420.0;50.0;675.0;223.0;396.0;416.0;289.0;144.0;257.0;231.0;304.0;256.0;465.0;278.0;680.0;215.0;262.0;488.0;310.0;647.0;310.0;606.0;338.0;192.0;404.0;282.0;177.0;469.0;265.0;173.0;428.0;482.0;158.0;165.0;429.0;322.0;648.0;298.0;290.0;192.0;656.0;245.0;254.0;395.0;256.0;233.0;231.0;284.0;411.0;231.0;83.0;296.0;410.0;401.0;324.0;369.0;309.0;181.0;321.0;411.0
1;282.0;0.0;131.0;455.0;643.0;170.0;799.0;782.0;46.0;98.0;137.0;432.0;188.0;522.0;141.0;579.0;246.0;479.0;128.0;534.0;615.0;436.0;179.0;763.0;751.0;556.0;397.0;579.0;781.0;680.0;436.0;534.0;356.0;638.0;534.0;734.0;268.0;903.0;447.0;628.0;440.0;529.0;419.0;561.0;145.0;478.0;639.0;159.0;262.0;503.0;519.0;395.0;546.0;399.0;507.0;209.0;378.0;384.0;405.0;624.0;858.0;347.0;108.0;413.0;821.0;286.0;456.0;775.0;105.0;607.0;101.0;414.0;401.0;459.0;411.0;490.0;82.0;354.0;448.0;361.0;617.0;144.0;703.0;461.0;661.0;601.0;668.0;493.0;671.0;369.0;238.0;565.0;608.0;371.0;467.0;748.0;302.0;147.0;66.0;402.0;526.0;351.0;137.0;476.0;99.0;394.0;210.0;183.0;157.0;151.0;402.0;135.0;159.0;429.0;72.0;149.0;200.0;129.0;96.0;216.0;373.0;115.0;399.0;228.0;110.0;144.0;120.0;54.0;336.0;144.0;272.0;239.0;71.0;45.0;98.0;218.0;195.0;171.0;106.0;295.0;244.0;250.0;233.0;328.0;199.0;241.0;480.0;168.0;198.0;140.0;181.0;145.0;137.0;376.0;56.0;222.0;347.0;392.0;489.0;67.0;407.0;229.0;411.0;438.0;273.0;416.0;57.0;234.0;180.0;286.0;196.0;195.0;25.0;280.0;433.0;241.0;145.0;259.0;167.0;406.0;450.0;207.0;154.0;363.0;451.0;213.0;354.0;121.0;32.0;441.0;75.0;111.0;138.0;61.0;214.0;76.0;159.0;253.0;238.0;138.0;150.0;172.0;198.0;170.0
2;185.0;131.0;0.0;451.0;647.0;51.0;749.0;670.0;168.0;203.0;170.0;462.0;163.0;531.0;197.0;551.0;161.0;360.0;94.0;404.0;484.0;376.0;119.0;746.0;728.0;572.0;267.0;467.0;733.0;597.0;329.0;526.0;255.0;520.0;510.0;603.0;292.0;772.0;316.0;516.0;492.0;521.0;356.0;437.0;165.0;349.0;508.0;286.0;300.0;381.0;390.0;403.0;442.0;385.0;532.0;293.0;425.0;506.0;304.0;627.0;728.0;294.0;51.0;287.0;694.0;162.0;546.0;672.0;234.0;578.0;41.0;294.0;292.0;408.0;405.0;362.0;176.0;224.0;385.0;232.0;490.0;156.0;572.0;331.0;557.0;529.0;606.0;495.0;545.0;472.0;119.0;589.0;537.0;484.0;511.0;652.0;177.0;275.0;85.0;286.0;469.0;358.0;187.0;599.0;32.0;270.0;95.0;314.0;288.0;20.0;493.0;227.0;272.0;302.0;61.0;267.0;219.0;133.0;96.0;246.0;251.0;241.0;273.0;119.0;33.0;113.0;251.0;110.0;226.0;269.0;403.0;121.0;88.0;112.0;227.0;185.0;178.0;249.0;203.0;395.0;244.0;241.0;162.0;217.0;234.0;161.0;601.0;203.0;212.0;270.0;119.0;48.0;76.0;245.0;129.0;121.0;439.0;266.0;609.0;79.0;278.0;360.0;288.0;563.0;182.0;535.0;185.0;107.0;303.0;179.0;67.0;325.0;107.0;149.0;338.0;370.0;27.0;128.0;298.0;286.0;572.0;138.0;111.0;231.0;575.0;250.0;228.0;221.0;99.0;311.0;59.0;201.0;268.0;71.0;104.0;115.0;288.0;351.0;170.0;184.0;127.0;178.0;151.0;226.0
3;336.0;455.0;451.0;0.0;196.0;420.0;385.0;607.0;493.0;546.0;318.0;117.0;608.0;90.0;320.0;1002.0;606.0;456.0;535.0;678.0;710.0;193.0;333.0;308.0;299.0;138.0;517.0;838.0;364.0;391.0;729.0;79.0;675.0;540.0;961.0;769.0;719.0;905.0;552.0;497.0;202.0;74.0;205.0;537.0;312.0;539.0;742.0;550.0;716.0;727.0;556.0;68.0;838.0;833.0;128.0;316.0;177.0;515.0;342.0;177.0;837.0;196.0;489.0;479.0;759.0;553.0;370.0;555.0;507.0;171.0;473.0;661.0;693.0;161.0;45.0;678.0;386.0;554.0;829.0;571.0;780.0;315.0;743.0;631.0;477.0;295.0;306.0;49.0;641.0;399.0;404.0;168.0;295.0;448.0;179.0;499.0;435.0;463.0;412.0;670.0;915.0;797.0;321.0;575.0;451.0;628.0;528.0;525.0;497.0;457.0;354.0;585.0;588.0;636.0;460.0;417.0;646.0;335.0;378.0;667.0;623.0;529.0;617.0;552.0;472.0;341.0;505.0;495.0;636.0;548.0;572.0;542.0;494.0;488.0;505.0;633.0;622.0;320.0;376.0;361.0;214.0;212.0;305.0;626.0;651.0;316.0;572.0;288.0;642.0;522.0;570.0;404.0;524.0;565.0;507.0;562.0;339.0;613.0;569.0;416.0;595.0;538.0;646.0;568.0;622.0;512.0;488.0;511.0;437.0;603.0;482.0;555.0;457.0;505.0;758.0;502.0;428.0;493.0;504.0;658.0;554.0;589.0;558.0;525.0;570.0;248.0;590.0;569.0;451.0;547.0;460.0;366.0;514.0;445.0;388.0;516.0;477.0;349.0;620.0;590.0;568.0;286.0;601.0;625.0
4;525.0;643.0;647.0;196.0;0.0;616.0;319.0;687.0;678.0;730.0;508.0;227.0;803.0;122.0;504.0;1198.0;802.0;613.0;730.0;850.0;870.0;350.0;529.0;153.0;166.0;101.0;696.0;1023.0;298.0;446.0;920.0;126.0;869.0;661.0;1156.0;910.0;910.0;1028.0;726.0;612.0;276.0;131.0;367.0;683.0;503.0;705.0;902.0;721.0;906.0;911.0;715.0;249.0;1027.0;1028.0;158.0;478.0;300.0;622.0;509.0;19.0;957.0;382.0;684.0;653.0;871.0;746.0;432.0;619.0;683.0;162.0;668.0;849.0;885.0;308.0;241.0;857.0;569.0;742.0;1025.0;758.0;951.0;508.0;887.0;810.0;572.0;369.0;328.0;152.0;773.0;500.0;597.0;119.0;364.0;553.0;236.0;557.0;623.0;629.0;604.0;860.0;1111.0;989.0;507.0;659.0;646.0;816.0;724.0;688.0;663.0;654.0;440.0;769.0;765.0;820.0;654.0;583.0;838.0;528.0;572.0;858.0;812.0;706.0;804.0;748.0;667.0;536.0;678.0;687.0;830.0;722.0;720.0;737.0;687.0;679.0;683.0;828.0;816.0;494.0;555.0;490.0;407.0;407.0;500.0;819.0;842.0;510.0;654.0;475.0;835.0;693.0;766.0;600.0;719.0;751.0;697.0;758.0;449.0;801.0;647.0;609.0;779.0;692.0;833.0;665.0;818.0;607.0;671.0;706.0;596.0;798.0;677.0;719.0;647.0;697.0;951.0;649.0;624.0;687.0;669.0;847.0;644.0;785.0;753.0;709.0;663.0;431.0;779.0;753.0;642.0;721.0;654.0;546.0;685.0;638.0;583.0;708.0;641.0;493.0;816.0;780.0;763.0;479.0;796.0;813.0
5;135.0;170.0;51.0;420.0;616.0;0.0;703.0;620.0;211.0;251.0;170.0;442.0;208.0;503.0;202.0;586.0;187.0;311.0;144.0;377.0;452.0;330.0;88.0;708.0;689.0;546.0;229.0;463.0;688.0;546.0;331.0;492.0;264.0;471.0;547.0;567.0;340.0;735.0;279.0;466.0;480.0;488.0;310.0;391.0;160.0;308.0;477.0;329.0;350.0;368.0;348.0;377.0;445.0;426.0;510.0;301.0;412.0;529.0;252.0;596.0;688.0;252.0;102.0;243.0;650.0;154.0;550.0;621.0;275.0;538.0;92.0;284.0;294.0;364.0;375.0;342.0;197.0;200.0;410.0;210.0;468.0;150.0;535.0;306.0;506.0;480.0;558.0;466.0;501.0;485.0;69.0;566.0;488.0;502.0;496.0;601.0;131.0;307.0;111.0;281.0;496.0;403.0;191.0;622.0;78.0;256.0;109.0;352.0;324.0;44.0;499.0;277.0;319.0;283.0;107.0;293.0;268.0;129.0;106.0;295.0;240.0;284.0;255.0;134.0;84.0;99.0;291.0;158.0;230.0;313.0;440.0;127.0;138.0;159.0;268.0;227.0;224.0;257.0;222.0;407.0;222.0;216.0;120.0;220.0;285.0;115.0;624.0;199.0;261.0;311.0;160.0;31.0;123.0;220.0;178.0;142.0;446.0;249.0;631.0;107.0;254.0;396.0;275.0;588.0;203.0;556.0;227.0;101.0;330.0;189.0;64.0;365.0;148.0;125.0;349.0;401.0;27.0;105.0;334.0;277.0;594.0;173.0;157.0;199.0;599.0;241.0;213.0;270.0;140.0;273.0;105.0;218.0;308.0;111.0;53.0;165.0;321.0;363.0;203.0;236.0;175.0;166.0;192.0;277.0
6;575.0;799.0;749.0;385.0;319.0;703.0;0.0;466.0;843.0;897.0;669.0;486.0;912.0;384.0;680.0;1274.0;876.0;546.0;843.0;791.0;776.0;374.0;636.0;202.0;169.0;398.0;677.0;996.0;23.0;247.0;931.0;323.0;906.0;511.0;1239.0;769.0;1040.0;844.0;685.0;460.0;561.0;327.0;393.0;578.0;657.0;646.0;805.0;919.0;1045.0;884.0;636.0;452.0;1020.0;1127.0;445.0;697.0;557.0;897.0;492.0;322.0;771.0;457.0;797.0;622.0;677.0;787.0;730.0;385.0;871.0;215.0;783.0;849.0;903.0;343.0;417.0;822.0;744.0;749.0;1079.0;765.0;879.0;657.0;755.0;778.0;396.0;245.0;155.0;378.0;628.0;778.0;656.0;428.0;235.0;829.0;525.0;325.0;648.0;838.0;742.0;869.0;1161.0;1106.0;678.0;950.0;762.0;818.0;797.0;902.0;872.0;748.0;726.0;934.0;949.0;806.0;781.0;793.0;966.0;670.0;708.0;992.0;824.0;892.0;801.0;816.0;779.0;661.0;872.0;827.0;864.0;914.0;955.0;799.0;818.0;822.0;868.0;930.0;927.0;695.0;741.0;746.0;562.0;552.0;588.0;855.0;978.0;589.0;946.0;645.0;960.0;891.0;863.0;702.0;825.0;749.0;842.0;831.0;719.0;800.0;941.0;744.0;766.0;919.0;831.0;948.0;882.0;890.0;843.0;765.0;817.0;850.0;752.0;930.0;793.0;735.0;976.0;885.0;722.0;733.0;880.0;851.0;931.0;873.0;860.0;708.0;948.0;616.0;793.0;920.0;785.0;683.0;780.0;731.0;884.0;771.0;655.0;844.0;853.0;735.0;899.0;921.0;877.0;629.0;895.0;960.0
7;501.0;782.0;670.0;607.0;687.0;620.0;466.0;0.0;827.0;871.0;702.0;721.0;795.0;672.0;731.0;1054.0;717.0;314.0;752.0;464.0;405.0;434.0;609.0;639.0;602.0;712.0;447.0;673.0;472.0;243.0;671.0;605.0;686.0;160.0;1032.0;341.0;930.0;381.0;420.0;155.0;805.0;604.0;435.0;261.0;685.0;369.0;424.0;939.0;948.0;581.0;333.0;643.0;718.0;957.0;729.0;803.0;762.0;1055.0;380.0;678.0;310.0;499.0;719.0;401.0;215.0;605.0;963.0;81.0;884.0;526.0;712.0;591.0;657.0;451.0;603.0;521.0;772.0;531.0;850.0;540.0;517.0;678.0;339.0;492.0;134.0;322.0;365.0;638.0;223.0;960.0;551.0;748.0;326.0;1000.0;786.0;141.0;498.0;891.0;716.0;619.0;917.0;966.0;723.0;1135.0;699.0;571.0;659.0;949.0;918.0;657.0;934.0;897.0;938.0;539.0;727.0;859.0;867.0;677.0;692.0;896.0;589.0;897.0;551.0;666.0;703.0;648.0;895.0;779.0;652.0;925.0;1029.0;643.0;759.0;779.0;877.0;800.0;811.0;775.0;785.0;897.0;636.0;619.0;558.0;647.0;890.0;546.0;1133.0;701.0;859.0;916.0;741.0;639.0;728.0;518.0;798.0;684.0;901.0;555.0;1135.0;715.0;514.0;985.0;574.0;1115.0;708.0;1066.0;839.0;618.0;894.0;666.0;631.0;969.0;764.0;566.0;727.0;973.0;647.0;578.0;928.0;598.0;1109.0;737.0;754.0;493.0;1121.0;703.0;570.0;890.0;754.0;422.0;725.0;777.0;912.0;728.0;570.0;785.0;908.0;865.0;749.0;851.0;776.0;663.0;768.0;891.0
8;327.0;46.0;168.0;493.0;678.0;211.0;843.0;827.0;0.0;54.0;176.0;462.0;185.0;556.0;175.0;561.0;257.0;522.0;139.0;565.0;648.0;481.0;225.0;801.0;790.0;588.0;434.0;595.0;824.0;726.0;451.0;572.0;370.0;681.0;515.0;770.0;241.0;939.0;483.0;672.0;463.0;567.0;465.0;602.0;187.0;517.0;671.0;119.0;231.0;526.0;558.0;431.0;558.0;380.0;538.0;226.0;404.0;370.0;450.0;659.0;895.0;392.0;134.0;454.0;861.0;313.0;463.0;821.0;69.0;648.0;132.0;438.0;418.0;503.0;449.0;517.0;110.0;386.0;444.0;391.0;644.0;186.0;739.0;492.0;707.0;646.0;713.0;529.0;712.0;369.0;280.0;595.0;654.0;365.0;493.0;794.0;342.0;130.0;112.0;423.0;519.0;326.0;172.0;461.0;136.0;419.0;235.0;151.0;130.0;186.0;409.0;92.0;113.0;456.0;107.0;146.0;179.0;173.0;142.0;190.0;397.0;73.0;426.0;250.0;141.0;190.0;88.0;66.0;355.0;102.0;240.0;264.0;89.0;59.0;61.0;213.0;188.0;194.0;127.0;300.0;284.0;292.0;279.0;348.0;172.0;287.0;465.0;205.0;179.0;105.0;190.0;188.0;155.0;407.0;52.0;241.0;355.0;419.0;475.0;113.0;438.0;199.0;436.0;421.0;285.0;405.0;22.0;264.0;171.0;304.0;229.0;158.0;64.0;313.0;442.0;220.0;185.0;293.0;139.0;428.0;435.0;216.0;162.0;398.0;434.0;247.0;381.0;77.0;73.0;478.0;109.0;135.0;104.0;100.0;258.0;79.0;138.0;260.0;244.0;114.0;152.0;214.0;201.0;138.0
9;374.0;98.0;203.0;546.0;730.0;251.0;897.0;871.0;54.0;0.0;230.0;512.0;174.0;608.0;227.0;525.0;260.0;563.0;149.0;587.0;673.0;534.0;275.0;855.0;844.0;639.0;466.0;598.0;878.0;777.0;454.0;625.0;372.0;723.0;479.0;798.0;199.0;967.0;514.0;716.0;508.0;620.0;517.0;640.0;241.0;551.0;693.0;100.0;185.0;537.0;592.0;484.0;556.0;344.0;588.0;270.0;452.0;381.0;497.0;712.0;926.0;445.0;161.0;490.0;896.0;333.0;495.0;868.0;73.0;702.0;164.0;450.0;423.0;557.0;503.0;535.0;161.0;411.0;425.0;414.0;660.0;240.0;767.0;513.0;753.0;699.0;766.0;581.0;747.0;397.0;321.0;645.0;706.0;386.0;540.0;843.0;380.0;150.0;162.0;433.0;495.0;286.0;225.0;469.0;173.0;436.0;254.0;148.0;137.0;220.0;442.0;39.0;68.0;474.0;144.0;179.0;147.0;227.0;193.0;151.0;412.0;60.0;445.0;265.0;173.0;242.0;92.0;94.0;363.0;80.0;230.0;283.0;116.0;92.0;67.0;200.0;172.0;241.0;176.0;332.0;338.0;346.0;329.0;357.0;133.0;336.0;474.0;259.0;149.0;99.0;195.0;232.0;171.0;432.0;74.0;253.0;389.0;438.0;485.0;161.0;460.0;195.0;451.0;427.0;288.0;418.0;59.0;288.0;195.0;314.0;258.0;144.0;110.0;341.0;439.0;226.0;225.0;321.0;143.0;441.0;444.0;219.0;167.0;427.0;441.0;300.0;400.0;23.0;119.0;509.0;147.0;185.0;103.0;144.0;301.0;94.0;152.0;296.0;241.0;85.0;151.0;269.0;196.0;95.0
10;212.0;137.0;170.0;318.0;508.0;170.0;669.0;702.0;176.0;230.0;0.0;303.0;303.0;387.0;34.0;701.0;329.0;422.0;231.0;540.0;608.0;316.0;108.0;626.0;614.0;423.0;381.0;632.0;649.0;569.0;497.0;397.0;425.0;571.0;657.0;713.0;402.0;877.0;431.0;552.0;324.0;392.0;302.0;511.0;17.0;449.0;636.0;256.0;398.0;539.0;485.0;259.0;611.0;525.0;377.0;132.0;257.0;375.0;324.0;489.0;823.0;227.0;189.0;379.0;773.0;323.0;380.0;683.0;204.0;472.0;174.0;454.0;460.0;333.0;274.0;510.0;77.0;368.0;549.0;379.0;635.0;25.0;682.0;472.0;573.0;484.0;544.0;356.0;627.0;317.0;210.0;434.0;490.0;339.0;346.0;649.0;276.0;191.0;101.0;450.0;633.0;483.0;23.0;465.0;155.0;426.0;265.0;252.0;221.0;186.0;329.0;269.0;280.0;452.0;153.0;157.0;331.0;41.0;75.0;350.0;411.0;224.0;425.0;289.0;177.0;75.0;209.0;179.0;395.0;248.0;328.0;289.0;181.0;171.0;200.0;331.0;314.0;90.0;84.0;240.0;108.0;116.0;148.0;385.0;334.0;163.0;467.0;35.0;328.0;229.0;276.0;141.0;227.0;387.0;189.0;291.0;276.0;419.0;472.0;107.0;421.0;284.0;446.0;436.0;352.0;398.0;175.0;269.0;193.0;349.0;228.0;276.0;140.0;295.0;508.0;272.0;160.0;275.0;230.0;447.0;438.0;300.0;257.0;360.0;446.0;83.0;383.0;254.0;134.0;425.0;153.0;75.0;223.0;135.0;182.0;201.0;208.0;197.0;333.0;272.0;263.0;42.0;303.0;306.0
11;391.0;432.0;462.0;117.0;227.0;442.0;486.0;721.0;462.0;512.0;303.0;0.0;606.0;110.0;291.0;1004.0;622.0;545.0;533.0;749.0;790.0;296.0;354.0;371.0;372.0;129.0;583.0;889.0;464.0;508.0;769.0;163.0;706.0;645.0;960.0;861.0;700.0;1005.0;623.0;604.0;85.0;159.0;302.0;631.0;302.0;618.0;822.0;495.0;693.0;783.0;640.0;86.0;881.0;827.0;76.0;252.0;74.0;412.0;427.0;210.0;939.0;270.0;490.0;553.0;865.0;589.0;254.0;671.0;460.0;272.0;474.0;709.0;732.0;271.0;120.0;739.0;353.0;606.0;846.0;621.0;851.0;309.0;834.0;694.0;589.0;412.0;421.0;108.0;740.0;292.0;445.0;133.0;412.0;343.0;68.0;616.0;489.0;403.0;404.0;713.0;931.0;783.0;296.0;465.0;454.0;677.0;550.0;461.0;437.0;473.0;241.0;551.0;542.0;691.0;455.0;357.0;631.0;332.0;374.0;648.0;668.0;483.0;669.0;575.0;476.0;349.0;454.0;480.0;670.0;497.0;494.0;569.0;484.0;472.0;460.0;633.0;617.0;272.0;336.0;267.0;219.0;227.0;344.0;660.0;631.0;358.0;461.0;268.0;628.0;468.0;576.0;420.0;527.0;620.0;487.0;581.0;234.0;664.0;457.0;409.0;652.0;465.0;696.0;462.0;642.0;404.0;453.0;541.0;369.0;631.0;506.0;492.0;440.0;547.0;790.0;423.0;443.0;531.0;442.0;704.0;445.0;598.0;559.0;582.0;462.0;220.0;636.0;534.0;436.0;618.0;455.0;328.0;460.0;438.0;423.0;502.0;415.0;267.0;631.0;570.0;565.0;284.0;604.0;600.0
12;341.0;188.0;163.0;608.0;803.0;208.0;912.0;795.0;185.0;174.0;303.0;606.0;0.0;685.0;319.0;398.0;98.0;482.0;74.0;443.0;534.0;538.0;281.0;908.0;891.0;724.0;356.0;427.0;896.0;750.0;284.0;685.0;204.0;638.0;354.0;665.0;136.0;832.0;396.0;644.0;623.0;680.0;518.0;544.0;304.0;442.0;550.0;272.0;153.0;376.0;483.0;556.0;382.0;225.0;679.0;397.0;559.0;552.0;451.0;784.0;800.0;458.0;120.0;395.0;783.0;200.0;643.0;808.0;242.0;741.0;135.0;293.0;256.0;571.0;563.0;385.0;269.0;282.0;260.0;280.0;505.0;298.0;635.0;372.0;693.0;687.0;767.0;651.0;638.0;553.0;264.0;737.0;696.0;550.0;648.0;795.0;300.0;314.0;202.0;272.0;338.0;195.0;312.0;641.0;157.0;286.0;136.0;321.0;308.0;164.0;589.0;166.0;226.0;327.0;151.0;330.0;73.0;276.0;232.0;102.0;261.0;233.0;299.0;131.0;137.0;267.0;263.0;134.0;202.0;253.0;403.0;154.0;123.0;143.0;235.0;29.0;16.0;358.0;294.0;482.0;397.0;396.0;325.0;199.0;100.0;323.0;646.0;338.0;65.0;273.0;54.0;211.0;87.0;302.0;136.0;114.0;535.0;292.0;657.0;197.0;323.0;368.0;298.0;600.0;123.0;588.0;205.0;177.0;356.0;158.0;170.0;317.0;172.0;230.0;265.0;398.0;190.0;217.0;315.0;283.0;616.0;62.0;52.0;311.0;614.0;386.0;258.0;174.0;174.0;392.0;151.0;298.0;275.0;168.0;258.0;112.0;320.0;441.0;71.0;94.0;41.0;325.0;30.0;119.0
13;425.0;522.0;531.0;90.0;122.0;503.0;384.0;672.0;556.0;608.0;387.0;110.0;685.0;0.0;382.0;1081.0;689.0;543.0;611.0;768.0;798.0;278.0;416.0;261.0;262.0;48.0;607.0;928.0;361.0;443.0;817.0;70.0;762.0;618.0;1039.0;853.0;789.0;985.0;642.0;572.0;177.0;69.0;291.0;622.0;383.0;628.0;830.0;599.0;784.0;818.0;644.0;129.0;927.0;909.0;63.0;357.0;185.0;520.0;431.0;104.0;916.0;286.0;566.0;569.0;835.0;641.0;346.0;613.0;561.0;176.0;550.0;750.0;782.0;241.0;130.0;768.0;447.0;644.0;913.0;660.0;870.0;388.0;828.0;721.0;545.0;351.0;341.0;42.0;723.0;398.0;492.0;81.0;349.0;450.0;141.0;554.0;525.0;508.0;485.0;759.0;999.0;869.0;385.0;567.0;529.0;718.0;613.0;568.0;543.0;539.0;343.0;647.0;643.0;726.0;535.0;462.0;718.0;409.0;453.0;737.0;712.0;584.0;707.0;637.0;550.0;419.0;556.0;566.0;724.0;600.0;604.0;628.0;567.0;558.0;561.0;711.0;697.0;372.0;433.0;378.0;288.0;290.0;392.0;713.0;720.0;404.0;563.0;354.0;714.0;572.0;649.0;486.0;602.0;655.0;575.0;645.0;342.0;703.0;557.0;489.0;685.0;573.0;736.0;567.0;706.0;509.0;549.0;597.0;476.0;689.0;566.0;598.0;526.0;594.0;845.0;533.0;510.0;581.0;548.0;747.0;549.0;669.0;635.0;615.0;567.0;309.0;679.0;631.0;521.0;637.0;535.0;424.0;564.0;519.0;475.0;588.0;521.0;376.0;702.0;659.0;645.0;360.0;679.0;692.0
14;246.0;141.0;197.0;320.0;504.0;202.0;680.0;731.0;175.0;227.0;34.0;291.0;319.0;382.0;0.0;716.0;353.0;454.0;249.0;574.0;642.0;336.0;143.0;628.0;618.0;415.0;416.0;662.0;661.0;592.0;526.0;398.0;452.0;603.0;671.0;747.0;409.0;911.0;465.0;582.0;304.0;393.0;324.0;544.0;50.0;483.0;670.0;239.0;403.0;570.0;519.0;256.0;640.0;538.0;366.0;99.0;240.0;342.0;355.0;485.0;857.0;249.0;210.0;413.0;806.0;353.0;349.0;711.0;191.0;479.0;196.0;485.0;489.0;350.0;276.0;543.0;66.0;401.0;571.0;412.0;668.0;59.0;716.0;505.0;602.0;504.0;560.0;354.0;660.0;284.0;244.0;424.0;510.0;305.0;329.0;674.0;310.0;167.0;121.0;481.0;653.0;492.0;11.0;431.0;179.0;458.0;293.0;229.0;198.0;214.0;297.0;266.0;270.0;485.0;172.0;128.0;340.0;74.0;101.0;357.0;442.0;212.0;457.0;316.0;200.0;109.0;192.0;189.0;423.0;234.0;301.0;318.0;196.0;181.0;188.0;347.0;329.0;56.0;62.0;206.0;118.0;131.0;180.0;414.0;340.0;196.0;432.0;35.0;338.0;212.0;297.0;172.0;248.0;420.0;196.0;317.0;244.0;451.0;438.0;127.0;454.0;258.0;477.0;402.0;377.0;363.0;169.0;299.0;163.0;377.0;258.0;255.0;149.0;327.0;535.0;242.0;190.0;307.0;207.0;478.0;404.0;321.0;276.0;394.0;412.0;73.0;415.0;250.0;146.0;459.0;172.0;51.0;205.0;153.0;216.0;212.0;183.0;163.0;354.0;279.0;279.0;68.0;322.0;310.0
15;702.0;579.0;551.0;1002.0;1198.0;586.0;1274.0;1054.0;561.0;525.0;701.0;1004.0;398.0;1081.0;716.0;0.0;402.0;769.0;471.0;600.0;682.0;907.0;670.0;1295.0;1275.0;1121.0;623.0;429.0;1261.0;1079.0;383.0;1077.0;377.0;897.0;47.0;805.0;328.0;943.0;638.0;922.0;1018.0;1072.0;887.0;794.0;702.0;689.0;679.0;600.0;349.0;483.0;721.0;952.0;366.0;182.0;1077.0;786.0;955.0;888.0;786.0;1179.0;941.0;837.0;515.0;678.0;964.0;489.0;1020.0;1091.0;597.0;1123.0;531.0;463.0;398.0;945.0;957.0;537.0;661.0;540.0;204.0;527.0;591.0;695.0;784.0;561.0;986.0;1036.0;1122.0;1046.0;848.0;921.0;622.0;1135.0;1045.0;906.0;1044.0;1096.0;627.0;674.0;600.0;435.0;142.0;243.0;709.0;967.0;553.0;485.0;482.0;655.0;655.0;546.0;967.0;494.0;538.0;515.0;548.0;703.0;382.0;673.0;630.0;374.0;471.0;579.0;506.0;460.0;531.0;662.0;614.0;527.0;417.0;584.0;711.0;477.0;520.0;535.0;592.0;371.0;387.0;750.0;684.0;857.0;793.0;791.0;705.0;425.0;392.0;699.0;973.0;736.0;383.0;614.0;432.0;598.0;479.0;547.0;523.0;447.0;914.0;503.0;987.0;595.0;544.0;693.0;480.0;923.0;393.0;928.0;578.0;510.0;720.0;425.0;529.0;636.0;566.0;541.0;327.0;737.0;575.0;541.0;659.0;456.0;946.0;414.0;446.0;582.0;938.0;784.0;496.0;511.0;569.0;637.0;548.0;690.0;620.0;566.0;627.0;504.0;674.0;820.0;383.0;447.0;439.0;723.0;402.0;431.0
16;301.0;246.0;161.0;606.0;802.0;187.0;876.0;717.0;257.0;260.0;329.0;622.0;98.0;689.0;353.0;402.0;0.0;407.0;119.0;346.0;437.0;506.0;273.0;893.0;873.0;731.0;271.0;338.0;862.0;695.0;194.0;679.0;113.0;558.0;364.0;568.0;218.0;735.0;307.0;569.0;652.0;674.0;486.0;460.0;325.0;355.0;453.0;360.0;241.0;279.0;396.0;561.0;301.0;254.0;693.0;443.0;585.0;627.0;395.0;783.0;704.0;435.0;144.0;316.0;691.0;112.0;695.0;736.0;322.0;722.0;157.0;195.0;163.0;543.0;561.0;286.0;317.0;192.0;224.0;187.0;407.0;316.0;539.0;275.0;624.0;642.0;726.0;652.0;548.0;613.0;220.0;749.0;651.0;617.0;672.0;729.0;237.0;387.0;232.0;175.0;310.0;250.0;343.0;718.0;174.0;188.0;80.0;405.0;387.0;150.0;642.0;260.0;319.0;229.0;184.0;394.0;168.0;293.0;254.0;195.0;163.0;317.0;202.0;59.0;153.0;274.0;343.0;195.0;105.0;340.0;490.0;79.0;175.0;203.0;315.0;89.0;110.0;400.0;344.0;538.0;404.0;400.0;305.0;101.0;196.0;298.0;722.0;363.0;160.0;356.0;67.0;204.0;109.0;209.0;205.0;45.0;587.0;195.0;732.0;226.0;228.0;453.0;200.0;678.0;28.0;660.0;279.0;111.0;425.0;60.0;127.0;404.0;223.0;154.0;187.0;477.0;180.0;148.0;395.0;185.0;692.0;42.0;95.0;225.0;692.0;410.0;163.0;265.0;221.0;304.0;183.0;345.0;357.0;203.0;225.0;178.0;395.0;495.0;32.0;189.0;110.0;339.0;68.0;217.0
17;209.0;479.0;360.0;456.0;613.0;311.0;546.0;314.0;522.0;563.0;422.0;545.0;482.0;543.0;454.0;769.0;407.0;0.0;438.0;248.0;257.0;266.0;317.0;638.0;607.0;591.0;146.0;450.0;539.0;318.0;398.0;494.0;393.0;160.0;741.0;316.0;617.0;468.0;141.0;162.0;618.0;491.0;252.0;91.0;405.0;100.0;289.0;638.0;635.0;339.0;102.0;460.0;476.0;654.0;583.0;542.0;559.0;794.0;118.0;597.0;408.0;277.0;407.0;92.0;352.0;296.0;748.0;330.0;583.0;472.0;401.0;314.0;375.0;306.0;430.0;277.0;482.0;230.0;565.0;242.0;344.0;396.0;289.0;233.0;219.0;303.0;392.0;502.0;207.0;718.0;242.0;623.0;313.0;750.0;613.0;327.0;185.0;602.0;414.0;338.0;641.0;657.0;444.0;881.0;390.0;287.0;346.0;654.0;624.0;345.0;708.0;587.0;631.0;266.0;418.0;575.0;553.0;389.0;395.0;582.0;299.0;594.0;267.0;354.0;392.0;356.0;596.0;469.0;354.0;622.0;739.0;331.0;448.0;471.0;576.0;487.0;498.0;506.0;500.0;646.0;386.0;369.0;274.0;347.0;576.0;259.0;882.0;430.0;545.0;617.0;427.0;334.0;414.0;222.0;489.0;372.0;664.0;268.0;886.0;412.0;230.0;695.0;296.0;855.0;401.0;812.0;536.0;305.0;613.0;359.0;318.0;671.0;458.0;253.0;449.0;690.0;338.0;265.0;635.0;318.0;855.0;424.0;440.0;189.0;864.0;446.0;273.0;581.0;449.0;139.0;416.0;493.0;614.0;422.0;264.0;474.0;617.0;607.0;438.0;538.0;462.0;389.0;455.0;578.0
18;278.0;128.0;94.0;535.0;730.0;144.0;843.0;752.0;139.0;149.0;231.0;533.0;74.0;611.0;249.0;471.0;119.0;438.0;0.0;438.0;525.0;470.0;209.0;835.0;818.0;650.0;326.0;456.0;827.0;690.0;312.0;611.0;231.0;598.0;428.0;652.0;197.0;821.0;371.0;598.0;553.0;607.0;451.0;508.0;231.0;412.0;545.0;247.0;206.0;389.0;454.0;482.0;420.0;298.0;606.0;332.0;488.0;507.0;394.0;710.0;783.0;387.0;47.0;357.0;758.0;184.0;582.0;758.0;205.0;669.0;62.0;302.0;280.0;501.0;489.0;386.0;204.0;264.0;323.0;266.0;511.0;225.0;621.0;365.0;643.0;623.0;700.0;577.0;610.0;496.0;206.0;664.0;632.0;498.0;576.0;741.0;253.0;268.0;130.0;286.0;404.0;265.0;241.0;599.0;84.0;286.0;107.0;288.0;269.0;100.0;528.0;159.0;214.0;325.0;78.0;276.0;124.0;203.0;159.0;152.0;263.0;202.0;296.0;116.0;65.0;194.0;225.0;76.0;217.0;227.0;375.0;134.0;57.0;84.0;197.0;100.0;87.0;291.0;230.0;422.0;323.0;323.0;256.0;210.0;142.0;255.0;603.0;266.0;118.0;240.0;53.0;141.0;25.0;285.0;86.0;104.0;473.0;289.0;613.0;124.0;312.0;336.0;302.0;559.0;147.0;541.0;160.0;144.0;306.0;166.0;121.0;290.0;107.0;198.0;306.0;358.0;122.0;181.0;277.0;292.0;573.0;79.0;27.0;284.0;573.0;314.0;251.0;159.0;106.0;367.0;78.0;233.0;241.0;96.0;196.0;60.0;276.0;380.0;110.0;100.0;34.0;252.0;73.0;140.0
19;361.0;534.0;404.0;678.0;850.0;377.0;791.0;464.0;565.0;587.0;540.0;749.0;443.0;768.0;574.0;600.0;346.0;248.0;438.0;0.0;92.0;501.0;435.0;886.0;855.0;816.0;167.0;213.0;785.0;554.0;221.0;727.0;265.0;318.0;584.0;225.0;556.0;390.0;126.0;356.0;810.0;724.0;483.0;222.0;527.0;149.0;107.0;681.0;582.0;118.0;155.0;666.0;255.0;535.0;799.0;673.0;745.0;907.0;341.0;833.0;364.0;484.0;431.0;199.0;368.0;254.0;912.0;514.0;634.0;717.0;434.0;159.0;220.0;543.0;644.0;66.0;574.0;180.0;403.0;174.0;102.0;517.0;197.0;74.0;426.0;551.0;639.0;726.0;249.0;857.0;331.0;845.0;561.0;878.0;813.0;535.0;269.0;680.0;486.0;187.0;460.0;563.0;563.0;999.0;436.0;158.0;332.0;716.0;691.0;384.0;864.0;596.0;652.0;116.0;462.0;669.0;514.0;500.0;483.0;540.0;183.0;636.0;144.0;322.0;425.0;466.0;652.0;500.0;246.0;663.0;805.0;304.0;476.0;506.0;626.0;433.0;456.0;630.0;599.0;780.0;551.0;537.0;418.0;247.0;542.0;402.0;1001.0;563.0;506.0;670.0;400.0;408.0;416.0;159.0;517.0;337.0;813.0;151.0;1008.0;481.0;127.0;762.0;148.0;965.0;324.0;933.0;585.0;301.0;706.0;285.0;338.0;723.0;509.0;255.0;277.0;774.0;397.0;276.0;701.0;169.0;972.0;382.0;425.0;180.0;976.0;596.0;188.0;597.0;503.0;131.0;460.0;595.0;669.0;475.0;359.0;493.0;692.0;737.0;376.0;529.0;445.0;523.0;413.0;561.0
20;413.0;615.0;484.0;710.0;870.0;452.0;776.0;405.0;648.0;673.0;608.0;790.0;534.0;798.0;642.0;682.0;437.0;257.0;525.0;92.0;0.0;523.0;500.0;890.0;857.0;846.0;227.0;272.0;773.0;531.0;309.0;751.0;357.0;275.0;669.0;133.0;649.0;298.0;177.0;321.0;858.0;748.0;508.0;199.0;594.0;173.0;32.0;766.0;674.0;200.0;155.0;706.0;324.0;626.0;835.0;739.0;794.0;980.0;367.0;854.0;272.0;521.0;515.0;240.0;282.0;341.0;971.0;464.0;716.0;727.0;516.0;251.0;311.0;563.0;680.0;158.0;648.0;262.0;489.0;259.0;112.0;583.0;106.0;162.0;391.0;544.0;629.0;756.0;181.0;923.0;398.0;877.0;554.0;947.0;857.0;494.0;333.0;758.0;562.0;279.0;541.0;655.0;631.0;1071.0;516.0;250.0;419.0;797.0;772.0;464.0;925.0;684.0;739.0;208.0;543.0;744.0;605.0;569.0;557.0;632.0;274.0;720.0;235.0;411.0;507.0;534.0;734.0;584.0;339.0;747.0;886.0;391.0;560.0;589.0;709.0;525.0;547.0;698.0;672.0;847.0;606.0;590.0;476.0;339.0;633.0;459.0;1073.0;627.0;597.0;753.0;489.0;482.0;502.0;241.0;602.0;426.0;876.0;242.0;1079.0;558.0;213.0;843.0;241.0;1039.0;416.0;1005.0;667.0;385.0;781.0;376.0;420.0;807.0;590.0;335.0;364.0;852.0;474.0;356.0;782.0;261.0;1044.0;473.0;513.0;253.0;1050.0;656.0;277.0;684.0;583.0;183.0;541.0;668.0;751.0;555.0;426.0;579.0;771.0;805.0;467.0;618.0;534.0;586.0;504.0;651.0
21;205.0;436.0;376.0;193.0;350.0;330.0;374.0;434.0;481.0;534.0;316.0;296.0;538.0;278.0;336.0;907.0;506.0;266.0;470.0;501.0;523.0;0.0;264.0;400.0;375.0;325.0;350.0;679.0;358.0;257.0;588.0;228.0;549.0;349.0;870.0;576.0;667.0;712.0;377.0;309.0;377.0;225.0;21.0;345.0;301.0;355.0;555.0;572.0;673.0;565.0;368.0;213.0;689.0;755.0;322.0;386.0;329.0;629.0;160.0;333.0;644.0;89.0;424.0;304.0;569.0;426.0;530.0;395.0;519.0;225.0;410.0;511.0;555.0;43.0;175.0;510.0;393.0;404.0;717.0;421.0;601.0;298.0;550.0;463.0;300.0;168.0;233.0;237.0;448.0;528.0;286.0;358.0;174.0;571.0;363.0;349.0;290.0;502.0;374.0;526.0;801.0;733.0;331.0;705.0;390.0;478.0;426.0;565.0;534.0;374.0;500.0;569.0;591.0;477.0;410.0;462.0;593.0;308.0;341.0;619.0;478.0;538.0;464.0;447.0;405.0;293.0;524.0;457.0;507.0;563.0;634.0;431.0;446.0;453.0;515.0;557.0;554.0;367.0;397.0;470.0;222.0;207.0;214.0;497.0;606.0;215.0;703.0;301.0;587.0;545.0;489.0;328.0;452.0;410.0;474.0;461.0;468.0;461.0;704.0;376.0;435.0;592.0;494.0;688.0;515.0;637.0;485.0;397.0;493.0;486.0;380.0;591.0;426.0;374.0;626.0;570.0;348.0;368.0;543.0;510.0;681.0;501.0;486.0;368.0;694.0;288.0;445.0;557.0;418.0;372.0;408.0;387.0;539.0;401.0;283.0;473.0;519.0;442.0;528.0;550.0;503.0;274.0;521.0;590.0
22;109.0;179.0;119.0;333.0;529.0;88.0;636.0;609.0;225.0;275.0;108.0;354.0;281.0;416.0;143.0;670.0;273.0;317.0;209.0;435.0;500.0;264.0;0.0;627.0;610.0;459.0;274.0;543.0;619.0;502.0;416.0;407.0;352.0;471.0;629.0;604.0;404.0;769.0;323.0;456.0;396.0;403.0;246.0;405.0;94.0;341.0;529.0;331.0;409.0;443.0;377.0;289.0;529.0;504.0;422.0;239.0;328.0;484.0;229.0;510.0;716.0;179.0;163.0;270.0;668.0;236.0;478.0;598.0;276.0;460.0;148.0;362.0;379.0;293.0;288.0;409.0;165.0;268.0;497.0;281.0;532.0;83.0;573.0;369.0;485.0;425.0;497.0;379.0;520.0;423.0;105.0;478.0;433.0;447.0;410.0;570.0;168.0;285.0;113.0;363.0;583.0;475.0;132.0;574.0;126.0;332.0;197.0;340.0;310.0;124.0;429.0;308.0;338.0;354.0;145.0;258.0;331.0;72.0;84.0;355.0;319.0;291.0;328.0;222.0;144.0;39.0;286.0;193.0;316.0;319.0;423.0;214.0;182.0;190.0;270.0;303.0;296.0;198.0;183.0;347.0;135.0;128.0;54.0;305.0;342.0;63.0;575.0;127.0;325.0;308.0;238.0;71.0;195.0;285.0;211.0;230.0;378.0;322.0;581.0;114.0;320.0;379.0;352.0;544.0;291.0;506.0;234.0;187.0;296.0;277.0;152.0;360.0;165.0;199.0;436.0;373.0;95.0;181.0;320.0;357.0;547.0;256.0;229.0;256.0;554.0;163.0;289.0;297.0;157.0;317.0;144.0;176.0;303.0;137.0;77.0;209.0;301.0;304.0;287.0;285.0;243.0;88.0;270.0;326.0
23;599.0;763.0;746.0;308.0;153.0;708.0;202.0;639.0;801.0;855.0;626.0;371.0;908.0;261.0;628.0;1295.0;893.0;638.0;835.0;886.0;890.0;400.0;627.0;0.0;36.0;252.0;746.0;1075.0;184.0;399.0;987.0;230.0;947.0;649.0;1255.0;908.0;1024.0;1005.0;767.0;597.0;428.0;235.0;420.0;693.0;619.0;737.0;921.0;856.0;1023.0;962.0;738.0;373.0;1088.0;1132.0;309.0;616.0;445.0;774.0;552.0;165.0;932.0;459.0;788.0;696.0;840.0;823.0;585.0;562.0;814.0;175.0;773.0;911.0;955.0;358.0;352.0;904.0;694.0;804.0;1111.0;821.0;982.0;622.0;889.0;857.0;544.0;350.0;278.0;277.0;766.0;652.0;678.0;272.0;341.0;705.0;388.0;499.0;690.0;766.0;716.0;926.0;1197.0;1099.0;629.0;812.0;751.0;878.0;814.0;827.0;801.0;750.0;593.0;894.0;896.0;875.0;763.0;720.0;951.0;640.0;683.0;973.0;878.0;836.0;863.0;836.0;771.0;642.0;811.0;801.0;905.0;855.0;865.0;822.0;798.0;795.0;813.0;931.0;922.0;626.0;684.0;638.0;520.0;516.0;589.0;895.0;957.0;596.0;807.0;596.0;946.0;828.0;865.0;698.0;822.0;810.0;813.0;848.0;599.0;861.0;800.0;720.0;833.0;834.0;894.0;818.0;906.0;760.0;797.0;790.0;736.0;881.0;767.0;857.0;763.0;772.0;1025.0;794.0;721.0;764.0;807.0;910.0;797.0;881.0;856.0;767.0;816.0;556.0;845.0;878.0;757.0;763.0;762.0;674.0;820.0;749.0;669.0;822.0;779.0;638.0;912.0;896.0;869.0;592.0;897.0;932.0
24;576.0;751.0;728.0;299.0;166.0;689.0;169.0;602.0;790.0;844.0;614.0;372.0;891.0;262.0;618.0;1275.0;873.0;607.0;818.0;855.0;857.0;375.0;610.0;36.0;0.0;260.0;718.0;1047.0;150.0;363.0;962.0;222.0;923.0;614.0;1236.0;873.0;1009.0;969.0;737.0;562.0;435.0;227.0;395.0;660.0;606.0;706.0;888.0;849.0;1009.0;933.0;707.0;366.0;1061.0;1114.0;315.0;612.0;447.0;780.0;524.0;175.0;896.0;438.0;772.0;667.0;804.0;799.0;596.0;526.0;806.0;151.0;756.0;884.0;929.0;334.0;341.0;875.0;684.0;778.0;1089.0;795.0;951.0;608.0;854.0;828.0;508.0;315.0;242.0;273.0;731.0;658.0;656.0;284.0;307.0;711.0;395.0;463.0;665.0;761.0;702.0;900.0;1174.0;1083.0;619.0;822.0;734.0;851.0;793.0;822.0;795.0;731.0;600.0;883.0;887.0;847.0;748.0;714.0;936.0;626.0;668.0;958.0;852.0;828.0;836.0;815.0;754.0;626.0;804.0;787.0;881.0;847.0;864.0;801.0;783.0;781.0;804.0;913.0;905.0;619.0;675.0;640.0;507.0;502.0;570.0;871.0;943.0;575.0;817.0;585.0;931.0;821.0;847.0;680.0;804.0;783.0;800.0;828.0;604.0;834.0;811.0;706.0;806.0;832.0;867.0;826.0;884.0;768.0;787.0;768.0;732.0;858.0;746.0;853.0;750.0;748.0;1000.0;793.0;703.0;741.0;802.0;884.0;806.0;862.0;839.0;741.0;824.0;547.0;820.0;867.0;743.0;734.0;747.0;665.0;813.0;734.0;648.0;807.0;774.0;637.0;892.0;883.0;852.0;579.0;879.0;919.0
25;472.0;556.0;572.0;138.0;101.0;546.0;398.0;712.0;588.0;639.0;423.0;129.0;724.0;48.0;415.0;1121.0;731.0;591.0;650.0;816.0;846.0;325.0;459.0;252.0;260.0;0.0;655.0;975.0;375.0;479.0;863.0;107.0;807.0;663.0;1078.0;900.0;824.0;1030.0;690.0;616.0;176.0;108.0;339.0;669.0;420.0;676.0;878.0;624.0;818.0;865.0;691.0;170.0;973.0;947.0;57.0;381.0;200.0;522.0;479.0;87.0;961.0;334.0;606.0;617.0;879.0;686.0;337.0;650.0;589.0;202.0;590.0;797.0;827.0;288.0;177.0;816.0;479.0;691.0;956.0;707.0;918.0;426.0;875.0;769.0;587.0;390.0;372.0;90.0;769.0;400.0;537.0;36.0;387.0;452.0;136.0;590.0;572.0;532.0;522.0;805.0;1041.0;905.0;420.0;562.0;568.0;764.0;656.0;590.0;566.0;581.0;341.0;678.0;671.0;773.0;573.0;486.0;754.0;448.0;491.0;772.0;758.0;612.0;754.0;680.0;590.0;460.0;582.0;602.0;769.0;626.0;619.0;672.0;604.0;594.0;589.0;750.0;736.0;400.0;463.0;389.0;328.0;332.0;437.0;758.0;755.0;449.0;557.0;389.0;751.0;597.0;690.0;528.0;642.0;702.0;611.0;688.0;348.0;750.0;551.0;527.0;733.0;592.0;783.0;566.0;749.0;508.0;580.0;642.0;497.0;733.0;610.0;620.0;562.0;640.0;890.0;549.0;552.0;627.0;571.0;794.0;546.0;710.0;675.0;662.0;564.0;343.0;725.0;661.0;557.0;685.0;573.0;455.0;589.0;556.0;520.0;624.0;544.0;393.0;743.0;694.0;683.0;398.0;719.0;725.0
26;194.0;397.0;267.0;517.0;696.0;229.0;677.0;447.0;434.0;466.0;381.0;583.0;356.0;607.0;416.0;623.0;271.0;146.0;326.0;167.0;227.0;350.0;274.0;746.0;718.0;655.0;0.0;330.0;667.0;460.0;256.0;571.0;247.0;288.0;596.0;338.0;487.0;506.0;50.0;303.0;644.0;567.0;331.0;189.0;367.0;86.0;255.0;553.0;508.0;216.0;128.0;501.0;345.0;512.0;635.0;513.0;578.0;754.0;193.0;678.0;461.0;321.0;305.0;56.0;432.0;159.0;748.0;472.0;501.0;573.0;304.0;173.0;231.0;392.0;481.0;161.0;424.0;84.0;419.0;97.0;268.0;357.0;306.0;114.0;364.0;432.0;522.0;565.0;284.0;697.0;172.0;683.0;442.0;720.0;647.0;473.0;106.0;536.0;340.0;195.0;496.0;519.0;404.0;845.0;299.0;143.0;223.0;580.0;553.0;248.0;700.0;483.0;534.0;130.0;328.0;520.0;429.0;342.0;332.0;458.0;153.0;507.0;124.0;225.0;294.0;307.0;517.0;374.0;209.0;535.0;668.0;202.0;350.0;377.0;493.0;356.0;371.0;471.0;447.0;620.0;385.0;370.0;253.0;202.0;454.0;236.0;847.0;401.0;421.0;537.0;303.0;258.0;302.0;76.0;392.0;242.0;651.0;125.0;853.0;336.0;90.0;624.0;154.0;813.0;261.0;778.0;452.0;183.0;557.0;219.0;208.0;592.0;373.0;128.0;305.0;630.0;253.0;146.0;563.0;175.0;818.0;295.0;321.0;46.0;824.0;431.0;127.0;481.0;365.0;45.0;325.0;442.0;535.0;337.0;200.0;372.0;550.0;578.0;303.0;425.0;344.0;360.0;327.0;463.0
27;503.0;579.0;467.0;838.0;1023.0;463.0;996.0;673.0;595.0;598.0;632.0;889.0;427.0;928.0;662.0;429.0;338.0;450.0;456.0;213.0;272.0;679.0;543.0;1075.0;1047.0;975.0;330.0;0.0;989.0;764.0;144.0;897.0;225.0;530.0;425.0;383.0;496.0;514.0;311.0;569.0;938.0;893.0;660.0;435.0;623.0;351.0;261.0;697.0;526.0;114.0;366.0;813.0;65.0;420.0;949.0;760.0;870.0;962.0;523.0;1005.0;515.0;643.0;472.0;380.0;547.0;309.0;1012.0;726.0;661.0;903.0;481.0;181.0;177.0;722.0;799.0;174.0;641.0;284.0;262.0;268.0;167.0;612.0;365.0;220.0;639.0;753.0;842.0;887.0;452.0;939.0;445.0;1001.0;763.0;948.0;949.0;748.0;403.0;723.0;551.0;181.0;289.0;470.0;651.0;1055.0;492.0;212.0;373.0;743.0;725.0;449.0;959.0;592.0;652.0;203.0;510.0;727.0;481.0;591.0;561.0;500.0;223.0;655.0;221.0;352.0;474.0;562.0;681.0;531.0;243.0;677.0;828.0;346.0;509.0;539.0;653.0;405.0;432.0;715.0;668.0;862.0;675.0;664.0;546.0;251.0;509.0;531.0;1058.0;662.0;475.0;694.0;405.0;491.0;442.0;273.0;543.0;357.0;905.0;225.0;1068.0;545.0;244.0;791.0;193.0;1015.0;310.0;995.0;616.0;363.0;759.0;293.0;404.0;741.0;555.0;344.0;168.0;815.0;473.0;362.0;733.0;186.0;1028.0;380.0;433.0;314.0;1029.0;703.0;254.0;600.0;551.0;314.0;509.0;668.0;696.0;528.0;468.0;516.0;733.0;818.0;357.0;521.0;447.0;628.0;401.0;540.0
