Vehicle:
Average speed:;1326
Time limit:;1074.57
Fuel comsumption rate:;1
Fuel Capacity:;663
Depot:
ID;X;Y;Service Time
0;707;633;0
Customers:
ID;X;Y;Service Time
1;405;122;9.40426
2;811;419;9.40426
3;11;667;9.40426
4;336;612;9.40426
5;366;50;9.40426
6;98;836;9.40426
7;414;996;9.40426
8;243;713;9.40426
9;100;232;9.40426
10;891;946;9.40426
11;132;204;9.40426
12;25;642;9.40426
13;994;18;9.40426
14;636;897;9.40426
15;214;651;9.40426
16;108;619;9.40426
17;882;399;9.40426
18;863;607;9.40426
19;409;585;9.40426
20;247;882;9.40426
21;553;507;9.40426
22;677;258;9.40426
23;673;644;9.40426
24;25;182;9.40426
25;251;111;9.40426
26;263;799;9.40426
27;660;359;9.40426
29;172;127;9.40426
30;382;441;9.40426
31;231;650;9.40426
32;966;485;9.40426
33;964;107;9.40426
34;876;164;9.40426
35;949;328;9.40426
36;936;70;9.40426
37;229;744;9.40426
38;161;214;9.40426
39;581;594;9.40426
40;154;860;9.40426
41;23;374;9.40426
42;736;600;9.40426
43;594;542;9.40426
44;846;684;9.40426
45;355;471;9.40426
46;675;597;9.40426
47;663;653;9.40426
48;61;889;9.40426
49;685;150;9.40426
50;129;248;9.40426
52;180;836;9.40426
53;427;670;9.40426
54;833;860;9.40426
55;669;251;9.40426
56;411;403;9.40426
57;450;926;9.40426
58;591;505;9.40426
59;468;157;9.40426
60;288;484;9.40426
61;574;955;9.40426
62;795;521;9.40426
63;41;65;9.40426
64;175;486;9.40426
65;74;436;9.40426
66;907;13;9.40426
67;579;912;9.40426
68;765;835;9.40426
69;176;189;9.40426
70;972;351;9.40426
71;470;22;9.40426
72;577;469;9.40426
73;561;672;9.40426
74;110;670;9.40426
75;811;614;9.40426
76;460;344;9.40426
77;862;486;9.40426
78;22;369;9.40426
80;89;934;9.40426
81;89;973;9.40426
82;896;544;9.40426
83;503;364;9.40426
84;765;469;9.40426
85;832;504;9.40426
86;702;482;9.40426
87;481;321;9.40426
88;827;627;9.40426
89;541;599;9.40426
90;111;694;9.40426
91;891;231;9.40426
92;884;324;9.40426
93;555;436;9.40426
94;186;502;9.40426
95;442;319;9.40426
96;823;255;9.40426
97;367;339;9.40426
99;715;620;9.40426
100;134;794;9.40426
101;85;912;9.40426
102;191;561;9.40426
103;79;911;9.40426
104;924;508;9.40426
105;132;871;9.40426
106;962;682;9.40426
107;783;515;9.40426
108;170;677;9.40426
109;847;462;9.40426
110;840;535;9.40426
111;732;383;9.40426
112;904;368;9.40426
113;980;376;9.40426
114;281;669;9.40426
115;84;809;9.40426
116;114;715;9.40426
118;800;540;9.40426
119;45;944;9.40426
120;84;965;9.40426
121;465;407;9.40426
122;779;427;9.40426
123;854;305;9.40426
124;518;500;9.40426
125;216;721;9.40426
126;597;643;9.40426
127;847;501;9.40426
128;859;298;9.40426
129;954;764;9.40426
130;339;814;9.40426
131;142;552;9.40426
132;400;366;9.40426
133;21;341;9.40426
134;802;487;9.40426
135;67;772;9.40426
136;897;552;9.40426
137;847;538;9.40426
138;189;530;9.40426
139;930;232;9.40426
140;472;396;9.40426
141;92;325;9.40426
142;877;475;9.40426
143;451;370;9.40426
144;1;416;9.40426
145;712;100;9.40426
146;869;270;9.40426
AFSs:
ID;X;Y;Service Time
28;351;288;221
51;161;301;221
79;898;295;221
98;572;872;221
117;83;648;221
147;100;342;221
Distance matrix:
;0;1;2;3;4;5;6;7;8;9;10;11;12;13;14;15;16;17;18;19;20;21;22;23;24;25;26;27;28;29;30;31;32;33;34;35;36;37;38;39;40;41;42;43;44;45;46;47;48;49;50;51;52;53;54;55;56;57;58;59;60;61;62;63;64;65;66;67;68;69;70;71;72;73;74;75;76;77;78;79;80;81;82;83;84;85;86;87;88;89;90;91;92;93;94;95;96;97;98;99;100;101;102;103;104;105;106;107;108;109;110;111;112;113;114;115;116;117;118;119;120;121;122;123;124;125;126;127;128;129;130;131;132;133;134;135;136;137;138;139;140;141;142;143;144;145;146;147
0;0.0;594.0;238.0;697.0;372.0;675.0;642.0;466.0;471.0;727.0;363.0;717.0;682.0;679.0;273.0;493.0;599.0;292.0;158.0;302.0;523.0;199.0;376.0;36.0;818.0;693.0;474.0;278.0;496.0;736.0;377.0;476.0;298.0;585.0;499.0;389.0;608.0;491.0;688.0;132.0;598.0;731.0;44.0;145.0;148.0;387.0;48.0;48.0;695.0;484.0;694.0;639.0;565.0;282.0;260.0;384.0;375.0;390.0;173.0;533.0;445.0;348.0;142.0;875.0;552.0;663.0;651.0;307.0;210.0;692.0;387.0;655.0;209.0;151.0;598.0;106.0;380.0;214.0;734.0;388.0;687.0;705.0;209.0;338.0;174.0;180.0;151.0;385.0;120.0;169.0;599.0;442.0;356.0;249.0;537.0;411.0;395.0;449.0;274.0;15.0;595.0;682.0;521.0;687.0;250.0;622.0;260.0;140.0;539.0;221.0;165.0;251.0;330.0;375.0;428.0;647.0;599.0;624.0;132.0;731.0;706.0;331.0;218.0;359.0;231.0;499.0;110.0;192.0;368.0;280.0;410.0;571.0;407.0;746.0;174.0;655.0;207.0;169.0;528.0;459.0;334.0;688.0;232.0;367.0;739.0;533.0;398.0;673.0
1;594.0;0.0;503.0;673.0;495.0;82.0;777.0;874.0;613.0;324.0;957.0;285.0;644.0;598.0;809.0;562.0;579.0;552.0;667.0;463.0;776.0;412.0;304.0;587.0;385.0;154.0;692.0;348.0;175.0;233.0;320.0;556.0;668.0;559.0;473.0;582.0;534.0;646.0;261.0;504.0;780.0;458.0;581.0;461.0;714.0;353.0;546.0;590.0;841.0;281.0;303.0;303.0;749.0;548.0;853.0;294.0;281.0;805.0;426.0;72.0;380.0;850.0;558.0;368.0;431.0;456.0;514.0;809.0;799.0;239.0;611.0;119.0;387.0;572.0;622.0;638.0;229.0;584.0;456.0;522.0;871.0;908.0;647.0;261.0;500.0;573.0;467.0;213.0;658.0;496.0;643.0;498.0;520.0;348.0;439.0;200.0;439.0;220.0;768.0;587.0;725.0;852.0;488.0;854.0;647.0;797.0;790.0;545.0;603.0;558.0;600.0;418.0;556.0;629.0;561.0;758.0;661.0;617.0;575.0;897.0;902.0;291.0;483.0;485.0;395.0;628.0;555.0;582.0;487.0;845.0;695.0;504.0;244.0;442.0;539.0;733.0;653.0;607.0;462.0;536.0;282.0;373.0;589.0;252.0;500.0;308.0;487.0;376.0
2;238.0;503.0;0.0;838.0;513.0;578.0;826.0;700.0;640.0;735.0;533.0;712.0;817.0;441.0;509.0;640.0;731.0;74.0;195.0;435.0;730.0;273.0;209.0;264.0;821.0;639.0;667.0;162.0;478.0;703.0;430.0;624.0;168.0;347.0;263.0;165.0;371.0;667.0;682.0;289.0;791.0;789.0;196.0;249.0;267.0;459.0;224.0;277.0;885.0;297.0;703.0;661.0;756.0;459.0;442.0;220.0;400.0;622.0;236.0;432.0;527.0;586.0;103.0;847.0;640.0;737.0;417.0;545.0;419.0;675.0;175.0;523.0;239.0;356.0;745.0;195.0;359.0;84.0;791.0;151.0;887.0;910.0;151.0;313.0;68.0;88.0;126.0;344.0;209.0;324.0;752.0;204.0;120.0;257.0;630.0;382.0;164.0;451.0;512.0;223.0;774.0;878.0;636.0;882.0;144.0;816.0;303.0;100.0;691.0;56.0;120.0;87.0;106.0;174.0;586.0;825.0;757.0;763.0;121.0;929.0;909.0;346.0;33.0;122.0;304.0;667.0;310.0;90.0;130.0;373.0;615.0;682.0;414.0;794.0;69.0;823.0;158.0;124.0;632.0;222.0;340.0;725.0;87.0;363.0;810.0;334.0;160.0;715.0
3;697.0;673.0;838.0;0.0;330.0;712.0;190.0;520.0;237.0;444.0;923.0;479.0;29.0;1178.0;666.0;204.0;108.0;911.0;854.0;406.0;319.0;565.0;782.0;662.0;485.0;606.0;284.0;718.0;509.0;563.0;434.0;221.0;972.0;1105.0;1001.0;997.0;1101.0;231.0;477.0;575.0;240.0;293.0;728.0;596.0;835.0;396.0;668.0;652.0;228.0;849.0;435.0;396.0;239.0;416.0;844.0;778.0;479.0;510.0;602.0;685.0;332.0;632.0;797.0;603.0;244.0;239.0;1109.0;619.0;772.0;506.0;1012.0;792.0;600.0;550.0;99.0;802.0;553.0;870.0;298.0;962.0;278.0;316.0;894.0;578.0;780.0;837.0;715.0;584.0;817.0;534.0;104.0;982.0;938.0;591.0;241.0;554.0;911.0;484.0;597.0;706.0;177.0;256.0;209.0;253.0;927.0;237.0;951.0;787.0;159.0;861.0;839.0;775.0;942.0;1012.0;270.0;160.0;114.0;74.0;799.0;279.0;307.0;523.0;805.0;917.0;534.0;212.0;586.0;852.0;925.0;948.0;359.0;174.0;492.0;326.0;811.0;119.0;893.0;846.0;225.0;1017.0;535.0;351.0;887.0;531.0;251.0;902.0;945.0;337.0
4;372.0;495.0;513.0;330.0;0.0;563.0;327.0;392.0;137.0;447.0;648.0;456.0;312.0;886.0;414.0;128.0;228.0;586.0;527.0;78.0;284.0;241.0;492.0;339.0;531.0;508.0;201.0;411.0;324.0;512.0;177.0;112.0;643.0;806.0;702.0;676.0;809.0;170.0;435.0;246.0;308.0;393.0;400.0;267.0;515.0;142.0;339.0;330.0;390.0;579.0;419.0;357.0;273.0;108.0;555.0;491.0;222.0;334.0;277.0;474.0;137.0;417.0;468.0;621.0;204.0;316.0;828.0;386.0;483.0;452.0;687.0;605.0;280.0;233.0;233.0;475.0;295.0;541.0;397.0;645.0;406.0;437.0;564.0;299.0;452.0;508.0;388.0;325.0;491.0;205.0;239.0;673.0;619.0;281.0;186.0;312.0;604.0;275.0;351.0;379.0;272.0;391.0;154.0;394.0;597.0;330.0;630.0;457.0;178.0;533.0;510.0;457.0;618.0;686.0;79.0;320.0;245.0;256.0;470.0;441.0;434.0;242.0;480.0;602.0;214.0;162.0;263.0;523.0;610.0;636.0;202.0;203.0;254.0;416.0;482.0;313.0;564.0;516.0;168.0;705.0;255.0;377.0;558.0;268.0;388.0;635.0;633.0;359.0
5;675.0;82.0;578.0;712.0;563.0;0.0;830.0;947.0;674.0;322.0;1038.0;280.0;683.0;629.0;889.0;620.0;625.0;623.0;746.0;537.0;840.0;494.0;374.0;669.0;366.0;130.0;756.0;427.0;238.0;209.0;391.0;615.0;741.0;601.0;523.0;646.0;570.0;707.0;263.0;585.0;837.0;472.0;663.0;542.0;795.0;421.0;628.0;672.0;893.0;334.0;309.0;324.0;808.0;623.0;935.0;364.0;356.0;880.0;508.0;148.0;441.0;929.0;637.0;325.0;476.0;484.0;542.0;888.0;881.0;235.0;677.0;108.0;469.0;652.0;671.0;718.0;309.0;660.0;469.0;586.0;926.0;964.0;725.0;343.0;579.0;651.0;547.0;294.0;739.0;576.0;693.0;555.0;586.0;430.0;487.0;280.0;501.0;289.0;847.0;668.0;779.0;907.0;540.0;908.0;722.0;854.0;869.0;625.0;657.0;633.0;678.0;495.0;625.0;695.0;625.0;810.0;711.0;662.0;655.0;950.0;957.0;370.0;559.0;551.0;475.0;688.0;636.0;659.0;552.0;925.0;764.0;550.0;318.0;451.0;617.0;781.0;731.0;685.0;512.0;593.0;362.0;388.0;665.0;331.0;517.0;350.0;549.0;395.0
6;642.0;777.0;826.0;190.0;327.0;830.0;0.0;354.0;190.0;604.0;801.0;633.0;207.0;1213.0;541.0;218.0;217.0;898.0;799.0;400.0;156.0;561.0;818.0;606.0;658.0;741.0;169.0;737.0;604.0;713.0;486.0;229.0;936.0;1132.0;1028.0;991.0;1135.0;160.0;625.0;540.0;61.0;468.0;680.0;577.0;763.0;446.0;625.0;594.0;65.0;903.0;589.0;539.0;82.0;369.0;735.0;817.0;534.0;363.0;594.0;773.0;400.0;491.0;765.0;773.0;358.0;401.0;1154.0;487.0;667.0;652.0;1000.0;895.0;603.0;491.0;166.0;747.0;611.0;840.0;473.0;966.0;98.0;137.0;850.0;622.0;761.0;806.0;700.0;642.0;758.0;502.0;143.0;997.0;938.0;607.0;345.0;621.0;929.0;565.0;475.0;654.0;55.0;77.0;290.0;77.0;889.0;49.0;878.0;756.0;175.0;837.0;801.0;779.0;932.0;995.0;248.0;30.0;122.0;189.0;762.0;120.0;130.0;565.0;794.0;924.0;538.0;165.0;535.0;821.0;932.0;859.0;242.0;287.0;559.0;501.0;786.0;71.0;848.0;806.0;319.0;1028.0;577.0;511.0;859.0;585.0;431.0;958.0;956.0;494.0
7;466.0;874.0;700.0;520.0;392.0;947.0;354.0;0.0;331.0;826.0;480.0;841.0;526.0;1137.0;243.0;399.0;486.0;759.0;594.0;411.0;202.0;508.0;783.0;437.0;902.0;900.0;248.0;683.0;711.0;902.0;556.0;391.0;752.0;1045.0;952.0;856.0;1063.0;313.0;822.0;435.0;293.0;735.0;510.0;488.0;533.0;528.0;477.0;424.0;369.0;888.0;800.0;740.0;283.0;326.0;441.0;787.0;593.0;79.0;522.0;841.0;527.0;165.0;609.0;1003.0;563.0;655.0;1100.0;185.0;386.0;841.0;853.0;976.0;552.0;356.0;446.0;551.0;654.0;679.0;739.0;852.0;331.0;326.0;661.0;638.0;633.0;646.0;589.0;678.0;554.0;417.0;428.0;902.0;820.0;577.0;544.0;678.0;846.0;659.0;201.0;482.0;345.0;340.0;489.0;346.0;706.0;308.0;632.0;606.0;402.0;687.0;628.0;691.0;797.0;839.0;353.0;379.0;411.0;480.0;597.0;373.0;331.0;591.0;676.0;819.0;507.0;339.0;398.0;658.0;828.0;588.0;197.0;521.0;630.0;764.0;640.0;413.0;656.0;630.0;517.0;922.0;603.0;744.0;697.0;627.0;712.0;944.0;857.0;725.0
8;471.0;613.0;640.0;237.0;137.0;674.0;190.0;331.0;0.0;502.0;689.0;521.0;229.0;1023.0;434.0;68.0;165.0;712.0;629.0;210.0;169.0;372.0;629.0;436.0;574.0;602.0;88.0;547.0;439.0;590.0;305.0;64.0;758.0;942.0;838.0;804.0;945.0;34.0;506.0;358.0;172.0;404.0;506.0;390.0;604.0;267.0;447.0;424.0;253.0;716.0;479.0;420.0;138.0;189.0;608.0;628.0;353.0;297.0;405.0;600.0;233.0;410.0;584.0;679.0;237.0;324.0;965.0;391.0;536.0;528.0;814.0;727.0;414.0;321.0;140.0;577.0;428.0;659.0;409.0;777.0;269.0;302.0;675.0;435.0;576.0;625.0;514.0;459.0;590.0;319.0;133.0;808.0;750.0;417.0;219.0;441.0;739.0;394.0;365.0;481.0;136.0;254.0;161.0;257.0;711.0;193.0;720.0;575.0;81.0;654.0;623.0;590.0;746.0;810.0;58.0;186.0;129.0;173.0;583.0;304.0;298.0;378.0;608.0;735.0;348.0;28.0;361.0;640.0;743.0;713.0;139.0;190.0;381.0;433.0;603.0;186.0;674.0;629.0;191.0;839.0;391.0;416.0;677.0;401.0;383.0;772.0;767.0;398.0
9;727.0;324.0;735.0;444.0;447.0;322.0;604.0;826.0;502.0;0.0;1066.0;43.0;417.0;919.0;854.0;434.0;387.0;800.0;850.0;469.0;666.0;530.0;578.0;706.0;90.0;193.0;590.0;574.0;257.0;127.0;351.0;438.0;902.0;873.0;779.0;854.0;852.0;528.0;64.0;602.0;630.0;162.0;735.0;583.0;872.0;349.0;681.0;703.0;658.0;591.0;33.0;92.0;609.0;547.0;965.0;569.0;355.0;777.0;562.0;376.0;314.0;865.0;753.0;177.0;265.0;206.0;836.0;832.0;898.0;87.0;880.0;425.0;533.0;637.0;438.0;807.0;377.0;803.0;158.0;800.0;702.0;741.0;855.0;424.0;706.0;781.0;652.0;391.0;827.0;574.0;462.0;791.0;789.0;499.0;283.0;353.0;723.0;288.0;795.0;727.0;563.0;680.0;341.0;679.0;869.0;640.0;972.0;739.0;450.0;782.0;800.0;650.0;815.0;892.0;473.0;577.0;483.0;416.0;765.0;714.0;733.0;405.0;706.0;758.0;497.0;503.0;645.0;794.0;762.0;1006.0;629.0;323.0;329.0;135.0;747.0;541.0;859.0;807.0;311.0;830.0;407.0;93.0;814.0;377.0;209.0;626.0;770.0;110.0
10;363.0;957.0;533.0;923.0;648.0;1038.0;801.0;480.0;689.0;1066.0;0.0;1061.0;918.0;934.0;260.0;738.0;849.0;547.0;340.0;602.0;647.0;554.0;721.0;372.0;1155.0;1052.0;645.0;631.0;851.0;1090.0;717.0;723.0;467.0;842.0;782.0;621.0;877.0;692.0;1034.0;469.0;742.0;1040.0;379.0;501.0;266.0;716.0;410.0;371.0;832.0;822.0;1033.0;974.0;719.0;540.0;104.0;730.0;725.0;441.0;533.0;895.0;760.0;317.0;436.0;1224.0;851.0;963.0;933.0;314.0;168.0;1041.0;600.0;1015.0;571.0;429.0;828.0;342.0;740.0;461.0;1043.0;651.0;802.0;802.0;402.0;699.0;493.0;446.0;501.0;747.0;325.0;493.0;820.0;715.0;622.0;611.0;833.0;771.0;694.0;802.0;327.0;370.0;772.0;807.0;799.0;813.0;439.0;763.0;273.0;444.0;770.0;486.0;414.0;585.0;578.0;577.0;670.0;819.0;811.0;861.0;416.0;846.0;807.0;687.0;531.0;642.0;581.0;712.0;422.0;447.0;649.0;193.0;568.0;846.0;760.0;1060.0;468.0;842.0;394.0;410.0;816.0;715.0;691.0;1012.0;471.0;725.0;1036.0;865.0;676.0;995.0
11;717.0;285.0;712.0;479.0;456.0;280.0;633.0;841.0;521.0;43.0;1061.0;0.0;451.0;882.0;857.0;454.0;416.0;775.0;835.0;471.0;688.0;519.0;548.0;697.0;109.0;151.0;609.0;550.0;235.0;87.0;344.0;457.0;880.0;838.0;745.0;826.0;815.0;549.0;31.0;595.0;656.0;202.0;722.0;572.0;860.0;348.0;670.0;695.0;689.0;556.0;44.0;101.0;634.0;552.0;960.0;539.0;343.0;789.0;549.0;339.0;321.0;871.0;735.0;166.0;285.0;239.0;798.0;837.0;894.0;46.0;853.0;384.0;518.0;635.0;467.0;793.0;357.0;783.0;198.0;771.0;731.0;770.0;836.0;404.0;686.0;762.0;634.0;368.0;814.0;569.0;490.0;759.0;762.0;482.0;303.0;331.0;693.0;271.0;800.0;716.0;590.0;710.0;362.0;709.0;848.0;667.0;958.0;721.0;475.0;760.0;782.0;626.0;789.0;865.0;488.0;607.0;511.0;447.0;748.0;745.0;763.0;390.0;684.0;729.0;486.0;524.0;639.0;774.0;733.0;995.0;644.0;348.0;313.0;176.0;727.0;572.0;840.0;789.0;331.0;798.0;390.0;127.0;793.0;360.0;249.0;589.0;740.0;142.0
12;682.0;644.0;817.0;29.0;312.0;683.0;207.0;526.0;229.0;417.0;918.0;451.0;0.0;1153.0;662.0;189.0;86.0;891.0;839.0;388.0;327.0;545.0;757.0;648.0;460.0;577.0;285.0;695.0;481.0;536.0;410.0;206.0;954.0;1081.0;976.0;976.0;1076.0;228.0;449.0;558.0;253.0;268.0;712.0;578.0;822.0;372.0;652.0;638.0;250.0;823.0;407.0;367.0;248.0;403.0;837.0;753.0;454.0;511.0;582.0;657.0;307.0;632.0;779.0;577.0;216.0;212.0;1083.0;616.0;765.0;478.0;991.0;763.0;578.0;537.0;89.0;786.0;527.0;851.0;273.0;939.0;299.0;337.0;876.0;553.0;760.0;819.0;696.0;558.0;802.0;518.0;100.0;959.0;916.0;569.0;213.0;527.0;887.0;457.0;593.0;690.0;187.0;277.0;185.0;274.0;909.0;253.0;938.0;769.0;149.0;841.0;822.0;753.0;921.0;991.0;257.0;177.0;115.0;58.0;782.0;303.0;328.0;499.0;784.0;895.0;513.0;207.0;572.0;834.0;902.0;937.0;358.0;148.0;466.0;301.0;792.0;137.0;877.0;829.0;199.0;994.0;510.0;324.0;868.0;505.0;227.0;875.0;922.0;309.0
13;679.0;598.0;441.0;1178.0;886.0;629.0;1213.0;1137.0;1023.0;919.0;934.0;882.0;1153.0;0.0;949.0;1005.0;1071.0;397.0;603.0;815.0;1142.0;658.0;398.0;704.0;983.0;749.0;1070.0;477.0;697.0;829.0;744.0;991.0;468.0;94.0;188.0;313.0;78.0;1055.0;856.0;709.0;1189.0;1034.0;637.0;659.0;682.0;783.0;661.0;716.0;1276.0;336.0;895.0;880.0;1154.0;864.0;857.0;400.0;699.0;1058.0;632.0;544.0;846.0;1027.0;541.0;954.0;943.0;1011.0;87.0;986.0;848.0;836.0;334.0;524.0;614.0;784.0;1098.0;623.0;626.0;486.0;1033.0;293.0;1288.0;1316.0;535.0;601.0;506.0;512.0;548.0;596.0;631.0;737.0;1112.0;237.0;325.0;606.0;942.0;629.0;292.0;704.0;953.0;664.0;1158.0;1275.0;969.0;1279.0;495.0;1213.0;665.0;540.0;1055.0;468.0;539.0;449.0;361.0;358.0;965.0;1206.0;1123.0;1108.0;557.0;1326.0;1313.0;657.0;462.0;319.0;677.0;1049.0;740.0;505.0;311.0;747.0;1031.0;1006.0;688.0;1025.0;507.0;1195.0;543.0;540.0;954.0;223.0;644.0;953.0;472.0;647.0;1070.0;294.0;281.0;951.0
14;273.0;809.0;509.0;666.0;414.0;889.0;541.0;243.0;434.0;854.0;260.0;857.0;662.0;949.0;0.0;488.0;597.0;555.0;368.0;386.0;389.0;399.0;640.0;256.0;941.0;875.0;386.0;539.0;672.0;899.0;522.0;474.0;528.0;855.0;771.0;649.0;880.0;435.0;832.0;308.0;483.0;806.0;313.0;357.0;299.0;510.0;303.0;245.0;575.0;749.0;824.0;762.0;460.0;309.0;200.0;647.0;543.0;188.0;395.0;759.0;540.0;85.0;408.0;1023.0;618.0;727.0;925.0;59.0;143.0;844.0;641.0;891.0;432.0;237.0;573.0;333.0;580.0;469.0;810.0;657.0;548.0;552.0;438.0;549.0;447.0;439.0;420.0;596.0;331.0;313.0;563.0;713.0;624.0;468.0;599.0;610.0;669.0;619.0;69.0;288.0;512.0;551.0;558.0;557.0;484.0;505.0;391.0;409.0;515.0;483.0;416.0;523.0;593.0;624.0;422.0;559.0;553.0;606.0;393.0;593.0;556.0;519.0;491.0;631.0;414.0;455.0;257.0;449.0;639.0;345.0;308.0;603.0;581.0;829.0;442.0;583.0;433.0;416.0;578.0;727.0;527.0;789.0;486.0;559.0;797.0;801.0;669.0;772.0
15;493.0;562.0;640.0;204.0;128.0;620.0;218.0;399.0;68.0;434.0;738.0;454.0;189.0;1005.0;488.0;0.0;111.0;714.0;650.0;206.0;233.0;368.0;607.0;459.0;506.0;541.0;156.0;533.0;388.0;526.0;269.0;17.0;770.0;927.0;822.0;803.0;927.0;94.0;440.0;371.0;217.0;336.0;524.0;395.0;633.0;229.0;464.0;449.0;283.0;688.0;412.0;354.0;188.0;214.0;653.0;606.0;317.0;362.0;404.0;555.0;183.0;471.0;595.0;611.0;170.0;257.0;942.0;449.0;581.0;464.0;815.0;679.0;406.0;348.0;106.0;598.0;393.0;669.0;341.0;771.0;309.0;345.0;690.0;407.0;580.0;635.0;516.0;424.0;613.0;331.0;112.0;797.0;746.0;403.0;152.0;403.0;726.0;347.0;421.0;502.0;164.0;291.0;93.0;293.0;724.0;235.0;749.0;585.0;51.0;661.0;637.0;583.0;746.0;814.0;69.0;205.0;119.0;131.0;596.0;338.0;340.0;350.0;608.0;728.0;339.0;70.0;383.0;651.0;735.0;749.0;205.0;122.0;340.0;365.0;610.0;190.0;690.0;643.0;124.0;830.0;363.0;348.0;686.0;368.0;317.0;743.0;758.0;329.0
16;599.0;579.0;731.0;108.0;228.0;625.0;217.0;486.0;165.0;387.0;849.0;416.0;86.0;1071.0;597.0;111.0;0.0;805.0;755.0;303.0;297.0;459.0;674.0;566.0;445.0;528.0;238.0;610.0;411.0;496.0;327.0;127.0;868.0;997.0;893.0;890.0;993.0;174.0;408.0;474.0;245.0;259.0;628.0;492.0;741.0;288.0;567.0;556.0;274.0;744.0;372.0;322.0;229.0;323.0;764.0;671.0;372.0;460.0;496.0;586.0;225.0;575.0;694.0;558.0;149.0;186.0;1003.0;555.0;692.0;435.0;905.0;698.0;492.0;456.0;51.0;703.0;447.0;766.0;264.0;854.0;316.0;355.0;792.0;470.0;674.0;733.0;610.0;477.0;719.0;433.0;75.0;874.0;830.0;483.0;141.0;449.0;802.0;381.0;528.0;607.0;177.0;294.0;101.0;293.0;824.0;253.0;856.0;683.0;85.0;755.0;737.0;667.0;835.0;905.0;180.0;192.0;96.0;38.0;696.0;331.0;347.0;415.0;698.0;809.0;427.0;149.0;490.0;748.0;817.0;858.0;302.0;75.0;386.0;291.0;706.0;158.0;792.0;743.0;120.0;909.0;427.0;294.0;782.0;424.0;229.0;796.0;837.0;277.0
17;292.0;552.0;74.0;911.0;586.0;623.0;898.0;759.0;712.0;800.0;547.0;775.0;891.0;397.0;555.0;714.0;805.0;0.0;209.0;508.0;798.0;346.0;249.0;322.0;884.0;694.0;737.0;226.0;542.0;760.0;502.0;698.0;120.0;303.0;235.0;98.0;333.0;739.0;744.0;359.0;862.0;859.0;248.0;322.0;287.0;532.0;286.0;335.0;956.0;318.0;768.0;728.0;827.0;530.0;464.0;259.0;471.0;681.0;310.0;480.0;600.0;636.0;150.0;905.0;712.0;809.0;387.0;596.0;451.0;737.0;102.0;558.0;313.0;421.0;818.0;226.0;426.0;89.0;861.0;105.0;957.0;979.0;146.0;381.0;136.0;116.0;198.0;409.0;235.0;395.0;826.0;168.0;75.0;329.0;704.0;447.0;156.0;518.0;566.0;277.0;846.0;948.0;710.0;952.0;117.0;886.0;294.0;153.0;764.0;72.0;142.0;151.0;38.0;101.0;659.0;897.0;830.0;837.0;163.0;999.0;978.0;417.0;107.0;98.0;378.0;740.0;375.0;108.0;104.0;372.0;683.0;756.0;483.0;863.0;119.0;896.0;154.0;143.0;705.0;174.0;410.0;793.0;76.0;432.0;881.0;344.0;130.0;784.0
18;158.0;667.0;195.0;854.0;527.0;746.0;799.0;594.0;629.0;850.0;340.0;835.0;839.0;603.0;368.0;650.0;755.0;209.0;0.0;455.0;675.0;326.0;395.0;194.0;940.0;788.0;630.0;320.0;603.0;841.0;509.0;633.0;160.0;510.0;443.0;292.0;542.0;649.0;805.0;282.0;753.0;872.0;127.0;277.0;79.0;526.0;188.0;205.0;850.0;490.0;817.0;766.0;720.0;441.0;255.0;405.0;496.0;522.0;290.0;599.0;588.0;452.0;110.0;985.0;699.0;807.0;596.0;417.0;248.0;804.0;278.0;705.0;318.0;309.0;756.0;52.0;481.0;121.0;874.0;314.0;840.0;856.0;71.0;434.0;169.0;108.0;204.0;477.0;41.0;322.0;757.0;377.0;284.0;352.0;685.0;510.0;354.0;564.0;394.0;149.0;753.0;836.0;674.0;841.0;116.0;777.0;124.0;122.0;697.0;146.0;76.0;259.0;242.0;259.0;585.0;805.0;757.0;781.0;92.0;885.0;857.0;445.0;199.0;302.0;361.0;657.0;268.0;107.0;309.0;181.0;563.0;723.0;522.0;883.0;135.0;813.0;65.0;71.0;678.0;381.0;444.0;821.0;133.0;475.0;883.0;529.0;337.0;808.0
19;302.0;463.0;435.0;406.0;78.0;537.0;400.0;411.0;210.0;469.0;602.0;471.0;388.0;815.0;386.0;206.0;303.0;508.0;455.0;0.0;338.0;164.0;423.0;271.0;557.0;500.0;259.0;338.0;303.0;516.0;147.0;189.0;566.0;732.0;629.0;598.0;737.0;240.0;446.0;172.0;375.0;440.0;327.0;190.0;448.0;126.0;266.0;263.0;462.0;515.0;438.0;377.0;340.0;87.0;505.0;423.0;182.0;343.0;199.0;432.0;158.0;405.0;391.0;637.0;254.0;367.0;758.0;369.0;435.0;459.0;610.0;566.0;204.0;175.0;311.0;403.0;246.0;464.0;443.0;569.0;473.0;503.0;489.0;240.0;374.0;431.0;311.0;274.0;420.0;133.0;317.0;598.0;542.0;209.0;238.0;268.0;529.0;250.0;330.0;308.0;345.0;460.0;219.0;464.0;521.0;398.0;561.0;380.0;256.0;455.0;434.0;381.0;540.0;608.0;153.0;395.0;322.0;332.0;394.0;511.0;500.0;187.0;402.0;526.0;138.0;236.0;197.0;446.0;534.0;574.0;239.0;269.0;219.0;458.0;405.0;390.0;489.0;441.0;227.0;629.0;199.0;410.0;481.0;219.0;442.0;572.0;558.0;393.0
20;523.0;776.0;730.0;319.0;284.0;840.0;156.0;202.0;169.0;666.0;647.0;688.0;327.0;1142.0;389.0;233.0;297.0;798.0;675.0;338.0;0.0;484.0;758.0;488.0;734.0;771.0;85.0;666.0;603.0;759.0;461.0;233.0;821.0;1056.0;955.0;894.0;1065.0;139.0;674.0;441.0;96.0;555.0;564.0;486.0;631.0;425.0;514.0;475.0;186.0;853.0;645.0;587.0;81.0;278.0;586.0;759.0;506.0;208.0;510.0;758.0;400.0;335.0;656.0;843.0;402.0;478.0;1091.0;333.0;520.0;697.0;899.0;888.0;529.0;378.0;252.0;624.0;579.0;731.0;560.0;877.0;166.0;182.0;732.0;578.0;662.0;696.0;606.0;608.0;634.0;408.0;232.0;916.0;847.0;542.0;385.0;596.0;851.0;556.0;325.0;536.0;143.0;165.0;326.0;170.0;773.0;116.0;742.0;650.0;219.0;732.0;687.0;696.0;834.0;891.0;216.0;179.0;213.0;286.0;650.0;211.0;183.0;523.0;700.0;837.0;468.0;164.0;424.0;711.0;846.0;717.0;114.0;346.0;538.0;586.0;681.0;211.0;729.0;692.0;357.0;943.0;536.0;578.0;750.0;551.0;527.0;910.0;873.0;560.0
21;199.0;412.0;273.0;565.0;241.0;494.0;561.0;508.0;372.0;530.0;554.0;519.0;545.0;658.0;399.0;368.0;459.0;346.0;326.0;164.0;484.0;0.0;278.0;182.0;620.0;498.0;412.0;183.0;298.0;538.0;183.0;352.0;414.0;574.0;471.0;435.0;581.0;401.0;489.0;91.0;533.0;546.0;205.0;54.0;342.0;201.0;152.0;183.0;623.0;381.0;497.0;443.0;497.0;206.0;451.0;281.0;176.0;431.0;38.0;360.0;266.0;448.0;242.0;676.0;379.0;484.0;608.0;406.0;391.0;493.0;447.0;492.0;45.0;165.0;472.0;279.0;188.0;310.0;549.0;405.0;631.0;658.0;345.0;151.0;215.0;279.0;151.0;199.0;299.0;93.0;480.0;436.0;378.0;71.0;367.0;218.0;369.0;251.0;365.0;198.0;508.0;619.0;366.0;623.0;371.0;557.0;445.0;230.0;419.0;297.0;288.0;218.0;378.0;447.0;317.0;558.0;486.0;491.0;249.0;670.0;656.0;133.0;240.0;362.0;36.0;399.0;143.0;294.0;371.0;476.0;374.0;413.0;208.0;557.0;250.0;554.0;347.0;296.0;365.0;467.0;137.0;496.0;326.0;171.0;559.0;437.0;395.0;482.0
22;376.0;304.0;209.0;782.0;492.0;374.0;818.0;783.0;629.0;578.0;721.0;548.0;757.0;398.0;640.0;607.0;674.0;249.0;395.0;423.0;758.0;278.0;0.0;386.0;656.0;451.0;681.0;102.0;327.0;522.0;347.0;594.0;367.0;324.0;220.0;281.0;320.0;661.0;518.0;349.0;797.0;664.0;347.0;296.0;458.0;386.0;339.0;395.0;882.0;108.0;548.0;518.0;762.0;482.0;622.0;11.0;303.0;706.0;262.0;232.0;450.0;705.0;288.0;665.0;551.0;629.0;336.0;661.0;584.0;506.0;309.0;314.0;233.0;430.0;701.0;380.0;233.0;294.0;664.0;224.0;896.0;926.0;360.0;204.0;229.0;291.0;225.0;206.0;398.0;367.0;714.0;216.0;217.0;216.0;548.0;243.0;146.0;320.0;623.0;364.0;763.0;882.0;573.0;885.0;351.0;820.0;511.0;278.0;658.0;266.0;321.0;137.0;252.0;325.0;571.0;809.0;725.0;711.0;308.0;933.0;923.0;259.0;197.0;183.0;290.0;653.0;393.0;297.0;186.0;577.0;651.0;610.0;297.0;661.0;261.0;798.0;367.0;328.0;559.0;254.0;247.0;589.0;295.0;252.0;694.0;162.0;192.0;583.0
23;36.0;587.0;264.0;662.0;339.0;669.0;606.0;437.0;436.0;706.0;372.0;697.0;648.0;704.0;256.0;459.0;566.0;322.0;194.0;271.0;488.0;182.0;386.0;0.0;796.0;680.0;438.0;285.0;480.0;720.0;355.0;442.0;333.0;611.0;521.0;420.0;631.0;455.0;669.0;105.0;562.0;704.0;77.0;129.0;178.0;362.0;47.0;13.0;659.0;494.0;673.0;616.0;529.0;247.0;269.0;393.0;356.0;360.0;161.0;528.0;417.0;326.0;173.0;857.0;522.0;634.0;673.0;284.0;212.0;674.0;419.0;654.0;200.0;115.0;564.0;141.0;368.0;246.0;707.0;415.0;652.0;670.0;244.0;328.0;198.0;212.0;165.0;376.0;155.0;139.0;564.0;467.0;383.0;239.0;507.0;399.0;417.0;432.0;249.0;48.0;559.0;646.0;489.0;651.0;285.0;587.0;291.0;170.0;504.0;252.0;199.0;268.0;360.0;408.0;393.0;612.0;563.0;590.0;164.0;696.0;671.0;315.0;242.0;384.0;212.0;463.0;76.0;225.0;393.0;306.0;375.0;539.0;390.0;719.0;203.0;619.0;242.0;204.0;497.0;486.0;319.0;663.0;265.0;353.0;710.0;545.0;422.0;648.0
24;818.0;385.0;821.0;485.0;531.0;366.0;658.0;902.0;574.0;90.0;1155.0;109.0;460.0;983.0;941.0;506.0;445.0;884.0;940.0;557.0;734.0;620.0;656.0;796.0;0.0;237.0;661.0;659.0;343.0;157.0;441.0;511.0;989.0;942.0;851.0;935.0;918.0;598.0;140.0;692.0;690.0;192.0;825.0;673.0;962.0;439.0;771.0;793.0;708.0;661.0;123.0;181.0;672.0;632.0;1055.0;648.0;445.0;857.0;652.0;444.0;400.0;948.0;841.0;118.0;339.0;259.0;898.0;916.0;987.0;151.0;962.0;473.0;622.0;726.0;495.0;897.0;464.0;890.0;187.0;880.0;755.0;794.0;943.0;511.0;794.0;869.0;740.0;477.0;917.0;663.0;519.0;867.0;871.0;588.0;358.0;439.0;801.0;376.0;881.0;817.0;622.0;732.0;414.0;731.0;956.0;697.0;1062.0;828.0;516.0;868.0;888.0;735.0;898.0;975.0;550.0;630.0;540.0;470.0;854.0;762.0;785.0;494.0;793.0;838.0;587.0;572.0;735.0;882.0;842.0;1096.0;706.0;388.0;418.0;159.0;835.0;591.0;947.0;896.0;385.0;906.0;496.0;158.0;901.0;466.0;235.0;692.0;849.0;177.0
25;693.0;154.0;639.0;606.0;508.0;130.0;741.0;900.0;602.0;193.0;1052.0;151.0;577.0;749.0;875.0;541.0;528.0;694.0;788.0;500.0;771.0;498.0;451.0;680.0;237.0;0.0;688.0;478.0;203.0;81.0;355.0;539.0;807.0;713.0;627.0;731.0;686.0;633.0;137.0;585.0;755.0;348.0;689.0;551.0;826.0;375.0;645.0;681.0;801.0;436.0;183.0;210.0;728.0;586.0;949.0;441.0;333.0;839.0;520.0;222.0;375.0;904.0;681.0;215.0;383.0;370.0;663.0;866.0;888.0;108.0;760.0;236.0;484.0;641.0;577.0;753.0;313.0;717.0;345.0;673.0;839.0;877.0;777.0;357.0;626.0;701.0;584.0;311.0;773.0;568.0;600.0;651.0;668.0;445.0;396.0;282.0;590.0;256.0;826.0;689.0;693.0;818.0;454.0;818.0;781.0;769.0;912.0;668.0;572.0;692.0;726.0;553.0;702.0;776.0;559.0;718.0;619.0;563.0;697.0;858.0;870.0;365.0;615.0;633.0;472.0;611.0;635.0;712.0;636.0;959.0;708.0;454.0;295.0;325.0;667.0;686.0;782.0;733.0;424.0;690.0;361.0;267.0;724.0;327.0;394.0;461.0;638.0;276.0
26;474.0;692.0;667.0;284.0;201.0;756.0;169.0;248.0;88.0;590.0;645.0;609.0;285.0;1070.0;386.0;156.0;238.0;737.0;630.0;259.0;85.0;412.0;681.0;438.0;661.0;688.0;0.0;593.0;519.0;678.0;377.0;152.0;770.0;985.0;883.0;832.0;992.0;65.0;594.0;378.0;125.0;488.0;513.0;419.0;594.0;341.0;459.0;426.0;221.0;774.0;567.0;508.0;91.0;209.0;573.0;682.0;423.0;226.0;440.0;674.0;316.0;348.0;600.0;767.0;325.0;409.0;1016.0;336.0;503.0;616.0;839.0;804.0;456.0;324.0;200.0;578.0;496.0;676.0;493.0;811.0;220.0;246.0;682.0;497.0;601.0;641.0;541.0;525.0;590.0;342.0;185.0;847.0;782.0;466.0;307.0;512.0;781.0;472.0;318.0;486.0;129.0;211.0;249.0;215.0;722.0;149.0;709.0;592.0;153.0;674.0;635.0;627.0;772.0;832.0;131.0;179.0;171.0;235.0;596.0;262.0;244.0;441.0;636.0;770.0;393.0;91.0;369.0;656.0;779.0;692.0;77.0;275.0;454.0;518.0;623.0;198.0;680.0;640.0;279.0;875.0;454.0;504.0;694.0;468.0;464.0;831.0;804.0;485.0
27;278.0;348.0;162.0;718.0;411.0;427.0;737.0;683.0;547.0;574.0;631.0;550.0;695.0;477.0;539.0;533.0;610.0;226.0;320.0;338.0;666.0;183.0;102.0;285.0;659.0;478.0;593.0;0.0;317.0;540.0;290.0;518.0;331.0;395.0;291.0;291.0;400.0;578.0;520.0;248.0;712.0;637.0;253.0;195.0;374.0;325.0;238.0;294.0;800.0;210.0;542.0;502.0;677.0;389.0;530.0;108.0;253.0;605.0;161.0;279.0;392.0;602.0;211.0;685.0;501.0;591.0;425.0;559.0;487.0;513.0;312.0;387.0;138.0;328.0;632.0;296.0;201.0;239.0;638.0;246.0;810.0;838.0;300.0;157.0;152.0;225.0;130.0;183.0;316.0;268.0;643.0;264.0;227.0;130.0;495.0;222.0;193.0;294.0;520.0;267.0;683.0;798.0;511.0;801.0;303.0;735.0;442.0;199.0;584.0;213.0;252.0;76.0;244.0;320.0;490.0;731.0;652.0;645.0;229.0;849.0;836.0;201.0;137.0;201.0;200.0;573.0;291.0;235.0;208.0;500.0;557.0;553.0;260.0;639.0;191.0;723.0;306.0;259.0;501.0;298.0;192.0;569.0;246.0;209.0;661.0;264.0;227.0;560.0
28;496.0;175.0;478.0;509.0;324.0;238.0;604.0;711.0;439.0;257.0;851.0;235.0;481.0;697.0;672.0;388.0;411.0;542.0;603.0;303.0;603.0;298.0;327.0;480.0;343.0;203.0;519.0;317.0;0.0;241.0;156.0;381.0;646.0;639.0;539.0;599.0;624.0;472.0;204.0;383.0;605.0;339.0;496.0;352.0;634.0;183.0;448.0;480.0;667.0;361.0;226.0;190.0;574.0;389.0;748.0;320.0;130.0;646.0;324.0;176.0;206.0;703.0;501.0;382.0;265.0;314.0;620.0;664.0;686.0;201.0;624.0;291.0;290.0;438.0;452.0;564.0;123.0;548.0;339.0;547.0;697.0;733.0;602.0;170.0;452.0;527.0;401.0;134.0;584.0;364.0;472.0;543.0;534.0;252.0;270.0;96.0;473.0;53.0;624.0;493.0;551.0;678.0;316.0;680.0;614.0;623.0;727.0;488.0;429.0;526.0;548.0;393.0;559.0;635.0;387.0;585.0;488.0;449.0;515.0;724.0;728.0;165.0;450.0;503.0;270.0;454.0;432.0;540.0;508.0;768.0;526.0;337.0;92.0;334.0;493.0;561.0;606.0;555.0;291.0;582.0;162.0;262.0;558.0;129.0;373.0;407.0;518.0;257.0
29;736.0;233.0;703.0;563.0;512.0;209.0;713.0;902.0;590.0;127.0;1090.0;87.0;536.0;829.0;899.0;526.0;496.0;760.0;841.0;516.0;759.0;538.0;522.0;720.0;157.0;81.0;678.0;540.0;241.0;0.0;378.0;526.0;871.0;792.0;705.0;803.0;766.0;620.0;88.0;621.0;733.0;288.0;736.0;592.0;874.0;390.0;688.0;720.0;770.0;514.0;128.0;174.0;709.0;600.0;987.0;512.0;365.0;846.0;564.0;298.0;375.0;920.0;737.0;145.0;359.0;324.0;744.0;884.0;924.0;62.0;831.0;316.0;530.0;670.0;547.0;803.0;361.0;778.0;285.0;745.0;811.0;850.0;836.0;407.0;685.0;760.0;638.0;365.0;824.0;599.0;570.0;726.0;739.0;492.0;375.0;331.0;663.0;288.0;846.0;733.0;668.0;790.0;434.0;789.0;843.0;745.0;965.0;724.0;550.0;754.0;783.0;616.0;771.0;845.0;553.0;688.0;591.0;529.0;752.0;827.0;843.0;405.0;677.0;705.0;509.0;596.0;668.0;772.0;708.0;1009.0;707.0;426.0;330.0;262.0;726.0;653.0;840.0;790.0;403.0;765.0;403.0;214.0;786.0;370.0;336.0;541.0;712.0;227.0
30;377.0;320.0;430.0;434.0;177.0;391.0;486.0;556.0;305.0;351.0;717.0;344.0;410.0;744.0;522.0;269.0;327.0;502.0;509.0;147.0;461.0;183.0;347.0;355.0;441.0;355.0;377.0;290.0;156.0;378.0;0.0;258.0;586.0;671.0;566.0;578.0;667.0;339.0;317.0;251.0;477.0;365.0;388.0;235.0;524.0;40.0;332.0;352.0;551.0;420.0;318.0;262.0;444.0;233.0;616.0;344.0;48.0;490.0;219.0;297.0;103.0;549.0;421.0;508.0;212.0;308.0;677.0;511.0;549.0;325.0;597.0;428.0;197.0;292.0;356.0;463.0;124.0;482.0;367.0;536.0;573.0;607.0;524.0;143.0;384.0;454.0;323.0;156.0;482.0;224.0;371.0;551.0;515.0;173.0;205.0;136.0;479.0;103.0;471.0;378.0;431.0;557.0;226.0;559.0;546.0;497.0;628.0;408.0;317.0;465.0;468.0;355.0;527.0;602.0;249.0;474.0;383.0;364.0;430.0;605.0;603.0;90.0;397.0;491.0;148.0;326.0;295.0;469.0;498.0;657.0;375.0;264.0;77.0;375.0;423.0;457.0;527.0;475.0;213.0;587.0;101.0;312.0;496.0;99.0;382.0;475.0;516.0;299.0
31;476.0;556.0;624.0;221.0;112.0;615.0;229.0;391.0;64.0;438.0;723.0;457.0;206.0;991.0;474.0;17.0;127.0;698.0;633.0;189.0;233.0;352.0;594.0;442.0;511.0;539.0;152.0;518.0;381.0;526.0;258.0;0.0;753.0;912.0;808.0;787.0;913.0;94.0;442.0;354.0;224.0;346.0;507.0;379.0;616.0;218.0;447.0;432.0;293.0;675.0;415.0;356.0;193.0;197.0;638.0;592.0;306.0;352.0;388.0;547.0;176.0;459.0;579.0;615.0;173.0;265.0;929.0;436.0;565.0;464.0;799.0;672.0;390.0;331.0;123.0;581.0;382.0;652.0;350.0;756.0;318.0;353.0;673.0;395.0;564.0;618.0;500.0;413.0;596.0;314.0;128.0;782.0;730.0;388.0;155.0;393.0;712.0;339.0;407.0;485.0;174.0;300.0;98.0;302.0;707.0;242.0;732.0;568.0;67.0;644.0;620.0;568.0;730.0;798.0;53.0;217.0;134.0;148.0;580.0;348.0;348.0;337.0;592.0;712.0;324.0;73.0;366.0;634.0;720.0;732.0;196.0;132.0;330.0;374.0;594.0;204.0;673.0;626.0;127.0;814.0;350.0;353.0;669.0;356.0;328.0;731.0;743.0;335.0
32;298.0;668.0;168.0;972.0;643.0;741.0;936.0;752.0;758.0;902.0;467.0;880.0;954.0;468.0;528.0;770.0;868.0;120.0;160.0;566.0;821.0;414.0;367.0;333.0;989.0;807.0;770.0;331.0;646.0;871.0;586.0;753.0;0.0;378.0;333.0;158.0;416.0;781.0;849.0;400.0;894.0;950.0;257.0;376.0;232.0;611.0;312.0;346.0;991.0;437.0;870.0;826.0;861.0;570.0;398.0;378.0;561.0;679.0;376.0;596.0;678.0;612.0;175.0;1016.0;791.0;893.0;476.0;576.0;404.0;844.0;134.0;679.0;389.0;446.0;876.0;202.0;525.0;104.0;951.0;202.0;985.0;1004.0;92.0;479.0;202.0;135.0;264.0;512.0;199.0;440.0;880.0;265.0;181.0;414.0;780.0;550.0;271.0;617.0;552.0;285.0;888.0;979.0;779.0;984.0;48.0;919.0;197.0;185.0;819.0;121.0;136.0;255.0;132.0;110.0;709.0;940.0;882.0;898.0;175.0;1029.0;1004.0;507.0;196.0;212.0;448.0;786.0;401.0;120.0;215.0;279.0;708.0;827.0;578.0;956.0;164.0;944.0;96.0;130.0;778.0;256.0;502.0;889.0;90.0;528.0;967.0;461.0;236.0;878.0
33;585.0;559.0;347.0;1105.0;806.0;601.0;1132.0;1045.0;942.0;873.0;842.0;838.0;1081.0;94.0;855.0;927.0;997.0;303.0;510.0;732.0;1056.0;574.0;324.0;611.0;942.0;713.0;985.0;395.0;639.0;792.0;671.0;912.0;378.0;0.0;105.0;222.0;46.0;973.0;810.0;620.0;1106.0;978.0;543.0;571.0;589.0;709.0;569.0;623.0;1195.0;282.0;847.0;826.0;1071.0;778.0;764.0;328.0;627.0;967.0;545.0;499.0;774.0;933.0;447.0;924.0;875.0;949.0;110.0;892.0;755.0;792.0;244.0;501.0;530.0;694.0;1023.0;530.0;557.0;392.0;978.0;199.0;1204.0;1231.0;442.0;528.0;413.0;418.0;457.0;528.0;538.0;649.0;1035.0;144.0;231.0;525.0;873.0;563.0;204.0;640.0;860.0;570.0;1077.0;1192.0;896.0;1196.0;403.0;1130.0;575.0;446.0;977.0;374.0;446.0;361.0;268.0;269.0;884.0;1126.0;1045.0;1034.0;463.0;1243.0;1229.0;582.0;370.0;227.0;594.0;968.0;650.0;411.0;218.0;657.0;944.0;935.0;621.0;972.0;413.0;1117.0;450.0;447.0;883.0;130.0;571.0;899.0;378.0;576.0;1011.0;252.0;189.0;895.0
34;499.0;473.0;263.0;1001.0;702.0;523.0;1028.0;952.0;838.0;779.0;782.0;745.0;976.0;188.0;771.0;822.0;893.0;235.0;443.0;629.0;955.0;471.0;220.0;521.0;851.0;627.0;883.0;291.0;539.0;705.0;566.0;808.0;333.0;105.0;0.0;180.0;112.0;869.0;717.0;521.0;1003.0;878.0;458.0;472.0;521.0;605.0;477.0;533.0;1091.0;192.0;752.0;728.0;967.0;676.0;697.0;225.0;523.0;873.0;444.0;408.0;669.0;847.0;366.0;841.0;771.0;847.0;154.0;805.0;680.0;700.0;210.0;430.0;427.0;598.0;918.0;455.0;453.0;322.0;878.0;133.0;1101.0;1129.0;381.0;423.0;325.0;343.0;362.0;425.0;466.0;549.0;931.0;69.0;160.0;421.0;768.0;461.0;105.0;538.0;771.0;484.0;973.0;1089.0;792.0;1092.0;347.0;1026.0;525.0;363.0;873.0;299.0;373.0;262.0;206.0;236.0;780.0;1021.0;940.0;929.0;384.0;1140.0;1126.0;477.0;280.0;143.0;491.0;864.0;554.0;338.0;135.0;605.0;843.0;830.0;517.0;873.0;331.0;1012.0;389.0;375.0;778.0;87.0;466.0;800.0;311.0;472.0;911.0;176.0;106.0;796.0
35;389.0;582.0;165.0;997.0;676.0;646.0;991.0;856.0;804.0;854.0;621.0;826.0;976.0;313.0;649.0;803.0;890.0;98.0;292.0;598.0;894.0;435.0;281.0;420.0;935.0;731.0;832.0;291.0;599.0;803.0;578.0;787.0;158.0;222.0;180.0;0.0;258.0;832.0;796.0;454.0;957.0;927.0;345.0;415.0;371.0;611.0;384.0;433.0;1050.0;318.0;824.0;788.0;922.0;624.0;544.0;290.0;543.0;779.0;399.0;510.0;679.0;731.0;247.0;945.0;790.0;882.0;318.0;691.0;539.0;785.0;33.0;568.0;398.0;519.0;906.0;318.0;489.0;180.0;928.0;61.0;1052.0;1075.0;222.0;447.0;232.0;211.0;291.0;468.0;323.0;490.0;914.0;113.0;65.0;409.0;783.0;507.0;146.0;582.0;662.0;374.0;939.0;1043.0;793.0;1047.0;182.0;981.0;354.0;250.0;854.0;168.0;234.0;224.0;60.0;57.0;750.0;990.0;920.0;923.0;259.0;1094.0;1074.0;490.0;197.0;98.0;464.0;832.0;472.0;201.0;95.0;436.0;780.0;838.0;550.0;928.0;217.0;987.0;230.0;233.0;786.0;98.0;482.0;857.0;164.0;500.0;952.0;329.0;99.0;849.0
36;608.0;534.0;371.0;1101.0;809.0;570.0;1135.0;1063.0;945.0;852.0;877.0;815.0;1076.0;78.0;880.0;927.0;993.0;333.0;542.0;737.0;1065.0;581.0;320.0;631.0;918.0;686.0;992.0;400.0;624.0;766.0;667.0;913.0;416.0;46.0;112.0;258.0;0.0;977.0;788.0;633.0;1112.0;962.0;566.0;583.0;621.0;706.0;588.0;644.0;1198.0;263.0;826.0;809.0;1076.0;787.0;797.0;323.0;622.0;984.0;555.0;476.0;769.0;956.0;473.0;895.0;867.0;936.0;64.0;915.0;784.0;769.0;283.0;468.0;537.0;709.0;1021.0;558.0;549.0;423.0;962.0;228.0;1210.0;1238.0;476.0;523.0;434.0;446.0;474.0;520.0;568.0;660.0;1034.0;167.0;259.0;528.0;866.0;553.0;217.0;629.0;881.0;593.0;1080.0;1197.0;892.0;1201.0;438.0;1135.0;613.0;471.0;977.0;402.0;475.0;374.0;300.0;309.0;888.0;1128.0;1045.0;1030.0;489.0;1248.0;1236.0;579.0;390.0;249.0;600.0;971.0;666.0;440.0;241.0;694.0;954.0;929.0;612.0;954.0;438.0;1117.0;484.0;476.0;877.0;162.0;567.0;882.0;409.0;570.0;997.0;226.0;211.0;879.0
37;491.0;646.0;667.0;231.0;170.0;707.0;160.0;313.0;34.0;528.0;692.0;549.0;228.0;1055.0;435.0;94.0;174.0;739.0;649.0;240.0;139.0;401.0;661.0;455.0;598.0;633.0;65.0;578.0;472.0;620.0;339.0;94.0;781.0;973.0;869.0;832.0;977.0;0.0;534.0;383.0;138.0;423.0;527.0;417.0;620.0;301.0;470.0;443.0;222.0;749.0;506.0;448.0;104.0;211.0;615.0;661.0;387.0;286.0;434.0;634.0;267.0;404.0;608.0;705.0;264.0;345.0;997.0;388.0;544.0;558.0;841.0;761.0;444.0;340.0;140.0;596.0;462.0;684.0;428.0;806.0;236.0;268.0;696.0;468.0;602.0;649.0;541.0;492.0;609.0;344.0;128.0;838.0;778.0;448.0;246.0;475.0;769.0;428.0;366.0;502.0;107.0;221.0;187.0;224.0;734.0;160.0;736.0;599.0;89.0;679.0;646.0;619.0;773.0;836.0;91.0;159.0;119.0;175.0;606.0;272.0;264.0;411.0;635.0;764.0;378.0;26.0;382.0;664.0;772.0;725.0;130.0;211.0;415.0;454.0;628.0;164.0;695.0;651.0;218.0;868.0;424.0;441.0;702.0;435.0;399.0;805.0;796.0;422.0
38;688.0;261.0;682.0;477.0;435.0;263.0;625.0;822.0;506.0;64.0;1034.0;31.0;449.0;856.0;832.0;440.0;408.0;744.0;805.0;446.0;674.0;489.0;518.0;669.0;140.0;137.0;594.0;520.0;204.0;88.0;317.0;442.0;849.0;810.0;717.0;796.0;788.0;534.0;0.0;566.0;646.0;211.0;693.0;543.0;831.0;322.0;641.0;667.0;682.0;528.0;47.0;87.0;622.0;528.0;932.0;509.0;313.0;768.0;519.0;312.0;298.0;848.0;704.0;191.0;272.0;238.0;773.0;814.0;866.0;29.0;822.0;364.0;488.0;608.0;459.0;763.0;326.0;752.0;208.0;741.0;724.0;762.0;806.0;373.0;656.0;731.0;604.0;337.0;784.0;541.0;483.0;730.0;731.0;452.0;289.0;300.0;663.0;241.0;776.0;687.0;581.0;702.0;348.0;702.0;818.0;658.0;928.0;691.0;463.0;729.0;751.0;595.0;759.0;835.0;471.0;600.0;503.0;441.0;717.0;739.0;755.0;360.0;654.0;699.0;457.0;510.0;612.0;744.0;703.0;965.0;626.0;339.0;283.0;189.0;697.0;566.0;810.0;759.0;317.0;769.0;360.0;131.0;762.0;329.0;258.0;563.0;710.0;142.0
39;132.0;504.0;289.0;575.0;246.0;585.0;540.0;435.0;358.0;602.0;469.0;595.0;558.0;709.0;308.0;371.0;474.0;359.0;282.0;172.0;441.0;91.0;349.0;105.0;692.0;585.0;378.0;248.0;383.0;621.0;251.0;354.0;400.0;620.0;521.0;454.0;633.0;383.0;566.0;0.0;503.0;600.0;155.0;54.0;280.0;257.0;94.0;101.0;598.0;456.0;569.0;512.0;468.0;172.0;366.0;354.0;256.0;357.0;90.0;451.0;313.0;361.0;226.0;756.0;420.0;531.0;666.0;318.0;303.0;573.0;460.0;583.0;125.0;81.0;477.0;231.0;278.0;301.0;603.0;436.0;598.0;621.0;319.0;243.0;222.0;267.0;165.0;291.0;248.0;40.0;481.0;477.0;406.0;160.0;406.0;308.0;417.0;333.0;278.0;136.0;490.0;589.0;391.0;594.0;354.0;528.0;391.0;217.0;419.0;297.0;266.0;259.0;394.0;455.0;309.0;542.0;482.0;501.0;226.0;640.0;620.0;220.0;259.0;398.0;113.0;386.0;52.0;282.0;406.0;410.0;327.0;441.0;291.0;614.0;246.0;544.0;319.0;272.0;397.0;503.0;226.0;558.0;319.0;259.0;607.0;511.0;433.0;543.0
40;598.0;780.0;791.0;240.0;308.0;837.0;61.0;293.0;172.0;630.0;742.0;656.0;253.0;1189.0;483.0;217.0;245.0;862.0;753.0;375.0;96.0;533.0;797.0;562.0;690.0;755.0;125.0;712.0;605.0;733.0;477.0;224.0;894.0;1106.0;1003.0;957.0;1112.0;138.0;646.0;503.0;0.0;503.0;637.0;543.0;714.0;438.0;584.0;549.0;97.0;887.0;613.0;559.0;35.0;333.0;679.0;798.0;524.0;303.0;563.0;770.0;399.0;431.0;725.0;803.0;375.0;431.0;1133.0;428.0;612.0;671.0;963.0;896.0;576.0;448.0;195.0;702.0;600.0;801.0;508.0;934.0;98.0;130.0;806.0;606.0;725.0;766.0;666.0;630.0;712.0;467.0;171.0;969.0;906.0;584.0;359.0;613.0;902.0;563.0;418.0;610.0;69.0;86.0;301.0;91.0;847.0;25.0;827.0;717.0;184.0;799.0;759.0;749.0;897.0;957.0;229.0;87.0;150.0;224.0;721.0;138.0;126.0;549.0;760.0;893.0;512.0;152.0;493.0;780.0;902.0;806.0;191.0;308.0;552.0;536.0;748.0;124.0;804.0;764.0;332.0;998.0;563.0;539.0;819.0;573.0;470.0;943.0;927.0;521.0
