Vehicle:
Average speed:;1327
Time limit:;1480.8
Fuel comsumption rate:;1
Fuel Capacity:;663.5
Depot:
ID;X;Y;Service Time
0;500;500;0
Customers:
ID;X;Y;Service Time
1;816;981;5.82018
2;349;338;5.82018
3;22;205;5.82018
4;385;344;5.82018
5;913;54;5.82018
6;524;123;5.82018
7;239;335;5.82018
8;150;84;5.82018
9;84;860;5.82018
10;645;647;5.82018
11;507;516;5.82018
12;153;940;5.82018
13;429;602;5.82018
14;596;759;5.82018
15;776;399;5.82018
16;942;767;5.82018
17;871;2;5.82018
18;714;950;5.82018
19;72;400;5.82018
20;765;315;5.82018
21;666;798;5.82018
22;287;851;5.82018
23;3;201;5.82018
24;78;724;5.82018
25;896;240;5.82018
26;59;735;5.82018
27;253;251;5.82018
28;37;22;5.82018
29;973;599;5.82018
30;726;13;5.82018
32;2;631;5.82018
33;133;656;5.82018
34;435;741;5.82018
35;834;714;5.82018
36;37;861;5.82018
37;946;211;5.82018
38;290;110;5.82018
39;423;350;5.82018
40;406;414;5.82018
41;804;581;5.82018
42;846;956;5.82018
43;849;683;5.82018
44;79;883;5.82018
45;433;93;5.82018
46;610;253;5.82018
47;686;486;5.82018
48;229;248;5.82018
49;382;597;5.82018
50;544;618;5.82018
51;585;303;5.82018
52;732;387;5.82018
53;533;952;5.82018
54;563;807;5.82018
55;780;940;5.82018
56;665;561;5.82018
57;591;536;5.82018
58;35;216;5.82018
59;577;969;5.82018
60;811;927;5.82018
61;592;744;5.82018
62;280;384;5.82018
63;866;228;5.82018
64;153;27;5.82018
65;401;481;5.82018
66;72;488;5.82018
67;610;324;5.82018
68;381;300;5.82018
69;209;675;5.82018
70;139;848;5.82018
71;354;124;5.82018
72;386;572;5.82018
73;36;764;5.82018
74;660;422;5.82018
75;719;264;5.82018
76;761;560;5.82018
77;231;203;5.82018
78;769;312;5.82018
79;905;645;5.82018
80;304;372;5.82018
81;970;966;5.82018
82;51;257;5.82018
83;189;934;5.82018
84;516;6;5.82018
85;756;36;5.82018
86;47;139;5.82018
87;428;61;5.82018
88;100;853;5.82018
89;923;919;5.82018
90;751;480;5.82018
91;555;726;5.82018
92;463;190;5.82018
93;130;131;5.82018
94;105;943;5.82018
95;83;892;5.82018
96;215;690;5.82018
97;869;706;5.82018
98;512;831;5.82018
99;603;287;5.82018
100;668;913;5.82018
101;954;694;5.82018
102;321;587;5.82018
103;282;907;5.82018
104;339;810;5.82018
105;30;659;5.82018
106;339;296;5.82018
107;367;511;5.82018
108;448;223;5.82018
109;72;181;5.82018
110;323;183;5.82018
111;684;125;5.82018
112;415;387;5.82018
113;882;359;5.82018
114;485;115;5.82018
115;133;541;5.82018
116;368;424;5.82018
117;585;302;5.82018
118;991;97;5.82018
119;198;817;5.82018
120;634;849;5.82018
121;142;639;5.82018
122;455;777;5.82018
123;436;774;5.82018
124;245;581;5.82018
125;112;691;5.82018
126;665;246;5.82018
127;37;450;5.82018
128;436;843;5.82018
129;899;115;5.82018
130;983;90;5.82018
131;461;866;5.82018
132;429;752;5.82018
133;696;466;5.82018
134;629;807;5.82018
135;506;293;5.82018
136;11;521;5.82018
137;50;515;5.82018
138;109;570;5.82018
139;677;876;5.82018
140;171;930;5.82018
141;919;111;5.82018
142;425;775;5.82018
143;470;783;5.82018
144;129;852;5.82018
145;504;181;5.82018
146;439;799;5.82018
147;919;181;5.82018
148;469;826;5.82018
149;390;729;5.82018
150;83;649;5.82018
151;469;662;5.82018
152;161;759;5.82018
153;656;281;5.82018
154;90;681;5.82018
155;563;555;5.82018
156;399;828;5.82018
157;155;612;5.82018
158;213;837;5.82018
159;280;680;5.82018
160;473;689;5.82018
161;153;586;5.82018
162;273;698;5.82018
163;191;650;5.82018
164;645;830;5.82018
165;484;821;5.82018
166;384;375;5.82018
167;65;890;5.82018
168;137;561;5.82018
169;432;780;5.82018
170;561;523;5.82018
171;390;934;5.82018
172;481;236;5.82018
173;725;818;5.82018
174;272;710;5.82018
175;998;76;5.82018
176;544;282;5.82018
177;866;252;5.82018
178;358;678;5.82018
179;439;687;5.82018
180;470;303;5.82018
181;636;804;5.82018
182;461;690;5.82018
183;912;114;5.82018
184;406;829;5.82018
185;372;683;5.82018
186;446;812;5.82018
187;378;754;5.82018
188;412;780;5.82018
189;637;870;5.82018
190;953;185;5.82018
191;541;254;5.82018
192;498;856;5.82018
193;535;304;5.82018
194;652;948;5.82018
195;318;654;5.82018
196;117;832;5.82018
197;648;144;5.82018
198;410;863;5.82018
199;371;627;5.82018
200;634;872;5.82018
201;308;649;5.82018
202;235;979;5.82018
203;271;865;5.82018
204;115;761;5.82018
205;553;750;5.82018
206;723;813;5.82018
207;405;889;5.82018
208;570;761;5.82018
209;114;660;5.82018
210;159;883;5.82018
211;460;699;5.82018
212;185;559;5.82018
213;472;799;5.82018
214;320;641;5.82018
215;508;754;5.82018
216;294;874;5.82018
217;265;793;5.82018
218;999;125;5.82018
219;999;75;5.82018
220;662;727;5.82018
221;464;770;5.82018
223;603;260;5.82018
224;530;286;5.82018
225;383;845;5.82018
227;96;554;5.82018
228;605;284;5.82018
229;134;625;5.82018
230;568;454;5.82018
231;220;931;5.82018
AFSs:
ID;X;Y;Service Time
31;82;262;331.75
222;724;174;331.75
226;814;812;331.75
232;162;792;331.75
Distance matrix:
;0;1;2;3;4;5;6;7;8;9;10;11;12;13;14;15;16;17;18;19;20;21;22;23;24;25;26;27;28;29;30;31;32;33;34;35;36;37;38;39;40;41;42;43;44;45;46;47;48;49;50;51;52;53;54;55;56;57;58;59;60;61;62;63;64;65;66;67;68;69;70;71;72;73;74;75;76;77;78;79;80;81;82;83;84;85;86;87;88;89;90;91;92;93;94;95;96;97;98;99;100;101;102;103;104;105;106;107;108;109;110;111;112;113;114;115;116;117;118;119;120;121;122;123;124;125;126;127;128;129;130;131;132;133;134;135;136;137;138;139;140;141;142;143;144;145;146;147;148;149;150;151;152;153;154;155;156;157;158;159;160;161;162;163;164;165;166;167;168;169;170;171;172;173;174;175;176;177;178;179;180;181;182;183;184;185;186;187;188;189;190;191;192;193;194;195;196;197;198;199;200;201;202;203;204;205;206;207;208;209;210;211;212;213;214;215;216;217;218;219;220;221;222;223;224;225;226;227;228;229;230;231;232
0;0.0;576.0;221.0;562.0;194.0;608.0;378.0;309.0;544.0;550.0;206.0;17.0;560.0;124.0;276.0;294.0;516.0;621.0;498.0;440.0;323.0;341.0;411.0;580.0;478.0;474.0;500.0;351.0;665.0;483.0;537.0;481.0;515.0;399.0;250.0;397.0;587.0;531.0;443.0;169.0;127.0;315.0;572.0;394.0;569.0;412.0;270.0;187.0;370.0;153.0;126.0;215.0;258.0;453.0;313.0;522.0;176.0;98.0;545.0;475.0;528.0;261.0;249.0;456.0;587.0;101.0;428.0;208.0;233.0;340.0;501.0;403.0;135.0;534.0;178.0;322.0;268.0;401.0;328.0;430.0;234.0;662.0;511.0;534.0;494.0;530.0;579.0;445.0;533.0;595.0;252.0;233.0;312.0;523.0;594.0;572.0;343.0;423.0;331.0;237.0;446.0;494.0;199.0;462.0;349.0;496.0;260.0;133.0;282.0;534.0;363.0;418.0;141.0;407.0;385.0;369.0;152.0;215.0;635.0;438.0;374.0;384.0;281.0;281.0;268.0;432.0;303.0;466.0;349.0;554.0;634.0;368.0;262.0;199.0;333.0;207.0;489.0;450.0;397.0;416.0;541.0;572.0;285.0;285.0;511.0;319.0;305.0;527.0;327.0;254.0;443.0;165.0;427.0;269.0;448.0;84.0;343.0;363.0;443.0;284.0;191.0;357.0;301.0;343.0;360.0;321.0;171.0;584.0;368.0;288.0;65.0;448.0;265.0;390.0;310.0;654.0;222.0;442.0;228.0;197.0;199.0;333.0;194.0;565.0;342.0;223.0;317.0;282.0;294.0;395.0;552.0;249.0;356.0;199.0;473.0;238.0;507.0;386.0;374.0;181.0;395.0;243.0;547.0;431.0;465.0;256.0;384.0;400.0;270.0;418.0;513.0;203.0;320.0;300.0;229.0;254.0;427.0;376.0;624.0;655.0;279.0;272.0;396.0;261.0;216.0;364.0;443.0;408.0;240.0;387.0;82.0;514.0;447.0
1;576.0;0.0;795.0;1110.0;769.0;932.0;906.0;866.0;1117.0;742.0;375.0;558.0;664.0;542.0;313.0;583.0;248.0;981.0;107.0;944.0;668.0;237.0;545.0;1127.0;781.0;745.0;796.0;922.0;1236.0;413.0;972.0;1027.0;886.0;756.0;450.0;268.0;788.0;781.0;1018.0;743.0;700.0;400.0;39.0;300.0;743.0;967.0;757.0;512.0;939.0;579.0;454.0;716.0;600.0;284.0;307.0;55.0;446.0;499.0;1093.0;239.0;54.0;326.0;802.0;755.0;1162.0;650.0;893.0;689.0;808.0;680.0;690.0;974.0;593.0;810.0;580.0;724.0;425.0;973.0;671.0;348.0;796.0;155.0;1053.0;629.0;1020.0;947.0;1140.0;998.0;727.0;124.0;505.0;365.0;866.0;1092.0;712.0;738.0;668.0;280.0;339.0;726.0;163.0;318.0;633.0;539.0;507.0;849.0;835.0;650.0;843.0;1092.0;938.0;866.0;717.0;625.0;927.0;812.0;715.0;717.0;901.0;639.0;225.0;756.0;415.0;433.0;697.0;761.0;750.0;943.0;404.0;870.0;907.0;373.0;450.0;529.0;255.0;755.0;927.0;897.0;818.0;174.0;647.0;876.0;442.0;399.0;699.0;859.0;419.0;807.0;380.0;495.0;805.0;471.0;692.0;718.0;786.0;495.0;444.0;757.0;620.0;615.0;450.0;772.0;612.0;707.0;228.0;369.0;744.0;756.0;798.0;433.0;524.0;429.0;817.0;187.0;608.0;923.0;750.0;731.0;549.0;478.0;761.0;252.0;459.0;872.0;437.0;535.0;407.0;493.0;451.0;211.0;808.0;777.0;342.0;733.0;167.0;596.0;715.0;854.0;423.0;569.0;212.0;607.0;581.0;557.0;735.0;350.0;192.0;421.0;330.0;772.0;664.0;454.0;759.0;389.0;601.0;383.0;533.0;582.0;875.0;924.0;297.0;410.0;812.0;752.0;752.0;454.0;169.0;837.0;728.0;769.0;582.0;598.0;681.0
2;221.0;795.0;0.0;353.0;36.0;631.0;277.0;110.0;323.0;585.0;428.0;238.0;633.0;276.0;488.0;431.0;732.0;621.0;713.0;284.0;417.0;559.0;517.0;372.0;472.0;556.0;492.0;130.0;444.0;676.0;498.0;278.0;454.0;384.0;412.0;614.0;609.0;610.0;236.0;75.0;95.0;516.0;793.0;607.0;608.0;259.0;274.0;368.0;150.0;261.0;341.0;239.0;386.0;641.0;516.0;740.0;387.0;313.0;337.0;671.0;749.0;473.0;83.0;529.0;368.0;152.0;315.0;261.0;50.0;365.0;552.0;214.0;237.0;529.0;322.0;377.0;468.0;179.0;421.0;635.0;56.0;883.0;309.0;617.0;372.0;507.0;362.0;288.0;572.0;817.0;426.0;439.0;187.0;301.0;652.0;615.0;377.0;637.0;519.0;259.0;658.0;702.0;251.0;573.0;472.0;453.0;43.0;174.0;152.0;318.0;157.0;397.0;82.0;533.0;261.0;296.0;88.0;239.0;686.0;502.0;585.0;365.0;452.0;445.0;264.0;425.0;329.0;331.0;512.0;593.0;681.0;540.0;422.0;370.0;546.0;163.0;384.0;347.0;334.0;630.0;618.0;614.0;444.0;461.0;559.0;221.0;470.0;591.0;503.0;393.0;409.0;346.0;461.0;312.0;430.0;305.0;493.0;336.0;517.0;349.0;372.0;316.0;368.0;350.0;574.0;502.0;51.0;621.0;308.0;450.0;281.0;597.0;167.0;610.0;380.0;700.0;203.0;524.0;340.0;360.0;126.0;547.0;369.0;606.0;494.0;346.0;484.0;417.0;446.0;605.0;623.0;210.0;539.0;189.0;681.0;318.0;546.0;356.0;529.0;290.0;605.0;314.0;651.0;533.0;483.0;460.0;605.0;554.0;477.0;399.0;577.0;378.0;275.0;477.0;304.0;445.0;539.0;463.0;684.0;701.0;499.0;447.0;409.0;266.0;188.0;508.0;664.0;333.0;262.0;359.0;248.0;607.0;491.0
3;562.0;1110.0;353.0;0.0;389.0;904.0;509.0;253.0;176.0;658.0;764.0;576.0;747.0;569.0;798.0;779.0;1078.0;873.0;1017.0;201.0;751.0;875.0;698.0;19.0;522.0;875.0;531.0;236.0;184.0;1029.0;730.0;83.0;426.0;464.0;677.0;958.0;656.0;924.0;284.0;426.0;437.0;868.0;1115.0;955.0;680.0;426.0;590.0;721.0;211.0;532.0;666.0;571.0;733.0;905.0;809.0;1056.0;735.0;658.0;17.0;944.0;1069.0;784.0;314.0;844.0;221.0;469.0;287.0;600.0;371.0;506.0;654.0;342.0;517.0;559.0;674.0;699.0;820.0;209.0;755.0;987.0;328.0;1216.0;60.0;748.0;533.0;753.0;71.0;431.0;653.0;1150.0;779.0;745.0;441.0;131.0;743.0;690.0;522.0;984.0;795.0;587.0;958.0;1052.0;485.0;749.0;683.0;454.0;330.0;461.0;426.0;55.0;302.0;667.0;433.0;874.0;472.0;354.0;409.0;571.0;975.0;637.0;888.0;450.0;717.0;704.0;437.0;494.0;644.0;245.0;761.0;882.0;968.0;793.0;682.0;723.0;855.0;492.0;316.0;311.0;375.0;938.0;740.0;902.0;698.0;731.0;656.0;483.0;726.0;897.0;765.0;640.0;448.0;639.0;571.0;639.0;481.0;644.0;728.0;428.0;660.0;541.0;662.0;403.0;553.0;476.0;882.0;770.0;400.0;686.0;374.0;706.0;626.0;817.0;460.0;933.0;563.0;984.0;528.0;845.0;580.0;637.0;459.0;858.0;654.0;895.0;733.0;592.0;740.0;654.0;695.0;906.0;931.0;521.0;806.0;522.0;974.0;538.0;634.0;629.0;764.0;548.0;905.0;528.0;803.0;705.0;564.0;761.0;928.0;784.0;781.0;464.0;692.0;660.0;390.0;745.0;528.0;733.0;722.0;636.0;980.0;986.0;826.0;717.0;703.0;584.0;514.0;735.0;998.0;357.0;588.0;435.0;600.0;753.0;603.0
4;194.0;769.0;36.0;389.0;0.0;602.0;261.0;146.0;350.0;597.0;399.0;211.0;640.0;262.0;466.0;395.0;699.0;594.0;690.0;318.0;381.0;534.0;516.0;408.0;489.0;521.0;509.0;161.0;474.0;641.0;475.0;314.0;479.0;401.0;400.0;582.0;623.0;577.0;253.0;38.0;73.0;481.0;766.0;575.0;620.0;256.0;243.0;333.0;183.0;253.0;317.0;204.0;350.0;626.0;496.0;715.0;354.0;282.0;373.0;654.0;722.0;450.0;112.0;495.0;393.0;138.0;345.0;226.0;44.0;375.0;561.0;222.0;228.0;546.0;286.0;343.0;434.0;209.0;385.0;601.0;86.0;854.0;345.0;622.0;362.0;482.0;395.0;286.0;583.0;787.0;390.0;418.0;173.0;332.0;661.0;626.0;386.0;604.0;503.0;225.0;635.0;668.0;251.0;572.0;468.0;475.0;66.0;168.0;136.0;353.0;173.0;371.0;52.0;497.0;250.0;320.0;82.0;204.0;654.0;509.0;563.0;382.0;439.0;433.0;275.0;442.0;297.0;364.0;502.0;563.0;650.0;528.0;410.0;334.0;523.0;131.0;414.0;376.0;357.0;607.0;624.0;583.0;433.0;447.0;569.0;202.0;458.0;558.0;489.0;385.0;429.0;329.0;472.0;278.0;448.0;276.0;484.0;353.0;522.0;352.0;356.0;335.0;371.0;362.0;551.0;487.0;31.0;633.0;330.0;439.0;251.0;590.0;144.0;583.0;383.0;669.0;171.0;490.0;335.0;347.0;94.0;524.0;354.0;575.0;485.0;339.0;472.0;410.0;437.0;583.0;590.0;180.0;524.0;155.0;660.0;317.0;557.0;330.0;520.0;283.0;584.0;315.0;652.0;533.0;497.0;439.0;578.0;545.0;456.0;416.0;584.0;363.0;294.0;463.0;304.0;428.0;538.0;465.0;652.0;670.0;473.0;433.0;379.0;234.0;156.0;501.0;635.0;357.0;228.0;377.0;214.0;610.0;500.0
5;608.0;932.0;631.0;904.0;602.0;0.0;395.0;730.0;764.0;1156.0;651.0;615.0;1167.0;731.0;773.0;371.0;714.0;67.0;918.0;909.0;300.0;784.0;1013.0;922.0;1071.0;187.0;1092.0;689.0;877.0;548.0;191.0;857.0;1078.0;985.0;837.0;665.0;1191.0;160.0;626.0;572.0;622.0;538.0;904.0;632.0;1176.0;482.0;363.0;488.0;711.0;759.0;674.0;412.0;379.0;975.0;830.0;896.0;564.0;580.0;893.0;975.0;879.0;761.0;714.0;180.0;760.0;667.0;946.0;406.0;586.0;939.0;1109.0;563.0;739.0;1128.0;447.0;286.0;528.0;698.0;295.0;591.0;687.0;914.0;886.0;1140.0;400.0;158.0;870.0;485.0;1140.0;865.0;456.0;761.0;470.0;787.0;1201.0;1179.0;944.0;653.0;874.0;388.0;893.0;641.0;797.0;1061.0;949.0;1070.0;623.0;712.0;495.0;851.0;604.0;240.0;599.0;307.0;432.0;920.0;659.0;411.0;89.0;1046.0;843.0;968.0;856.0;864.0;851.0;1023.0;314.0;961.0;922.0;63.0;79.0;929.0;849.0;466.0;805.0;472.0;1016.0;978.0;955.0;855.0;1148.0;57.0;871.0;853.0;1119.0;428.0;883.0;127.0;891.0;854.0;1021.0;753.0;1031.0;343.0;1035.0;611.0;929.0;941.0;1050.0;890.0;773.0;928.0;908.0;936.0;821.0;879.0;619.0;1191.0;927.0;871.0;586.0;1024.0;469.0;787.0;917.0;88.0;434.0;204.0;835.0;791.0;508.0;800.0;780.0;60.0;926.0;830.0;890.0;881.0;882.0;861.0;137.0;422.0;903.0;453.0;931.0;845.0;1113.0;280.0;953.0;789.0;864.0;849.0;1147.0;1034.0;1066.0;784.0;782.0;977.0;786.0;1003.0;1121.0;788.0;886.0;866.0;834.0;809.0;1027.0;983.0;112.0;89.0;718.0;845.0;224.0;372.0;448.0;952.0;764.0;958.0;384.0;966.0;528.0;1118.0;1053.0
6;378.0;906.0;277.0;509.0;261.0;395.0;0.0;355.0;376.0;858.0;538.0;393.0;897.0;488.0;640.0;374.0;768.0;367.0;849.0;530.0;308.0;690.0;766.0;527.0;748.0;390.0;769.0;300.0;497.0;654.0;230.0;463.0;728.0;661.0;624.0;667.0;884.0;431.0;234.0;248.0;314.0;537.0;893.0;647.0;881.0;96.0;156.0;398.0;320.0;495.0;495.0;190.0;336.0;829.0;685.0;856.0;460.0;418.0;498.0;848.0;854.0;625.0;357.0;358.0;383.0;379.0;581.0;219.0;228.0;636.0;821.0;170.0;470.0;806.0;328.0;241.0;497.0;304.0;309.0;646.0;332.0;954.0;492.0;877.0;117.0;248.0;477.0;114.0;844.0;890.0;423.0;604.0;91.0;394.0;921.0;886.0;646.0;677.0;708.0;182.0;803.0;715.0;506.0;820.0;711.0;729.0;253.0;419.0;126.0;456.0;210.0;160.0;286.0;429.0;40.0;572.0;339.0;189.0;468.0;767.0;734.0;642.0;658.0;657.0;536.0;702.0;187.0;587.0;725.0;375.0;460.0;746.0;636.0;384.0;692.0;171.0;649.0;615.0;610.0;768.0;881.0;395.0;659.0;662.0;829.0;61.0;681.0;399.0;705.0;621.0;686.0;542.0;732.0;206.0;707.0;434.0;716.0;613.0;779.0;608.0;568.0;593.0;627.0;623.0;717.0;699.0;288.0;894.0;584.0;663.0;402.0;822.0;121.0;723.0;639.0;476.0;160.0;366.0;579.0;570.0;188.0;690.0;570.0;388.0;716.0;580.0;693.0;648.0;666.0;755.0;433.0;132.0;733.0;181.0;835.0;570.0;818.0;126.0;749.0;527.0;757.0;569.0;903.0;784.0;758.0;628.0;718.0;775.0;640.0;676.0;843.0;580.0;552.0;678.0;557.0;631.0;785.0;718.0;475.0;477.0;620.0;650.0;206.0;158.0;163.0;736.0;748.0;607.0;180.0;636.0;334.0;863.0;761.0
7;309.0;866.0;110.0;253.0;146.0;730.0;355.0;0.0;266.0;547.0;512.0;323.0;611.0;328.0;554.0;541.0;825.0;714.0;777.0;179.0;526.0;630.0;518.0;271.0;421.0;664.0;439.0;85.0;373.0;780.0;584.0;173.0;379.0;338.0;451.0;705.0;563.0;718.0;231.0;185.0;185.0;616.0;868.0;702.0;571.0;310.0;380.0;472.0;88.0;298.0;416.0;347.0;496.0;683.0;573.0;812.0;482.0;405.0;236.0;718.0;823.0;540.0;64.0;636.0;320.0;218.0;226.0;371.0;146.0;341.0;523.0;240.0;279.0;475.0;430.0;485.0;568.0;132.0;530.0;735.0;75.0;966.0;204.0;601.0;430.0;597.0;274.0;333.0;536.0;899.0;532.0;503.0;267.0;231.0;623.0;578.0;356.0;731.0;566.0;367.0;720.0;800.0;265.0;574.0;485.0;386.0;107.0;218.0;237.0;227.0;174.0;492.0;184.0;643.0;330.0;232.0;157.0;348.0;789.0;484.0;648.0;319.0;492.0;481.0;246.0;378.0;435.0;232.0;545.0;696.0;783.0;576.0;458.0;475.0;612.0;270.0;294.0;261.0;269.0;696.0;599.0;716.0;478.0;504.0;529.0;306.0;505.0;697.0;542.0;422.0;351.0;400.0;431.0;420.0;377.0;392.0;518.0;289.0;503.0;347.0;424.0;265.0;365.0;319.0;640.0;544.0;150.0;582.0;248.0;485.0;373.0;618.0;261.0;685.0;376.0;802.0;310.0;632.0;363.0;405.0;233.0;614.0;419.0;708.0;521.0;373.0;520.0;441.0;477.0;667.0;730.0;313.0;582.0;298.0;739.0;329.0;512.0;451.0;555.0;320.0;667.0;321.0;644.0;531.0;444.0;520.0;680.0;578.0;539.0;348.0;554.0;426.0;230.0;519.0;317.0;498.0;542.0;459.0;788.0;803.0;577.0;490.0;511.0;372.0;295.0;530.0;747.0;262.0;370.0;308.0;350.0;596.0;463.0
8;544.0;1117.0;323.0;176.0;350.0;764.0;376.0;266.0;0.0;779.0;750.0;560.0;856.0;588.0;809.0;701.0;1046.0;726.0;1033.0;325.0;657.0;881.0;779.0;188.0;644.0;762.0;657.0;196.0;129.0;971.0;580.0;191.0;567.0;572.0;716.0;930.0;785.0;806.0;142.0;381.0;418.0;821.0;1116.0;921.0;802.0;283.0;490.0;670.0;182.0;563.0;664.0;487.0;656.0;949.0;833.0;1063.0;702.0;631.0;175.0;983.0;1071.0;794.0;327.0;730.0;57.0;470.0;411.0;519.0;316.0;594.0;764.0;208.0;542.0;689.0;612.0;597.0;775.0;144.0;660.0;941.0;327.0;1204.0;199.0;851.0;374.0;608.0;117.0;279.0;771.0;1138.0;720.0;759.0;330.0;51.0;860.0;811.0;609.0;951.0;830.0;496.0;978.0;1009.0;531.0;834.0;750.0;587.0;284.0;479.0;329.0;124.0;199.0;536.0;403.0;782.0;336.0;457.0;404.0;487.0;841.0;735.0;905.0;555.0;757.0;747.0;506.0;608.0;540.0;383.0;811.0;750.0;833.0;842.0;724.0;666.0;867.0;413.0;459.0;442.0;488.0;951.0;846.0;769.0;744.0;769.0;768.0;367.0;771.0;775.0;808.0;688.0;569.0;660.0;675.0;543.0;600.0;626.0;785.0;528.0;756.0;610.0;686.0;502.0;626.0;567.0;895.0;809.0;373.0;810.0;477.0;751.0;601.0;883.0;364.0;932.0;638.0;848.0;441.0;735.0;629.0;669.0;388.0;869.0;681.0;763.0;788.0;639.0;786.0;708.0;744.0;925.0;809.0;426.0;847.0;443.0;999.0;594.0;749.0;502.0;821.0;586.0;925.0;587.0;899.0;790.0;678.0;778.0;927.0;844.0;797.0;577.0;799.0;689.0;476.0;784.0;582.0;760.0;803.0;718.0;850.0;849.0;822.0;754.0;581.0;486.0;430.0;796.0;985.0;473.0;497.0;541.0;558.0;850.0;708.0
9;550.0;742.0;585.0;658.0;597.0;1156.0;858.0;547.0;779.0;0.0;600.0;545.0;106.0;431.0;522.0;831.0;863.0;1164.0;636.0;460.0;872.0;585.0;203.0;664.0;136.0;1022.0;127.0;632.0;839.0;927.0;1063.0;598.0;243.0;210.0;371.0;764.0;47.0;1079.0;778.0;612.0;550.0;772.0;768.0;785.0;24.0;843.0;803.0;709.0;629.0;397.0;520.0;749.0;802.0;458.0;482.0;701.0;653.0;602.0;646.0;505.0;730.0;521.0;515.0;1005.0;836.0;494.0;372.0;751.0;634.0;223.0;56.0;784.0;417.0;107.0;724.0;871.0;740.0;673.0;877.0;849.0;535.0;892.0;604.0;128.0;957.0;1063.0;722.0;870.0;17.0;841.0;768.0;490.0;770.0;730.0;86.0;32.0;215.0;800.0;429.0;773.0;586.0;886.0;362.0;204.0;260.0;208.0;619.0;449.0;734.0;679.0;718.0;949.0;577.0;942.0;846.0;323.0;520.0;750.0;1185.0;122.0;550.0;228.0;380.0;362.0;322.0;171.0;845.0;413.0;352.0;1104.0;1184.0;377.0;362.0;728.0;548.0;707.0;347.0;347.0;291.0;593.0;112.0;1122.0;351.0;394.0;46.0;798.0;360.0;1076.0;386.0;333.0;211.0;433.0;127.0;814.0;179.0;568.0;317.0;258.0;131.0;266.0;425.0;283.0;249.0;236.0;562.0;402.0;570.0;36.0;304.0;357.0;584.0;315.0;740.0;642.0;241.0;1204.0;739.0;991.0;329.0;395.0;678.0;555.0;414.0;1114.0;323.0;338.0;365.0;313.0;338.0;553.0;1100.0;759.0;414.0;716.0;575.0;312.0;43.0;911.0;326.0;370.0;550.0;308.0;192.0;187.0;104.0;482.0;641.0;322.0;496.0;202.0;78.0;409.0;317.0;393.0;322.0;437.0;210.0;193.0;1174.0;1206.0;593.0;391.0;938.0;793.0;727.0;299.0;732.0;306.0;777.0;240.0;632.0;153.0;103.0
10;206.0;375.0;428.0;764.0;399.0;651.0;538.0;512.0;750.0;600.0;0.0;190.0;573.0;221.0;122.0;280.0;320.0;683.0;311.0;624.0;353.0;152.0;412.0;782.0;572.0;478.0;593.0;557.0;872.0;331.0;639.0;682.0;643.0;512.0;230.0;201.0;645.0;530.0;644.0;371.0;334.0;172.0;369.0;207.0;613.0;593.0;396.0;166.0;576.0;268.0;105.0;349.0;274.0;325.0;180.0;323.0;88.0;123.0;747.0;329.0;326.0;111.0;450.0;474.0;791.0;295.0;595.0;325.0;436.0;437.0;544.0;599.0;270.0;620.0;225.0;390.0;145.0;607.0;357.0;260.0;438.0;455.0;711.0;539.0;654.0;621.0;785.0;625.0;583.0;389.0;198.0;120.0;492.0;729.0;616.0;613.0;432.0;232.0;227.0;362.0;267.0;313.0;330.0;447.0;347.0;615.0;466.0;309.0;468.0;739.0;565.0;523.0;347.0;373.0;556.0;523.0;356.0;350.0;650.0;478.0;202.0;503.0;230.0;245.0;405.0;535.0;401.0;639.0;287.0;590.0;652.0;286.0;240.0;188.0;161.0;380.0;646.0;609.0;542.0;231.0;552.0;602.0;255.0;222.0;555.0;487.0;256.0;541.0;251.0;268.0;562.0;177.0;497.0;366.0;556.0;123.0;305.0;491.0;472.0;366.0;177.0;496.0;375.0;454.0;183.0;237.0;377.0;629.0;515.0;251.0;150.0;384.0;443.0;189.0;378.0;671.0;379.0;453.0;289.0;210.0;386.0;157.0;189.0;596.0;300.0;275.0;259.0;288.0;268.0;223.0;555.0;407.0;256.0;360.0;301.0;327.0;559.0;503.0;319.0;275.0;225.0;337.0;528.0;433.0;542.0;138.0;183.0;341.0;136.0;531.0;540.0;192.0;468.0;230.0;325.0;174.0;418.0;407.0;631.0;673.0;82.0;219.0;480.0;389.0;379.0;328.0;236.0;557.0;365.0;511.0;208.0;511.0;504.0
11;17.0;558.0;238.0;576.0;211.0;615.0;393.0;323.0;560.0;545.0;190.0;0.0;552.0;116.0;259.0;293.0;502.0;630.0;481.0;450.0;327.0;324.0;401.0;594.0;477.0;477.0;499.0;367.0;682.0;473.0;549.0;495.0;518.0;399.0;236.0;382.0;583.0;535.0;460.0;186.0;144.0;304.0;555.0;381.0;564.0;429.0;282.0;181.0;386.0;149.0;109.0;227.0;259.0;437.0;296.0;504.0;164.0;86.0;559.0;458.0;511.0;243.0;263.0;460.0;604.0;112.0;436.0;218.0;250.0;338.0;496.0;421.0;133.0;532.0;180.0;329.0;258.0;417.0;332.0;418.0;249.0;646.0;524.0;525.0;510.0;541.0;595.0;462.0;528.0;579.0;247.0;215.0;329.0;539.0;586.0;567.0;340.0;409.0;315.0;248.0;428.0;481.0;199.0;451.0;339.0;498.0;277.0;140.0;299.0;549.0;380.0;429.0;158.0;407.0;402.0;375.0;167.0;228.0;640.0;431.0;356.0;385.0;266.0;268.0;270.0;432.0;313.0;475.0;335.0;561.0;639.0;353.0;249.0;196.0;316.0;223.0;496.0;457.0;402.0;398.0;533.0;578.0;272.0;270.0;506.0;335.0;291.0;531.0;312.0;243.0;444.0;151.0;423.0;278.0;448.0;68.0;330.0;365.0;435.0;280.0;176.0;361.0;296.0;343.0;343.0;306.0;187.0;579.0;373.0;274.0;54.0;434.0;281.0;372.0;305.0;659.0;237.0;446.0;220.0;184.0;216.0;316.0;180.0;571.0;329.0;215.0;302.0;271.0;281.0;377.0;555.0;264.0;340.0;214.0;456.0;234.0;502.0;398.0;360.0;176.0;378.0;239.0;537.0;421.0;462.0;238.0;367.0;387.0;253.0;419.0;506.0;189.0;325.0;285.0;225.0;238.0;417.0;368.0;628.0;661.0;262.0;258.0;405.0;273.0;231.0;352.0;426.0;413.0;252.0;389.0;87.0;505.0;442.0
12;560.0;664.0;633.0;747.0;640.0;1167.0;897.0;611.0;856.0;106.0;573.0;552.0;0.0;436.0;479.0;825.0;808.0;1181.0;561.0;546.0;875.0;532.0;161.0;754.0;229.0;1021.0;226.0;696.0;925.0;888.0;1090.0;682.0;344.0;285.0;345.0;718.0;140.0;1077.0;841.0;649.0;584.0;743.0;693.0;742.0;93.0;892.0;825.0;700.0;696.0;412.0;507.0;770.0;801.0;380.0;431.0;627.0;637.0;596.0;734.0;425.0;658.0;481.0;570.0;1008.0;913.0;522.0;459.0;767.0;679.0;271.0;93.0;840.0;436.0;211.0;725.0;882.0;717.0;741.0;880.0;808.0;588.0;817.0;691.0;36.0;1002.0;1087.0;808.0;921.0;102.0;770.0;754.0;455.0;812.0;809.0;48.0;85.0;258.0;753.0;375.0;793.0;516.0;838.0;391.0;133.0;227.0;307.0;670.0;479.0;775.0;763.0;776.0;973.0;612.0;932.0;889.0;400.0;559.0;770.0;1189.0;131.0;490.0;301.0;343.0;328.0;371.0;252.0;862.0;504.0;299.0;1112.0;1188.0;317.0;334.0;721.0;494.0;737.0;442.0;437.0;373.0;528.0;21.0;1129.0;318.0;354.0;91.0;836.0;319.0;1078.0;336.0;317.0;299.0;421.0;181.0;829.0;267.0;562.0;270.0;328.0;119.0;289.0;407.0;354.0;270.0;292.0;504.0;352.0;610.0;101.0;379.0;322.0;583.0;237.0;777.0;585.0;259.0;1209.0;765.0;991.0;333.0;382.0;712.0;502.0;397.0;1122.0;276.0;338.0;320.0;292.0;304.0;489.0;1100.0;788.0;355.0;742.0;499.0;330.0;114.0;937.0;268.0;381.0;486.0;330.0;91.0;140.0;183.0;443.0;584.0;257.0;454.0;283.0;57.0;390.0;382.0;349.0;342.0;401.0;156.0;185.0;1175.0;1210.0;552.0;354.0;955.0;815.0;755.0;249.0;673.0;390.0;797.0;316.0;639.0;68.0;148.0
13;124.0;542.0;276.0;569.0;262.0;731.0;488.0;328.0;588.0;431.0;221.0;116.0;436.0;0.0;229.0;402.0;539.0;745.0;450.0;410.0;442.0;308.0;287.0;585.0;372.0;591.0;393.0;393.0;700.0;544.0;660.0;486.0;428.0;301.0;139.0;420.0;470.0;648.0;511.0;252.0;189.0;376.0;547.0;428.0;449.0;509.0;393.0;282.0;407.0;47.0;116.0;337.0;372.0;365.0;245.0;487.0;240.0;175.0;552.0;396.0;502.0;216.0;264.0;575.0;638.0;124.0;375.0;332.0;306.0;232.0;380.0;484.0;52.0;425.0;293.0;445.0;335.0;445.0;447.0;478.0;262.0;652.0;512.0;410.0;602.0;654.0;600.0;541.0;414.0;587.0;344.0;177.0;413.0;558.0;470.0;451.0;231.0;452.0;244.0;360.0;392.0;533.0;109.0;339.0;227.0;403.0;319.0;110.0;379.0;552.0;432.0;541.0;215.0;514.0;490.0;302.0;188.0;338.0;756.0;316.0;321.0;289.0;177.0;172.0;185.0;329.0;427.0;420.0;241.0;677.0;754.0;266.0;150.0;300.0;286.0;318.0;426.0;389.0;322.0;370.0;417.0;694.0;173.0;186.0;391.0;428.0;197.0;646.0;228.0;133.0;349.0;72.0;311.0;393.0;348.0;142.0;228.0;274.0;319.0;168.0;97.0;276.0;183.0;243.0;314.0;226.0;231.0;464.0;295.0;178.0;154.0;334.0;370.0;366.0;191.0;775.0;340.0;560.0;104.0;86.0;302.0;289.0;94.0;687.0;228.0;99.0;211.0;160.0;179.0;339.0;670.0;366.0;263.0;316.0;412.0;123.0;388.0;508.0;262.0;63.0;339.0;130.0;424.0;307.0;352.0;193.0;362.0;288.0;213.0;320.0;390.0;102.0;248.0;202.0;116.0;171.0;304.0;252.0;743.0;776.0;264.0;172.0;520.0;384.0;332.0;247.0;439.0;336.0;363.0;296.0;203.0;390.0;328.0
14;276.0;313.0;488.0;798.0;466.0;773.0;640.0;554.0;809.0;522.0;122.0;259.0;479.0;229.0;0.0;402.0;346.0;805.0;225.0;635.0;475.0;80.0;322.0;814.0;519.0;599.0;538.0;613.0;925.0;410.0;757.0;715.0;608.0;474.0;162.0;242.0;568.0;650.0;718.0;444.0;394.0;274.0;318.0;264.0;532.0;686.0;506.0;287.0;629.0;268.0;150.0;456.0;396.0;203.0;58.0;258.0;210.0;223.0;781.0;211.0;273.0;16.0;490.0;596.0;856.0;340.0;590.0;435.0;507.0;396.0;466.0;680.0;281.0;560.0;343.0;510.0;259.0;665.0;479.0;329.0;485.0;427.0;741.0;443.0;757.0;740.0;828.0;718.0;505.0;364.0;319.0;53.0;584.0;782.0;524.0;530.0;387.0;278.0;111.0;472.0;170.0;364.0;324.0;347.0;262.0;575.0;530.0;338.0;556.0;780.0;637.0;640.0;414.0;492.0;653.0;512.0;405.0;457.0;771.0;402.0;98.0;470.0;142.0;161.0;394.0;489.0;518.0;639.0;181.0;712.0;773.0;172.0;167.0;310.0;58.0;475.0;632.0;598.0;522.0;142.0;458.0;724.0;172.0;128.0;476.0;585.0;162.0;662.0;144.0;208.0;525.0;160.0;435.0;482.0;512.0;207.0;209.0;465.0;391.0;326.0;142.0;476.0;329.0;419.0;86.0;128.0;439.0;547.0;500.0;165.0;239.0;270.0;535.0;142.0;328.0;793.0;480.0;574.0;251.0;173.0;473.0;60.0;152.0;718.0;202.0;237.0;159.0;218.0;185.0;118.0;676.0;508.0;138.0;459.0;197.0;297.0;485.0;617.0;213.0;261.0;119.0;308.0;423.0;342.0;481.0;44.0;138.0;231.0;26.0;492.0;454.0;149.0;457.0;130.0;300.0;88.0;323.0;333.0;751.0;794.0;73.0;132.0;599.0;499.0;478.0;230.0;224.0;540.0;475.0;481.0;306.0;413.0;435.0
15;294.0;583.0;431.0;779.0;395.0;371.0;374.0;541.0;701.0;831.0;280.0;293.0;825.0;402.0;402.0;0.0;404.0;408.0;554.0;704.0;85.0;414.0;666.0;798.0;770.0;199.0;792.0;544.0;830.0;281.0;389.0;707.0;808.0;692.0;483.0;320.0;872.0;253.0;565.0;356.0;370.0;184.0;561.0;293.0;849.0;460.0;221.0;125.0;567.0;441.0;319.0;214.0;46.0;604.0;460.0;541.0;196.0;230.0;763.0;604.0;529.0;391.0;496.0;193.0;726.0;384.0;710.0;182.0;407.0;631.0;779.0;504.0;427.0;825.0;118.0;147.0;162.0;579.0;87.0;278.0;473.0;599.0;739.0;794.0;471.0;364.0;774.0;485.0;814.0;540.0;85.0;395.0;376.0;699.0;864.0;850.0;632.0;321.0;506.0;206.0;525.0;345.0;492.0;709.0;600.0;790.0;449.0;424.0;372.0;737.0;502.0;289.0;361.0;113.0;407.0;658.0;409.0;214.0;371.0;713.0;472.0;678.0;496.0;506.0;561.0;725.0;189.0;741.0;559.0;309.0;372.0;563.0;495.0;104.0;434.0;290.0;775.0;735.0;689.0;487.0;805.0;322.0;514.0;491.0;790.0;349.0;523.0;261.0;526.0;508.0;737.0;404.0;713.0;168.0;742.0;264.0;571.0;657.0;713.0;570.0;419.0;650.0;585.0;637.0;450.0;513.0;393.0;864.0;659.0;513.0;248.0;660.0;337.0;422.0;592.0;392.0;260.0;172.0;503.0;443.0;321.0;429.0;429.0;316.0;567.0;494.0;529.0;533.0;527.0;491.0;278.0;276.0;535.0;259.0;563.0;524.0;789.0;285.0;591.0;465.0;494.0;531.0;793.0;687.0;754.0;416.0;417.0;615.0;417.0;712.0;784.0;436.0;612.0;502.0;516.0;445.0;677.0;645.0;353.0;393.0;347.0;485.0;231.0;222.0;271.0;594.0;415.0;697.0;206.0;681.0;215.0;770.0;729.0
16;516.0;248.0;732.0;1078.0;699.0;714.0;768.0;825.0;1046.0;863.0;320.0;502.0;808.0;539.0;346.0;404.0;0.0;768.0;292.0;944.0;485.0;278.0;660.0;1096.0;865.0;529.0;884.0;861.0;1172.0;171.0;784.0;997.0;950.0;817.0;508.0;120.0;910.0;556.0;926.0;666.0;642.0;232.0;212.0;125.0;871.0;845.0;612.0;380.0;882.0;585.0;425.0;585.0;434.0;449.0;381.0;237.0;345.0;420.0;1061.0;417.0;207.0;351.0;765.0;544.0;1082.0;612.0;914.0;554.0;730.0;739.0;807.0;871.0;589.0;906.0;446.0;550.0;275.0;908.0;487.0;127.0;750.0;201.0;1027.0;771.0;872.0;754.0;1093.0;873.0;846.0;153.0;345.0;389.0;750.0;1031.0;855.0;868.0;731.0;95.0;435.0;588.0;310.0;74.0;647.0;675.0;605.0;918.0;765.0;629.0;735.0;1049.0;851.0;692.0;650.0;412.0;796.0;840.0;669.0;586.0;672.0;746.0;319.0;810.0;487.0;506.0;721.0;833.0;590.0;959.0;512.0;653.0;678.0;491.0;513.0;389.0;316.0;644.0;963.0;927.0;856.0;287.0;788.0;656.0;517.0;472.0;817.0;732.0;504.0;586.0;477.0;553.0;867.0;485.0;781.0;564.0;856.0;434.0;546.0;802.0;732.0;668.0;475.0;809.0;673.0;760.0;304.0;461.0;682.0;886.0;831.0;510.0;452.0;577.0;703.0;223.0;672.0;693.0;627.0;521.0;591.0;509.0;662.0;308.0;487.0;654.0;540.0;576.0;498.0;564.0;530.0;322.0;582.0;651.0;453.0;616.0;342.0;634.0;828.0;689.0;541.0;588.0;325.0;645.0;738.0;678.0;827.0;389.0;224.0;551.0;372.0;835.0;792.0;487.0;785.0;471.0;635.0;434.0;657.0;677.0;645.0;694.0;283.0;478.0;632.0;610.0;633.0;564.0;136.0;872.0;589.0;820.0;488.0;740.0;780.0
17;621.0;981.0;621.0;873.0;594.0;67.0;367.0;714.0;726.0;1164.0;683.0;630.0;1181.0;745.0;805.0;408.0;768.0;0.0;961.0;893.0;330.0;822.0;1030.0;891.0;1072.0;239.0;1094.0;666.0;834.0;606.0;145.0;831.0;1073.0;986.0;858.0;713.0;1197.0;222.0;591.0;567.0;621.0;583.0;954.0;681.0;1185.0;447.0;362.0;518.0;688.0;770.0;697.0;415.0;409.0;1008.0;862.0;942.0;596.0;603.0;863.0;1011.0;927.0;793.0;704.0;226.0;718.0;671.0;935.0;414.0;574.0;944.0;1119.0;531.0;748.0;1130.0;470.0;303.0;569.0;671.0;326.0;644.0;677.0;969.0;859.0;1155.0;355.0;120.0;835.0;447.0;1148.0;918.0;493.0;790.0;449.0;752.0;1213.0;1189.0;951.0;704.0;903.0;391.0;933.0;697.0;803.0;1080.0;967.0;1067.0;608.0;716.0;477.0;819.0;577.0;224.0;597.0;357.0;402.0;914.0;657.0;414.0;153.0;1057.0;880.0;968.0;880.0;886.0;853.0;1025.0;319.0;947.0;947.0;116.0;142.0;956.0;871.0;496.0;841.0;467.0;1004.0;968.0;950.0;895.0;1162.0;119.0;892.0;878.0;1128.0;408.0;907.0;185.0;917.0;872.0;1020.0;773.0;1038.0;352.0;1035.0;633.0;951.0;941.0;1063.0;899.0;794.0;926.0;918.0;939.0;858.0;906.0;613.0;1199.0;923.0;893.0;606.0;1049.0;455.0;829.0;927.0;147.0;430.0;250.0;849.0;810.0;501.0;836.0;801.0;119.0;949.0;844.0;915.0;899.0;903.0;899.0;201.0;415.0;932.0;452.0;971.0;855.0;1121.0;264.0;977.0;800.0;902.0;858.0;1166.0;1051.0;1071.0;813.0;824.0;1002.0;817.0;1003.0;1133.0;809.0;884.0;891.0;844.0;835.0;1046.0;996.0;178.0;147.0;755.0;869.0;226.0;372.0;444.0;974.0;812.0;951.0;388.0;965.0;544.0;1134.0;1061.0
18;498.0;107.0;713.0;1017.0;690.0;918.0;849.0;777.0;1033.0;636.0;311.0;481.0;561.0;450.0;225.0;554.0;292.0;961.0;0.0;845.0;637.0;159.0;438.0;1033.0;675.0;733.0;689.0;837.0;1149.0;436.0;937.0;934.0;780.0;651.0;349.0;265.0;683.0;775.0;941.0;667.0;618.0;380.0;132.0;299.0;639.0;902.0;705.0;465.0;853.0;485.0;373.0;660.0;563.0;181.0;208.0;67.0;392.0;432.0;1000.0;138.0;100.0;239.0;713.0;738.0;1080.0;564.0;791.0;635.0;730.0;575.0;584.0;901.0;500.0;703.0;531.0;686.0;393.0;890.0;640.0;360.0;709.0;256.0;959.0;525.0;965.0;915.0;1050.0;934.0;622.0;211.0;471.0;275.0;800.0;1006.0;609.0;634.0;563.0;289.0;234.0;672.0;59.0;351.0;535.0;434.0;400.0;743.0;754.0;560.0;774.0;1002.0;861.0;826.0;637.0;614.0;866.0;711.0;630.0;661.0;897.0;533.0;129.0;651.0;311.0;329.0;597.0;655.0;706.0;842.0;298.0;855.0;901.0;267.0;347.0;484.0;166.0;689.0;824.0;794.0;714.0;83.0;543.0;864.0;338.0;296.0;593.0;797.0;314.0;796.0;275.0;392.0;699.0;378.0;585.0;672.0;680.0;423.0;338.0;653.0;514.0;511.0;355.0;669.0;508.0;603.0;138.0;264.0;663.0;652.0;696.0;329.0;454.0;324.0;751.0;132.0;503.0;919.0;689.0;714.0;448.0;381.0;691.0;166.0;363.0;859.0;331.0;434.0;301.0;389.0;347.0;111.0;801.0;717.0;236.0;670.0;62.0;494.0;609.0;809.0;316.0;471.0;112.0;505.0;480.0;451.0;628.0;257.0;137.0;315.0;238.0;666.0;559.0;357.0;658.0;285.0;501.0;284.0;427.0;476.0;873.0;920.0;229.0;308.0;776.0;699.0;689.0;347.0;170.0;734.0;675.0;665.0;517.0;494.0;574.0
19;440.0;944.0;284.0;201.0;318.0;909.0;530.0;179.0;325.0;460.0;624.0;450.0;546.0;410.0;635.0;704.0;944.0;893.0;845.0;0.0;698.0;715.0;500.0;211.0;324.0;839.0;335.0;234.0;380.0;923.0;760.0;138.0;241.0;263.0;498.0;824.0;462.0;894.0;363.0;355.0;334.0;754.0;953.0;827.0;483.0;474.0;558.0;620.0;219.0;367.0;520.0;522.0;660.0;719.0;638.0;890.0;614.0;537.0;188.0;761.0;908.0;623.0;209.0;812.0;382.0;339.0;88.0;543.0;325.0;307.0;453.0;395.0;358.0;366.0;588.0;661.0;707.0;253.0;703.0;868.0;234.0;1061.0;145.0;547.0;594.0;775.0;262.0;492.0;454.0;997.0;684.0;583.0;444.0;275.0;544.0;492.0;323.0;854.0;616.0;543.0;786.0;930.0;311.0;549.0;489.0;262.0;287.0;315.0;416.0;219.0;332.0;671.0;343.0;811.0;502.0;154.0;297.0;522.0;968.0;436.0;719.0;249.0;537.0;522.0;250.0;294.0;613.0;61.0;573.0;875.0;962.0;607.0;501.0;627.0;690.0;447.0;136.0;117.0;174.0;770.0;539.0;895.0;515.0;552.0;456.0;484.0;542.0;875.0;582.0;458.0;249.0;476.0;370.0;596.0;282.0;515.0;539.0;228.0;459.0;349.0;494.0;203.0;359.0;277.0;716.0;589.0;313.0;490.0;174.0;523.0;504.0;622.0;441.0;775.0;369.0;981.0;487.0;808.0;399.0;466.0;410.0;694.0;485.0;887.0;544.0;412.0;556.0;468.0;510.0;735.0;907.0;491.0;624.0;473.0;798.0;354.0;434.0;630.0;573.0;375.0;734.0;343.0;602.0;506.0;364.0;595.0;771.0;592.0;615.0;263.0;491.0;490.0;195.0;565.0;346.0;562.0;523.0;438.0;967.0;982.0;675.0;539.0;690.0;549.0;472.0;543.0;849.0;156.0;545.0;233.0;499.0;551.0;402.0
20;323.0;668.0;417.0;751.0;381.0;300.0;308.0;526.0;657.0;872.0;353.0;327.0;875.0;442.0;475.0;85.0;485.0;330.0;637.0;698.0;0.0;493.0;718.0;770.0;800.0;151.0;821.0;516.0;785.0;352.0;305.0;685.0;826.0;718.0;539.0;405.0;910.0;209.0;517.0;344.0;372.0;269.0;646.0;377.0;891.0;399.0;167.0;188.0;540.0;476.0;375.0;180.0;79.0;678.0;532.0;625.0;266.0;281.0;737.0;680.0;614.0;463.0;490.0;133.0;676.0;400.0;714.0;155.0;384.0;662.0;822.0;453.0;458.0;856.0;150.0;69.0;245.0;546.0;5.0;358.0;465.0;683.0;716.0;846.0;397.0;279.0;739.0;422.0;855.0;624.0;166.0;462.0;327.0;661.0;911.0;893.0;666.0;405.0;575.0;164.0;606.0;424.0;521.0;764.0;653.0;812.0;426.0;444.0;330.0;706.0;461.0;207.0;357.0;125.0;344.0;671.0;412.0;180.0;314.0;757.0;550.0;702.0;556.0;565.0;584.0;754.0;121.0;740.0;622.0;241.0;313.0;629.0;551.0;166.0;510.0;260.0;782.0;742.0;704.0;568.0;855.0;256.0;572.0;553.0;832.0;293.0;584.0;204.0;591.0;559.0;759.0;456.0;750.0;114.0;768.0;314.0;630.0;678.0;760.0;607.0;474.0;669.0;624.0;665.0;529.0;579.0;386.0;906.0;674.0;572.0;291.0;724.0;295.0;505.0;632.0;334.0;223.0;119.0;545.0;495.0;295.0;506.0;483.0;249.0;627.0;538.0;591.0;585.0;584.0;570.0;229.0;232.0;603.0;230.0;643.0;561.0;829.0;207.0;653.0;503.0;572.0;566.0;850.0;739.0;788.0;484.0;500.0;678.0;487.0;737.0;831.0;490.0;629.0;566.0;552.0;509.0;731.0;692.0;301.0;335.0;425.0;546.0;147.0;171.0;237.0;653.0;499.0;710.0;163.0;703.0;241.0;822.0;769.0
21;341.0;237.0;559.0;875.0;534.0;784.0;690.0;630.0;881.0;585.0;152.0;324.0;532.0;308.0;80.0;414.0;278.0;822.0;159.0;715.0;493.0;0.0;383.0;892.0;593.0;604.0;610.0;685.0;999.0;366.0;787.0;793.0;685.0;552.0;238.0;188.0;632.0;650.0;784.0;510.0;464.0;257.0;240.0;216.0;593.0;743.0;548.0;313.0;702.0;348.0;217.0;502.0;416.0;203.0;103.0;182.0;237.0;273.0;858.0;193.0;194.0;92.0;566.0;604.0;926.0;413.0;670.0;477.0;574.0;473.0;529.0;743.0;360.0;631.0;376.0;537.0;256.0;737.0;497.0;284.0;559.0;347.0;819.0;496.0;806.0;767.0;904.0;774.0;569.0;284.0;329.0;132.0;641.0;856.0;579.0;591.0;464.0;223.0;157.0;515.0;115.0;306.0;404.0;399.0;327.0;651.0;599.0;414.0;615.0;856.0;704.0;673.0;482.0;489.0;707.0;592.0;478.0;503.0;773.0;468.0;60.0;548.0;212.0;231.0;474.0;564.0;552.0;719.0;234.0;722.0;776.0;216.0;241.0;333.0;38.0;530.0;711.0;678.0;602.0;79.0;512.0;732.0;242.0;197.0;540.0;638.0;227.0;667.0;199.0;284.0;602.0;239.0;507.0;517.0;588.0;264.0;269.0;544.0;455.0;404.0;222.0;555.0;406.0;498.0;38.0;183.0;508.0;608.0;580.0;235.0;294.0;308.0;592.0;62.0;404.0;795.0;530.0;581.0;331.0;253.0;532.0;31.0;232.0;727.0;262.0;316.0;220.0;291.0;255.0;78.0;677.0;558.0;178.0;511.0;151.0;377.0;550.0;654.0;264.0;341.0;81.0;388.0;467.0;401.0;552.0;123.0;59.0;276.0;103.0;569.0;514.0;229.0;537.0;194.0;380.0;164.0;380.0;401.0;751.0;796.0;71.0;204.0;627.0;542.0;530.0;287.0;149.0;620.0;518.0;559.0;358.0;465.0;504.0
22;411.0;545.0;517.0;698.0;516.0;1013.0;766.0;518.0;779.0;203.0;412.0;401.0;161.0;287.0;322.0;666.0;660.0;1030.0;438.0;500.0;718.0;383.0;0.0;709.0;245.0;863.0;256.0;601.0;866.0;731.0;946.0;624.0;360.0;248.0;184.0;564.0;250.0;919.0;741.0;519.0;453.0;583.0;569.0;587.0;210.0;772.0;680.0;541.0;606.0;271.0;347.0;624.0;643.0;266.0;279.0;501.0;476.0;438.0;683.0;313.0;529.0;323.0;467.0;851.0;835.0;387.0;422.0;618.0;559.0;193.0;148.0;730.0;296.0;266.0;568.0;729.0;556.0;650.0;723.0;651.0;479.0;693.0;639.0;128.0;875.0;940.0;751.0;802.0;187.0;640.0;594.0;296.0;684.0;737.0;204.0;208.0;176.0;600.0;226.0;646.0;386.0;685.0;266.0;56.0;66.0;321.0;557.0;349.0;648.0;704.0;669.0;827.0;481.0;772.0;762.0;346.0;435.0;625.0;1032.0;95.0;347.0;257.0;184.0;168.0;273.0;237.0;713.0;473.0;149.0;957.0;1031.0;175.0;173.0;562.0;345.0;599.0;430.0;411.0;333.0;391.0;140.0;973.0;158.0;195.0;158.0;704.0;161.0;921.0;184.0;160.0;287.0;262.0;156.0;679.0;260.0;405.0;114.0;273.0;75.0;171.0;247.0;297.0;154.0;223.0;359.0;199.0;486.0;225.0;326.0;161.0;427.0;132.0;645.0;439.0;142.0;1052.0;624.0;833.0;187.0;224.0;578.0;352.0;237.0;966.0;121.0;188.0;164.0;133.0;144.0;351.0;942.0;649.0;211.0;601.0;378.0;199.0;171.0;794.0;124.0;239.0;348.0;203.0;138.0;21.0;194.0;285.0;438.0;124.0;297.0;258.0;132.0;230.0;309.0;192.0;213.0;241.0;24.0;62.0;1017.0;1053.0;395.0;195.0;806.0;670.0;615.0;96.0;528.0;353.0;650.0;273.0;486.0;104.0;138.0
23;580.0;1127.0;372.0;19.0;408.0;922.0;527.0;271.0;188.0;664.0;782.0;594.0;754.0;585.0;814.0;798.0;1096.0;891.0;1033.0;211.0;770.0;892.0;709.0;0.0;528.0;894.0;537.0;255.0;182.0;1048.0;747.0;100.0;430.0;473.0;692.0;977.0;661.0;943.0;301.0;446.0;456.0;887.0;1132.0;974.0;686.0;443.0;609.0;740.0;231.0;548.0;683.0;591.0;752.0;919.0;825.0;1072.0;754.0;677.0;35.0;959.0;1086.0;801.0;332.0;863.0;230.0;487.0;295.0;619.0;391.0;517.0;661.0;359.0;533.0;564.0;693.0;719.0;839.0;228.0;774.0;1005.0;346.0;1233.0;74.0;756.0;549.0;771.0;76.0;447.0;659.0;1167.0;798.0;762.0;460.0;145.0;749.0;696.0;533.0;1002.0;810.0;606.0;974.0;1071.0;500.0;759.0;696.0;459.0;349.0;478.0;446.0;72.0;321.0;685.0;452.0;893.0;490.0;364.0;428.0;591.0;993.0;646.0;904.0;460.0;732.0;718.0;451.0;502.0;664.0;251.0;774.0;900.0;986.0;807.0;696.0;742.0;871.0;511.0;320.0;317.0;384.0;954.0;748.0;920.0;712.0;746.0;663.0;501.0;740.0;916.0;780.0;655.0;455.0;655.0;580.0;658.0;488.0;663.0;742.0;438.0;670.0;553.0;678.0;413.0;566.0;487.0;899.0;785.0;419.0;692.0;384.0;721.0;644.0;829.0;479.0;950.0;576.0;1003.0;547.0;865.0;595.0;653.0;478.0;874.0;670.0;913.0;746.0;607.0;755.0;668.0;709.0;922.0;950.0;541.0;821.0;542.0;990.0;552.0;641.0;648.0;777.0;563.0;921.0;542.0;812.0;716.0;571.0;777.0;945.0;797.0;797.0;472.0;700.0;676.0;402.0;760.0;542.0;749.0;733.0;647.0;999.0;1004.0;843.0;732.0;722.0;603.0;534.0;748.0;1015.0;365.0;608.0;444.0;619.0;762.0;612.0
