Vehicle:
Average speed:;1278
Time limit:;2718.29
Fuel comsumption rate:;1
Fuel Capacity:;1151.62
Depot:
ID;X;Y;Service Time
0;500;500;0
Customers:
ID;X;Y;Service Time
1;740;442;11.9439
2;261;710;11.9439
3;578;522;11.9439
4;482;914;11.9439
5;628;644;11.9439
6;551;651;11.9439
7;828;54;11.9439
8;541;270;11.9439
9;450;1000;11.9439
10;521;127;11.9439
11;738;809;11.9439
12;323;289;11.9439
13;803;214;11.9439
14;556;488;11.9439
15;758;937;11.9439
16;875;326;11.9439
17;113;509;11.9439
18;491;726;11.9439
19;415;355;11.9439
20;946;632;11.9439
21;136;120;11.9439
22;117;971;11.9439
23;817;246;11.9439
24;491;845;11.9439
25;454;801;11.9439
26;676;995;11.9439
27;145;557;11.9439
28;166;494;11.9439
29;977;318;11.9439
30;363;711;11.9439
31;164;501;11.9439
32;833;501;11.9439
33;444;958;11.9439
34;828;672;11.9439
35;714;57;11.9439
36;51;676;11.9439
37;922;16;11.9439
38;673;571;11.9439
39;211;471;11.9439
40;590;220;11.9439
41;305;311;11.9439
42;953;745;11.9439
43;154;753;11.9439
44;918;227;11.9439
45;819;671;11.9439
46;675;667;11.9439
47;617;176;11.9439
48;706;179;11.9439
49;512;443;11.9439
50;302;453;11.9439
51;753;786;11.9439
52;331;450;11.9439
53;765;990;11.9439
54;249;360;11.9439
55;292;887;11.9439
56;371;804;11.9439
57;786;186;11.9439
58;382;284;11.9439
59;44;552;11.9439
60;107;895;11.9439
61;108;928;11.9439
62;523;264;11.9439
63;397;120;11.9439
64;25;769;11.9439
65;98;623;11.9439
66;946;978;11.9439
67;815;696;11.9439
68;314;361;11.9439
69;447;695;11.9439
70;878;243;11.9439
71;341;648;11.9439
72;363;0;11.9439
73;675;83;11.9439
74;998;520;11.9439
75;98;111;11.9439
76;267;902;11.9439
77;628;746;11.9439
78;940;409;11.9439
79;786;488;11.9439
80;323;674;11.9439
81;986;151;11.9439
82;790;150;11.9439
83;180;944;11.9439
84;533;816;11.9439
85;750;789;11.9439
86;589;125;11.9439
87;640;911;11.9439
88;99;216;11.9439
89;754;659;11.9439
90;828;357;11.9439
91;597;587;11.9439
92;929;655;11.9439
93;159;781;11.9439
94;955;6;11.9439
95;63;435;11.9439
96;130;302;11.9439
97;954;687;11.9439
98;866;879;11.9439
99;131;686;11.9439
100;519;220;11.9439
101;454;928;11.9439
102;415;916;11.9439
103;468;833;11.9439
104;109;859;11.9439
105;806;568;11.9439
106;907;703;11.9439
108;622;561;11.9439
AFSs:
ID;X;Y;Service Time
107;821;135;639
109;482;689;639
Distance matrix:
;0;1;2;3;4;5;6;7;8;9;10;11;12;13;14;15;16;17;18;19;20;21;22;23;24;25;26;27;28;29;30;31;32;33;34;35;36;37;38;39;40;41;42;43;44;45;46;47;48;49;50;51;52;53;54;55;56;57;58;59;60;61;62;63;64;65;66;67;68;69;70;71;72;73;74;75;76;77;78;79;80;81;82;83;84;85;86;87;88;89;90;91;92;93;94;95;96;97;98;99;100;101;102;103;104;105;106;107;108;109
0;0.0;247.0;318.0;81.0;414.0;193.0;159.0;554.0;234.0;502.0;374.0;390.0;275.0;417.0;57.0;507.0;413.0;387.0;226.0;168.0;465.0;526.0;607.0;406.0;345.0;304.0;525.0;360.0;334.0;511.0;252.0;336.0;333.0;461.0;370.0;492.0;482.0;642.0;187.0;290.0;294.0;272.0;515.0;429.0;499.0;362.0;242.0;344.0;381.0;58.0;204.0;382.0;176.0;557.0;287.0;439.0;330.0;425.0;246.0;459.0;557.0;580.0;237.0;394.0;546.0;420.0;654.0;371.0;232.0;202.0;457.0;217.0;518.0;452.0;498.0;559.0;465.0;277.0;449.0;286.0;248.0;598.0;455.0;547.0;318.0;382.0;385.0;434.0;491.0;300.0;358.0;130.0;456.0;442.0;672.0;442.0;420.0;491.0;527.0;413.0;281.0;430.0;425.0;335.0;531.0;313.0;455.0;486.0;136.0;190.0
1;247.0;0.0;549.0;181.0;538.0;231.0;282.0;398.0;263.0;629.0;384.0;367.0;444.0;237.0;190.0;495.0;178.0;631.0;378.0;336.0;280.0;684.0;817.0;211.0;474.0;459.0;557.0;606.0;576.0;267.0;463.0;579.0;110.0;595.0;246.0;386.0;728.0;463.0;145.0;530.0;268.0;454.0;370.0;663.0;279.0;242.0;234.0;293.0;265.0;228.0;438.0;344.0;409.0;549.0;498.0;631.0;517.0;260.0;391.0;705.0;778.0;797.0;281.0;470.0;786.0;667.0;574.0;265.0;434.0;387.0;242.0;449.0;581.0;365.0;270.0;722.0;660.0;324.0;203.0;65.0;477.0;381.0;296.0;752.0;427.0;347.0;351.0;480.0;680.0;217.0;122.0;204.0;285.0;673.0;486.0;677.0;626.0;325.0;455.0;656.0;313.0;564.0;575.0;476.0;756.0;142.0;310.0;318.0;168.0;357.0
2;318.0;549.0;0.0;369.0;301.0;373.0;296.0;867.0;522.0;346.0;638.0;487.0;426.0;735.0;369.0;546.0;724.0;250.0;231.0;387.0;689.0;603.0;298.0;724.0;267.0;213.0;503.0;192.0;236.0;816.0;102.0;230.0;609.0;308.0;568.0;795.0;213.0;958.0;435.0;244.0;590.0;401.0;693.0;115.0;815.0;559.0;416.0;642.0;693.0;366.0;260.0;498.0;269.0;577.0;350.0;180.0;145.0;742.0;443.0;268.0;241.0;266.0;517.0;605.0;243.0;185.0;736.0;554.0;353.0;187.0;774.0;101.0;717.0;751.0;761.0;621.0;192.0;369.0;743.0;570.0;72.0;915.0;770.0;248.0;292.0;495.0;671.0;429.0;520.0;496.0;668.0;358.0;670.0;124.0;989.0;339.0;429.0;693.0;628.0;132.0;554.0;291.0;257.0;241.0;213.0;563.0;646.0;803.0;391.0;222.0
3;81.0;181.0;369.0;0.0;404.0;132.0;132.0;531.0;255.0;495.0;399.0;329.0;345.0;381.0;40.0;452.0;356.0;465.0;222.0;233.0;384.0;597.0;644.0;365.0;335.0;305.0;483.0;434.0;413.0;448.0;286.0;415.0;256.0;456.0;292.0;484.0;549.0;612.0;107.0;371.0;302.0;345.0;436.0;483.0;450.0;283.0;174.0;348.0;366.0;103.0;284.0;317.0;257.0;504.0;367.0;464.0;350.0;395.0;308.0;535.0;601.0;621.0;264.0;441.0;606.0;491.0;586.0;294.0;309.0;217.0;410.0;268.0;565.0;450.0;420.0;632.0;491.0;230.0;379.0;211.0;297.0;551.0;428.0;580.0;297.0;318.0;397.0;394.0;568.0;223.0;300.0;68.0;375.0;493.0;639.0;522.0;499.0;411.0;459.0;476.0;308.0;425.0;426.0;330.0;578.0;233.0;376.0;457.0;59.0;193.0
4;414.0;538.0;301.0;404.0;0.0;307.0;272.0;927.0;647.0;92.0;788.0;277.0;645.0;770.0;432.0;277.0;707.0;548.0;188.0;563.0;543.0;866.0;369.0;747.0;70.0;116.0;210.0;491.0;526.0;775.0;235.0;521.0;542.0;58.0;422.0;888.0;492.0;1000.0;393.0;519.0;702.0;628.0;500.0;365.0;814.0;415.0;313.0;750.0;768.0;472.0;495.0;300.0;488.0;293.0;601.0;192.0;156.0;789.0;638.0;568.0;375.0;374.0;651.0;799.0;479.0;482.0;468.0;398.0;578.0;222.0;779.0;301.0;922.0;853.0;649.0;890.0;215.0;223.0;682.0;523.0;288.0;914.0;824.0;303.0;110.0;296.0;796.0;158.0;796.0;373.0;656.0;347.0;517.0;349.0;1024.0;636.0;706.0;524.0;386.0;419.0;695.0;31.0;67.0;82.0;377.0;474.0;474.0;850.0;380.0;225.0
5;193.0;231.0;373.0;132.0;307.0;0.0;77.0;623.0;384.0;398.0;528.0;198.0;468.0;464.0;172.0;321.0;403.0;532.0;160.0;359.0;318.0;719.0;607.0;441.0;243.0;234.0;354.0;491.0;486.0;478.0;273.0;486.0;250.0;364.0;202.0;593.0;578.0;693.0;86.0;451.0;426.0;464.0;340.0;486.0;508.0;193.0;52.0;468.0;471.0;232.0;378.0;189.0;355.0;372.0;474.0;415.0;303.0;484.0;436.0;591.0;578.0;592.0;394.0;573.0;616.0;530.0;461.0;194.0;423.0;188.0;473.0;287.0;696.0;563.0;390.0;752.0;444.0;102.0;391.0;222.0;306.0;609.0;520.0;539.0;196.0;189.0;520.0;267.0;680.0;127.0;350.0;65.0;301.0;489.0;717.0;602.0;604.0;329.0;334.0;499.0;438.0;333.0;345.0;248.0;562.0;194.0;285.0;544.0;83.0;153.0
6;159.0;282.0;296.0;132.0;272.0;77.0;0.0;658.0;381.0;363.0;525.0;245.0;428.0;504.0;163.0;353.0;459.0;460.0;96.0;326.0;395.0;674.0;539.0;485.0;203.0;179.0;366.0;417.0;416.0;541.0;197.0;415.0;319.0;325.0;278.0;616.0;501.0;735.0;146.0;385.0;433.0;420.0;413.0;410.0;561.0;269.0;125.0;480.0;497.0;212.0;318.0;243.0;298.0;401.0;419.0;350.0;236.0;521.0;404.0;517.0;507.0;522.0;388.0;553.0;539.0;454.0;513.0;268.0;375.0;113.0;523.0;210.0;678.0;581.0;466.0;705.0;379.0;122.0;458.0;286.0;229.0;663.0;555.0;473.0;166.0;242.0;527.0;275.0;627.0;203.0;404.0;79.0;378.0;413.0;761.0;534.0;547.0;405.0;389.0;421.0;432.0;293.0;298.0;200.0;488.0;268.0;360.0;582.0;115.0;79.0
7;554.0;398.0;867.0;531.0;927.0;623.0;658.0;0.0;359.0;1019.0;316.0;760.0;557.0;162.0;512.0;886.0;276.0;847.0;752.0;511.0;590.0;695.0;1160.0;192.0;860.0;835.0;953.0;848.0;795.0;303.0;805.0;800.0;447.0;982.0;618.0;114.0;995.0;101.0;540.0;745.0;290.0;583.0;702.0;971.0;195.0;617.0;632.0;244.0;175.0;501.0;660.0;736.0;635.0;938.0;655.0;991.0;878.0;139.0;502.0;929.0;1108.0;1132.0;370.0;436.0;1075.0;926.0;932.0;642.0;599.0;746.0;196.0;768.0;468.0;156.0;496.0;732.0;1017.0;720.0;372.0;436.0;800.0;185.0;103.0;1101.0;817.0;739.0;249.0;877.0;747.0;610.0;303.0;581.0;609.0;988.0;136.0;855.0;741.0;645.0;826.0;941.0;351.0;951.0;956.0;858.0;1079.0;514.0;654.0;81.0;547.0;723.0
8;234.0;263.0;522.0;255.0;647.0;384.0;381.0;359.0;0.0;736.0;144.0;574.0;219.0;268.0;219.0;701.0;339.0;490.0;459.0;152.0;543.0;432.0;819.0;277.0;577.0;538.0;737.0;489.0;437.0;439.0;476.0;442.0;372.0;695.0;494.0;274.0;636.0;458.0;329.0;386.0;70.0;240.0;629.0;619.0;379.0;488.0;419.0;121.0;188.0;175.0;301.0;558.0;277.0;754.0;306.0;665.0;560.0;259.0;160.0;571.0;761.0;788.0;19.0;208.0;718.0;566.0;816.0;507.0;245.0;435.0;338.0;428.0;323.0;230.0;521.0;471.0;689.0;484.0;423.0;328.0;459.0;461.0;276.0;765.0;546.0;560.0;153.0;649.0;445.0;443.0;300.0;322.0;547.0;638.0;491.0;506.0;412.0;587.0;690.0;584.0;55.0;664.0;658.0;568.0;730.0;399.0;567.0;311.0;302.0;423.0
9;502.0;629.0;346.0;495.0;92.0;398.0;363.0;1019.0;736.0;0.0;876.0;346.0;722.0;862.0;523.0;314.0;797.0;596.0;277.0;646.0;618.0;934.0;334.0;839.0;160.0;199.0;226.0;538.0;580.0;862.0;302.0;575.0;629.0;42.0;500.0;979.0;514.0;1091.0;483.0;580.0;792.0;704.0;564.0;386.0;904.0;494.0;402.0;841.0;860.0;560.0;567.0;371.0;563.0;315.0;671.0;194.0;211.0;881.0;719.0;605.0;359.0;349.0;740.0;882.0;484.0;516.0;496.0;475.0;653.0;305.0;870.0;368.0;1004.0;944.0;728.0;956.0;208.0;310.0;768.0;612.0;350.0;1004.0;915.0;276.0;202.0;367.0;886.0;210.0;859.0;457.0;746.0;438.0;590.0;364.0;1115.0;685.0;768.0;593.0;433.0;448.0;783.0;72.0;91.0;168.0;369.0;560.0;545.0;941.0;471.0;313.0
10;374.0;384.0;638.0;399.0;788.0;528.0;525.0;316.0;144.0;876.0;0.0;716.0;256.0;295.0;363.0;844.0;406.0;559.0;600.0;251.0;660.0;385.0;936.0;319.0;719.0;677.0;882.0;571.0;511.0;494.0;605.0;517.0;487.0;835.0;626.0;205.0;723.0;416.0;469.0;463.0;116.0;284.0;754.0;726.0;409.0;620.0;562.0;108.0;192.0;316.0;393.0;699.0;375.0;897.0;358.0;794.0;693.0;271.0;210.0;639.0;872.0;901.0;137.0;124.0;811.0;652.0;951.0;640.0;312.0;573.0;375.0;551.0;203.0;160.0;618.0;423.0;816.0;628.0;505.0;448.0;582.0;466.0;270.0;885.0;689.0;700.0;68.0;793.0;431.0;581.0;384.0;466.0;667.0;748.0;451.0;552.0;428.0;708.0;827.0;682.0;93.0;804.0;796.0;708.0;840.0;525.0;693.0;300.0;446.0;563.0
11;390.0;367.0;487.0;329.0;277.0;198.0;245.0;760.0;574.0;346.0;716.0;0.0;665.0;599.0;369.0;130.0;502.0;693.0;261.0;557.0;273.0;915.0;642.0;569.0;250.0;284.0;196.0;644.0;653.0;546.0;388.0;651.0;322.0;330.0;164.0;752.0;700.0;814.0;247.0;626.0;607.0;660.0;224.0;587.0;609.0;160.0;155.0;644.0;631.0;430.0;563.0;27.0;543.0;183.0;664.0;453.0;367.0;625.0;634.0;740.0;637.0;641.0;586.0;769.0;714.0;666.0;268.0;137.0;617.0;313.0;583.0;428.0;892.0;729.0;389.0;947.0;480.0;127.0;448.0;325.0;436.0;703.0;661.0;574.0;205.0;23.0;700.0;141.0;872.0;151.0;461.0;263.0;245.0;580.0;832.0;772.0;792.0;248.0;146.0;619.0;628.0;308.0;340.0;271.0;631.0;250.0;199.0;679.0;274.0;283.0
12;275.0;444.0;426.0;345.0;645.0;468.0;428.0;557.0;219.0;722.0;256.0;665.0;0.0;486.0;306.0;780.0;553.0;304.0;468.0;113.0;711.0;252.0;712.0;496.0;581.0;528.0;789.0;322.0;258.0;655.0;424.0;265.0;552.0;680.0;634.0;455.0;473.0;658.0;449.0;214.0;276.0;28.0;778.0;494.0;598.0;626.0;517.0;315.0;398.0;244.0;165.0;657.0;161.0;829.0;103.0;599.0;517.0;474.0;59.0;383.0;643.0;674.0;202.0;184.0;565.0;403.0;929.0;639.0;73.0;425.0;557.0;359.0;292.0;408.0;713.0;287.0;616.0;549.0;629.0;504.0;385.0;677.0;487.0;670.0;567.0;658.0;312.0;698.0;236.0;568.0;510.0;405.0;708.0;519.0;692.0;298.0;193.0;746.0;802.0;441.0;208.0;652.0;634.0;563.0;609.0;558.0;716.0;521.0;404.0;430.0
13;417.0;237.0;735.0;381.0;770.0;464.0;504.0;162.0;268.0;862.0;295.0;599.0;486.0;0.0;369.0;724.0;133.0;750.0;600.0;413.0;442.0;674.0;1022.0;35.0;704.0;683.0;791.0;742.0;696.0;203.0;664.0;700.0;289.0;826.0;459.0;180.0;883.0;231.0;380.0;645.0;213.0;507.0;552.0;844.0;116.0;457.0;471.0;190.0;103.0;370.0;555.0;574.0;528.0;777.0;573.0;845.0;731.0;33.0;427.0;831.0;974.0;996.0;284.0;417.0;956.0;815.0;777.0;482.0;511.0;598.0;80.0;634.0;489.0;183.0;363.0;712.0;872.0;560.0;238.0;275.0;665.0;194.0;65.0;960.0;660.0;577.0;232.0;716.0;704.0;448.0;145.0;426.0;459.0;858.0;258.0;772.0;679.0;497.0;668.0;821.0;284.0;795.0;802.0;704.0;947.0;354.0;500.0;81.0;391.0;573.0
14;57.0;190.0;369.0;40.0;432.0;172.0;163.0;512.0;219.0;523.0;363.0;369.0;306.0;369.0;0.0;492.0;358.0;443.0;247.0;194.0;416.0;558.0;653.0;356.0;363.0;329.0;521.0;417.0;390.0;454.0;295.0;392.0;277.0;483.0;328.0;459.0;539.0;597.0;143.0;345.0;270.0;307.0;473.0;481.0;446.0;320.0;215.0;318.0;343.0;63.0;256.0;357.0;228.0;544.0;333.0;478.0;366.0;380.0;268.0;516.0;606.0;628.0;226.0;401.0;601.0;477.0;626.0;332.0;273.0;234.0;405.0;268.0;525.0;422.0;443.0;593.0;505.0;268.0;392.0;230.0;298.0;546.0;411.0;591.0;329.0;358.0;364.0;431.0;532.0;262.0;302.0;107.0;409.0;493.0;626.0;496.0;465.0;445.0;499.0;469.0;271.0;452.0;451.0;356.0;581.0;262.0;412.0;441.0;98.0;214.0
15;507.0;495.0;546.0;452.0;277.0;321.0;353.0;886.0;701.0;314.0;844.0;130.0;780.0;724.0;492.0;0.0;622.0;774.0;340.0;676.0;358.0;1027.0;642.0;694.0;282.0;333.0;100.0;721.0;739.0;657.0;455.0;737.0;442.0;315.0;274.0;881.0;754.0;935.0;376.0;719.0;736.0;773.0;274.0;631.0;728.0;273.0;282.0;774.0;760.0;552.0;665.0;151.0;648.0;53.0;769.0;469.0;409.0;752.0;754.0;811.0;652.0;650.0;713.0;893.0;752.0;731.0;192.0;248.0;727.0;394.0;704.0;507.0;1017.0;858.0;481.0;1057.0;492.0;231.0;558.0;450.0;508.0;818.0;788.0;578.0;255.0;148.0;829.0;121.0;977.0;278.0;584.0;385.0;330.0;619.0;952.0;857.0;893.0;318.0;123.0;675.0;756.0;304.0;344.0;308.0;654.0;372.0;277.0;804.0;400.0;371.0
16;413.0;178.0;724.0;356.0;707.0;403.0;459.0;276.0;339.0;797.0;406.0;502.0;553.0;133.0;358.0;622.0;0.0;784.0;554.0;461.0;314.0;767.0;995.0;99.0;646.0;635.0;698.0;766.0;729.0;102.0;641.0;732.0;180.0;765.0;349.0;313.0;895.0;314.0;318.0;680.0;304.0;570.0;426.0;838.0;108.0;350.0;395.0;298.0;224.0;381.0;587.0;476.0;558.0;673.0;627.0;809.0;695.0;166.0;495.0;861.0;956.0;975.0;357.0;520.0;959.0;832.0;656.0;375.0;562.0;565.0;83.0;624.0;607.0;315.0;230.0;806.0;838.0;487.0;105.0;185.0;653.0;207.0;195.0;930.0;598.0;480.0;350.0;630.0;784.0;354.0;56.0;381.0;333.0;848.0;330.0;819.0;745.0;370.0;553.0;827.0;371.0;735.0;748.0;650.0;933.0;252.0;378.0;198.0;345.0;535.0
17;387.0;631.0;250.0;465.0;548.0;532.0;460.0;847.0;490.0;596.0;559.0;693.0;304.0;750.0;443.0;774.0;784.0;0.0;436.0;339.0;842.0;390.0;462.0;752.0;506.0;449.0;744.0;58.0;55.0;885.0;321.0;52.0;720.0;558.0;733.0;752.0;178.0;947.0;563.0;105.0;558.0;276.0;873.0;247.0;853.0;724.0;584.0;604.0;679.0;404.0;197.0;697.0;226.0;810.0;202.0;418.0;392.0;746.0;351.0;81.0;386.0;419.0;478.0;482.0;274.0;115.0;956.0;726.0;250.0;382.0;810.0;267.0;567.0;705.0;885.0;398.0;422.0;567.0;833.0;673.0;267.0;944.0;766.0;440.0;520.0;696.0;612.0;663.0;293.0;658.0;731.0;490.0;829.0;276.0;981.0;89.0;208.0;860.0;839.0;178.0;498.0;540.0;507.0;481.0;350.0;696.0;817.0;801.0;512.0;411.0
18;226.0;378.0;231.0;222.0;188.0;160.0;96.0;752.0;459.0;277.0;600.0;261.0;468.0;600.0;247.0;340.0;554.0;436.0;0.0;379.0;465.0;702.0;447.0;580.0;119.0;84.0;326.0;385.0;399.0;635.0;129.0;397.0;409.0;237.0;341.0;705.0;443.0;831.0;239.0;379.0;516.0;455.0;462.0;338.0;657.0;333.0;193.0;564.0;588.0;284.0;332.0;269.0;319.0;380.0;439.0;256.0;143.0;615.0;455.0;480.0;420.0;433.0;463.0;613.0;468.0;406.0;520.0;325.0;406.0;54.0;619.0;169.0;737.0;669.0;547.0;730.0;285.0;138.0;550.0;379.0;176.0;759.0;649.0;380.0;99.0;267.0;609.0;238.0;643.0;271.0;500.0;175.0;444.0;337.0;857.0;518.0;557.0;465.0;405.0;362.0;507.0;205.0;205.0;109.0;404.0;352.0;417.0;677.0;211.0;38.0
19;168.0;336.0;387.0;233.0;563.0;359.0;326.0;511.0;152.0;646.0;251.0;557.0;113.0;413.0;194.0;676.0;461.0;339.0;379.0;0.0;599.0;365.0;684.0;417.0;496.0;448.0;691.0;337.0;285.0;563.0;360.0;290.0;443.0;604.0;521.0;422.0;485.0;610.0;336.0;235.0;221.0;118.0;664.0;476.0;519.0;513.0;406.0;270.0;340.0;131.0;150.0;548.0;127.0;725.0;166.0;546.0;451.0;408.0;78.0;420.0;622.0;650.0;141.0;236.0;569.0;415.0;819.0;526.0;101.0;342.0;476.0;302.0;359.0;376.0;606.0;400.0;567.0;445.0;528.0;394.0;332.0;606.0;427.0;634.0;476.0;548.0;288.0;600.0;345.0;455.0;413.0;295.0;595.0;497.0;643.0;361.0;290.0;633.0;691.0;436.0;170.0;574.0;561.0;481.0;590.0;445.0;603.0;462.0;292.0;341.0
20;465.0;280.0;689.0;384.0;543.0;318.0;395.0;590.0;543.0;618.0;660.0;273.0;711.0;442.0;416.0;358.0;314.0;842.0;465.0;599.0;0.0;958.0;896.0;407.0;502.0;520.0;452.0;805.0;792.0;316.0;588.0;793.0;173.0;599.0;125.0;620.0;896.0;616.0;280.0;752.0;544.0;717.0;113.0;801.0;406.0;133.0;273.0;562.0;513.0;473.0;668.0;247.0;641.0;401.0;748.0;702.0;600.0;474.0;663.0;906.0;879.0;889.0;561.0;751.0;931.0;848.0;346.0;146.0;688.0;503.0;395.0;605.0;860.0;612.0;123.0;995.0;731.0;338.0;223.0;215.0;624.0;483.0;507.0;827.0;452.0;251.0;620.0;414.0;944.0;194.0;299.0;352.0;29.0;801.0;626.0;905.0;880.0;56.0;260.0;817.0;593.0;574.0;602.0;519.0;867.0;154.0;81.0;512.0;332.0;467.0
21;526.0;684.0;603.0;597.0;866.0;719.0;674.0;695.0;432.0;934.0;385.0;915.0;252.0;674.0;558.0;1027.0;767.0;390.0;702.0;365.0;958.0;0.0;851.0;693.0;807.0;752.0;1028.0;437.0;375.0;864.0;633.0;382.0;794.0;893.0;885.0;581.0;562.0;793.0;701.0;359.0;465.0;255.0;1029.0;633.0;789.0;878.0;768.0;484.0;573.0;496.0;372.0;908.0;383.0;1074.0;265.0;783.0;723.0;653.0;296.0;442.0;776.0;808.0;413.0;261.0;658.0;504.0;1180.0;890.0;300.0;654.0;752.0;566.0;257.0;540.0;950.0;39.0;793.0;796.0;854.0;747.0;585.0;851.0;655.0;825.0;801.0;908.0;453.0;938.0;103.0;820.0;731.0;656.0;957.0;661.0;827.0;323.0;182.0;995.0;1053.0;566.0;396.0;868.0;843.0;787.0;739.0;806.0;967.0;685.0;656.0;666.0
22;607.0;817.0;298.0;644.0;369.0;607.0;539.0;1160.0;819.0;334.0;936.0;642.0;712.0;1022.0;653.0;642.0;995.0;462.0;447.0;684.0;896.0;851.0;0.0;1008.0;395.0;377.0;560.0;415.0;480.0;1080.0;358.0;472.0;856.0;327.0;771.0;1092.0;302.0;1249.0;685.0;509.0;888.0;686.0;866.0;221.0;1093.0;763.0;635.0;939.0;987.0;659.0;550.0;662.0;563.0;648.0;625.0;194.0;304.0;1031.0;736.0;425.0;77.0;44.0;815.0;896.0;222.0;349.0;829.0;750.0;641.0;430.0;1053.0;393.0;1002.0;1049.0;990.0;860.0;165.0;558.0;997.0;825.0;361.0;1195.0;1062.0;69.0;444.0;659.0;969.0;526.0;755.0;709.0;939.0;615.0;871.0;195.0;1278.0;539.0;669.0;884.0;755.0;285.0;852.0;340.0;303.0;377.0;112.0;798.0;834.0;1093.0;650.0;461.0
23;406.0;211.0;724.0;365.0;747.0;441.0;485.0;192.0;277.0;839.0;319.0;569.0;496.0;35.0;356.0;694.0;99.0;752.0;580.0;417.0;407.0;693.0;1008.0;0.0;682.0;663.0;762.0;740.0;697.0;175.0;650.0;701.0;256.0;804.0;426.0;215.0;878.0;253.0;355.0;646.0;228.0;516.0;517.0;835.0;103.0;425.0;444.0;212.0;130.0;363.0;555.0;544.0;527.0;746.0;579.0;829.0;714.0;68.0;437.0;831.0;962.0;984.0;295.0;438.0;949.0;812.0;743.0;450.0;516.0;582.0;61.0;623.0;516.0;216.0;328.0;732.0;856.0;535.0;204.0;244.0;654.0;194.0;100.0;945.0;637.0;547.0;258.0;688.0;719.0;418.0;112.0;406.0;424.0;848.0;277.0;777.0;689.0;462.0;635.0;815.0;299.0;773.0;781.0;683.0;937.0;322.0;466.0;111.0;370.0;555.0
24;345.0;474.0;267.0;335.0;70.0;243.0;203.0;860.0;577.0;160.0;719.0;250.0;581.0;704.0;363.0;282.0;646.0;506.0;119.0;496.0;502.0;807.0;395.0;682.0;0.0;57.0;238.0;450.0;478.0;717.0;185.0;475.0;485.0;122.0;379.0;819.0;471.0;934.0;329.0;467.0;633.0;565.0;473.0;349.0;751.0;371.0;256.0;681.0;700.0;403.0;435.0;269.0;426.0;310.0;542.0;203.0;127.0;722.0;571.0;534.0;387.0;392.0;582.0;731.0;472.0;451.0;474.0;357.0;515.0;156.0;716.0;248.0;855.0;784.0;602.0;833.0;231.0;169.0;626.0;463.0;240.0;852.0;757.0;326.0;51.0;265.0;727.0;163.0;741.0;322.0;593.0;279.0;477.0;338.0;959.0;593.0;652.0;489.0;377.0;394.0;626.0;91.0;104.0;26.0;382.0;419.0;440.0;783.0;313.0;156.0
25;304.0;459.0;213.0;305.0;116.0;234.0;179.0;835.0;538.0;199.0;677.0;284.0;528.0;683.0;329.0;333.0;635.0;449.0;84.0;448.0;520.0;752.0;377.0;663.0;57.0;0.0;295.0;394.0;421.0;712.0;128.0;417.0;483.0;157.0;396.0;788.0;422.0;914.0;318.0;410.0;597.0;512.0;502.0;304.0;738.0;387.0;258.0;646.0;671.0;363.0;380.0;299.0;372.0;364.0;486.0;183.0;83.0;699.0;522.0;480.0;360.0;369.0;541.0;683.0;430.0;398.0;523.0;376.0;462.0;106.0;701.0;190.0;806.0;751.0;612.0;776.0;213.0;182.0;624.0;456.0;182.0;840.0;733.0;309.0;80.0;296.0;689.0;216.0;684.0;332.0;581.0;257.0;497.0;296.0;940.0;536.0;595.0;513.0;419.0;343.0;585.0;127.0;121.0;35.0;350.0;422.0;463.0;760.0;293.0;115.0
26;525.0;557.0;503.0;483.0;210.0;354.0;366.0;953.0;737.0;226.0;882.0;196.0;789.0;791.0;521.0;100.0;698.0;744.0;326.0;691.0;452.0;1028.0;560.0;762.0;238.0;295.0;0.0;688.0;715.0;741.0;423.0;711.0;518.0;235.0;357.0;939.0;702.0;1009.0;424.0;701.0;780.0;778.0;373.0;575.0;805.0;354.0;328.0;821.0;817.0;576.0;659.0;223.0;645.0;89.0;765.0;399.0;360.0;816.0;769.0;772.0;578.0;572.0;747.0;918.0;689.0;687.0;271.0;330.0;730.0;377.0;779.0;482.0;1043.0;912.0;574.0;1056.0;419.0;254.0;643.0;519.0;477.0;899.0;853.0;499.0;229.0;219.0;874.0;91.0;969.0;345.0;656.0;416.0;424.0;560.0;1028.0;830.0;882.0;415.0;223.0;627.0;791.0;232.0;273.0;264.0;583.0;446.0;372.0;872.0;437.0;362.0
27;360.0;606.0;192.0;434.0;491.0;491.0;417.0;848.0;489.0;538.0;571.0;644.0;322.0;742.0;417.0;721.0;766.0;58.0;385.0;337.0;805.0;437.0;415.0;740.0;450.0;394.0;688.0;0.0;66.0;866.0;267.0;59.0;690.0;500.0;693.0;757.0;152.0;947.0;528.0;108.0;558.0;293.0;830.0;196.0;840.0;684.0;541.0;607.0;676.0;384.0;188.0;650.0;215.0;756.0;223.0;361.0;335.0;741.0;362.0;101.0;340.0;373.0;478.0;504.0;244.0;81.0;905.0;684.0;259.0;332.0;797.0;216.0;598.0;711.0;854.0;448.0;366.0;519.0;809.0;645.0;213.0;934.0;763.0;389.0;467.0;648.0;619.0;609.0;344.0;617.0;712.0;453.0;790.0;224.0;980.0;147.0;255.0;819.0;790.0;130.0;503.0;483.0;449.0;425.0;304.0;661.0;776.0;797.0;477.0;362.0
28;334.0;576.0;236.0;413.0;526.0;486.0;416.0;795.0;437.0;580.0;511.0;653.0;258.0;696.0;390.0;739.0;729.0;55.0;399.0;285.0;792.0;375.0;480.0;697.0;478.0;421.0;715.0;66.0;0.0;830.0;293.0;7.0;667.0;541.0;686.0;701.0;215.0;894.0;513.0;51.0;505.0;230.0;826.0;259.0;798.0;677.0;538.0;552.0;625.0;350.0;142.0;656.0;171.0;778.0;158.0;413.0;372.0;692.0;301.0;135.0;405.0;438.0;425.0;440.0;309.0;146.0;918.0;680.0;199.0;345.0;755.0;233.0;532.0;654.0;832.0;389.0;420.0;526.0;779.0;620.0;239.0;889.0;713.0;450.0;488.0;654.0;561.0;631.0;286.0;611.0;676.0;441.0;780.0;287.0;928.0;119.0;195.0;811.0;799.0;195.0;447.0;521.0;490.0;454.0;369.0;644.0;770.0;747.0;461.0;371.0
29;511.0;267.0;816.0;448.0;775.0;478.0;541.0;303.0;439.0;862.0;494.0;546.0;655.0;203.0;454.0;657.0;102.0;885.0;635.0;563.0;316.0;864.0;1080.0;175.0;717.0;712.0;741.0;866.0;830.0;0.0;729.0;833.0;233.0;833.0;384.0;371.0;993.0;307.0;396.0;781.0;399.0;672.0;428.0;931.0;108.0;387.0;462.0;387.0;305.0;482.0;688.0;519.0;659.0;705.0;729.0;890.0;777.0;232.0;596.0;962.0;1044.0;1062.0;457.0;613.0;1053.0;930.0;661.0;411.0;664.0;650.0;124.0;717.0;691.0;383.0;203.0;903.0;919.0;552.0;98.0;256.0;745.0;167.0;251.0;1013.0;667.0;523.0;433.0;682.0;884.0;407.0;154.0;466.0;340.0;940.0;313.0;921.0;847.0;370.0;572.0;923.0;468.0;804.0;821.0;724.0;1023.0;303.0;391.0;240.0;430.0;619.0
30;252.0;463.0;102.0;286.0;235.0;273.0;197.0;805.0;476.0;302.0;605.0;388.0;424.0;664.0;295.0;455.0;641.0;321.0;129.0;360.0;588.0;633.0;358.0;650.0;185.0;128.0;423.0;267.0;293.0;729.0;0.0;289.0;515.0;260.0;467.0;742.0;314.0;892.0;340.0;284.0;541.0;404.0;591.0;213.0;736.0;458.0;315.0;592.0;633.0;307.0;265.0;397.0;263.0;489.0;369.0;190.0;93.0;674.0;427.0;356.0;315.0;335.0;475.0;592.0;343.0;279.0;641.0;452.0;353.0;86.0;696.0;67.0;711.0;701.0;663.0;656.0;214.0;267.0;651.0;478.0;54.0;838.0;705.0;296.0;200.0;395.0;628.0;342.0;561.0;394.0;584.0;265.0;569.0;216.0;921.0;408.0;471.0;591.0;530.0;233.0;515.0;235.0;211.0;161.0;294.0;466.0;544.0;736.0;299.0;121.0
31;336.0;579.0;230.0;415.0;521.0;486.0;415.0;800.0;442.0;575.0;517.0;651.0;265.0;700.0;392.0;737.0;732.0;52.0;397.0;290.0;793.0;382.0;472.0;701.0;475.0;417.0;711.0;59.0;7.0;833.0;289.0;0.0;669.0;536.0;686.0;707.0;208.0;900.0;514.0;56.0;510.0;237.0;826.0;252.0;802.0;677.0;537.0;558.0;630.0;353.0;146.0;654.0;175.0;775.0;165.0;407.0;367.0;697.0;308.0;130.0;398.0;431.0;430.0;447.0;302.0;139.0;916.0;680.0;205.0;343.0;759.0;230.0;539.0;660.0;834.0;396.0;414.0;525.0;781.0;622.0;235.0;893.0;718.0;443.0;485.0;653.0;567.0;628.0;292.0;611.0;679.0;441.0;780.0;280.0;933.0;121.0;202.0;812.0;797.0;188.0;453.0;516.0;485.0;450.0;362.0;645.0;770.0;752.0;462.0;369.0
32;333.0;110.0;609.0;256.0;542.0;250.0;319.0;447.0;372.0;629.0;487.0;322.0;552.0;289.0;277.0;442.0;180.0;720.0;409.0;443.0;173.0;794.0;856.0;256.0;485.0;483.0;518.0;690.0;667.0;233.0;515.0;669.0;0.0;600.0;171.0;460.0;801.0;493.0;175.0;623.0;371.0;561.0;272.0;724.0;287.0;171.0;229.0;390.0;346.0;326.0;533.0;296.0;505.0;494.0;601.0;665.0;552.0;318.0;500.0;791.0;826.0;841.0;390.0;579.0;851.0;745.0;490.0;196.0;538.0;432.0;262.0;513.0;687.0;447.0;166.0;832.0;694.0;319.0;141.0;49.0;539.0;382.0;354.0;789.0;435.0;300.0;448.0;453.0;787.0;177.0;144.0;251.0;181.0;730.0;510.0;773.0;731.0;222.0;379.0;726.0;421.0;571.0;589.0;493.0;808.0;72.0;215.0;366.0;219.0;398.0
33;461.0;595.0;308.0;456.0;58.0;364.0;325.0;982.0;695.0;42.0;835.0;330.0;680.0;826.0;483.0;315.0;765.0;558.0;237.0;604.0;599.0;893.0;327.0;804.0;122.0;157.0;235.0;500.0;541.0;833.0;260.0;536.0;600.0;0.0;479.0;941.0;484.0;1056.0;450.0;540.0;752.0;662.0;552.0;355.0;871.0;472.0;372.0;801.0;822.0;519.0;525.0;354.0;520.0;323.0;629.0;168.0;170.0;844.0;677.0;570.0;343.0;337.0;698.0;839.0;460.0;482.0;502.0;454.0;611.0;263.0;836.0;327.0;961.0;905.0;706.0;915.0;186.0;281.0;740.0;581.0;309.0;972.0;879.0;264.0;168.0;350.0;846.0;202.0;818.0;431.0;713.0;401.0;572.0;335.0;1080.0;647.0;727.0;578.0;429.0;415.0;742.0;32.0;51.0;127.0;349.0;532.0;529.0;905.0;435.0;272.0
34;370.0;246.0;568.0;292.0;422.0;202.0;278.0;618.0;494.0;500.0;626.0;164.0;634.0;459.0;328.0;274.0;349.0;733.0;341.0;521.0;125.0;885.0;771.0;426.0;379.0;396.0;357.0;693.0;686.0;384.0;467.0;686.0;171.0;479.0;0.0;625.0;777.0;663.0;185.0;649.0;511.0;635.0;145.0;679.0;454.0;9.0;153.0;539.0;508.0;390.0;570.0;136.0;544.0;324.0;658.0;578.0;476.0;488.0;591.0;793.0;755.0;764.0;509.0;700.0;809.0;732.0;328.0;27.0;601.0;382.0;432.0;488.0;817.0;609.0;228.0;921.0;606.0;213.0;286.0;189.0;505.0;544.0;523.0;703.0;328.0;141.0;597.0;304.0;860.0;75.0;315.0;246.0;102.0;678.0;678.0;801.0;790.0;127.0;210.0;697.0;548.0;453.0;480.0;394.0;743.0;106.0;85.0;537.0;234.0;346.0
35;492.0;386.0;795.0;484.0;888.0;593.0;616.0;114.0;274.0;979.0;205.0;752.0;455.0;180.0;459.0;881.0;313.0;752.0;705.0;422.0;620.0;581.0;1092.0;215.0;819.0;788.0;939.0;757.0;701.0;371.0;742.0;707.0;460.0;941.0;625.0;0.0;907.0;212.0;516.0;651.0;205.0;481.0;728.0;893.0;266.0;623.0;611.0;154.0;122.0;436.0;571.0;730.0;549.0;934.0;555.0;931.0;822.0;148.0;402.0;833.0;1035.0;1061.0;282.0;323.0;991.0;837.0;950.0;647.0;502.0;692.0;248.0;699.0;356.0;47.0;543.0;618.0;956.0;694.0;418.0;437.0;730.0;288.0;120.0;1035.0;780.0;733.0;142.0;857.0;635.0;603.0;321.0;543.0;635.0;912.0;246.0;753.0;633.0;674.0;836.0;858.0;254.0;909.0;910.0;814.0;1005.0;519.0;674.0;132.0;512.0;673.0
36;482.0;728.0;213.0;549.0;492.0;578.0;501.0;995.0;636.0;514.0;723.0;700.0;473.0;883.0;539.0;754.0;895.0;178.0;443.0;485.0;896.0;562.0;302.0;878.0;471.0;422.0;702.0;152.0;215.0;993.0;314.0;208.0;801.0;484.0;777.0;907.0;0.0;1093.0;631.0;260.0;706.0;445.0;905.0;129.0;976.0;768.0;624.0;755.0;822.0;517.0;336.0;711.0;360.0;780.0;373.0;320.0;345.0;883.0;513.0;124.0;226.0;258.0;627.0;655.0;97.0;71.0;945.0;764.0;410.0;396.0;933.0;291.0;745.0;861.0;960.0;567.0;313.0;581.0;928.0;759.0;272.0;1072.0;907.0;297.0;502.0;708.0;770.0;634.0;462.0;703.0;840.0;553.0;878.0;151.0;1125.0;241.0;382.0;903.0;840.0;81.0;653.0;475.0;436.0;446.0;192.0;763.0;856.0;941.0;582.0;431.0
37;642.0;463.0;958.0;612.0;1000.0;693.0;735.0;101.0;458.0;1091.0;416.0;814.0;658.0;231.0;597.0;935.0;314.0;947.0;831.0;610.0;616.0;793.0;1249.0;253.0;934.0;914.0;1009.0;947.0;894.0;307.0;892.0;900.0;493.0;1056.0;663.0;212.0;1093.0;0.0;608.0;844.0;390.0;684.0;730.0;1064.0;211.0;663.0;696.0;344.0;271.0;592.0;759.0;788.0;733.0;987.0;756.0;1075.0;962.0;218.0;603.0;1029.0;1199.0;1222.0;470.0;535.0;1171.0;1023.0;962.0;688.0;699.0;829.0;231.0;858.0;559.0;256.0;510.0;829.0;1102.0;787.0;393.0;491.0;890.0;149.0;188.0;1188.0;890.0;792.0;350.0;938.0;847.0;665.0;354.0;657.0;639.0;1080.0;34.0;956.0;842.0;672.0;865.0;1037.0;452.0;1025.0;1033.0;935.0;1171.0;564.0;687.0;156.0;622.0;804.0
38;187.0;145.0;435.0;107.0;393.0;86.0;146.0;540.0;329.0;483.0;469.0;247.0;449.0;380.0;143.0;376.0;318.0;563.0;239.0;336.0;280.0;701.0;685.0;355.0;329.0;318.0;424.0;528.0;513.0;396.0;340.0;514.0;175.0;450.0;185.0;516.0;631.0;608.0;0.0;473.0;361.0;451.0;330.0;550.0;422.0;177.0;96.0;399.0;393.0;206.0;389.0;229.0;363.0;429.0;474.0;495.0;381.0;401.0;409.0;629.0;652.0;668.0;342.0;529.0;678.0;577.0;490.0;189.0;416.0;258.0;387.0;341.0;650.0;488.0;329.0;736.0;524.0;181.0;312.0;140.0;365.0;524.0;437.0;618.0;282.0;231.0;454.0;342.0;675.0;120.0;264.0;78.0;269.0;555.0;631.0;625.0;606.0;304.0;363.0;554.0;383.0;419.0;431.0;333.0;633.0;133.0;269.0;460.0;52.0;225.0
39;290.0;530.0;244.0;371.0;519.0;451.0;385.0;745.0;386.0;580.0;463.0;626.0;214.0;645.0;345.0;719.0;680.0;105.0;379.0;235.0;752.0;359.0;509.0;646.0;467.0;410.0;701.0;108.0;51.0;781.0;284.0;56.0;623.0;540.0;649.0;651.0;260.0;844.0;473.0;0.0;455.0;186.0;791.0;288.0;748.0;640.0;504.0;502.0;575.0;302.0;93.0;627.0;122.0;759.0;117.0;424.0;369.0;642.0;253.0;186.0;437.0;468.0;374.0;397.0;351.0;189.0;893.0;645.0;151.0;325.0;705.0;220.0;495.0;605.0;789.0;377.0;435.0;500.0;732.0;575.0;232.0;838.0;662.0;474.0;472.0;626.0;512.0;615.0;279.0;575.0;627.0;403.0;741.0;314.0;877.0;152.0;187.0;774.0;772.0;229.0;397.0;518.0;490.0;444.0;401.0;603.0;734.0;696.0;421.0;348.0
40;294.0;268.0;590.0;302.0;702.0;426.0;433.0;290.0;70.0;792.0;116.0;607.0;276.0;213.0;270.0;736.0;304.0;558.0;516.0;221.0;544.0;465.0;888.0;228.0;633.0;597.0;780.0;558.0;505.0;399.0;541.0;510.0;371.0;752.0;511.0;205.0;706.0;390.0;361.0;455.0;0.0;299.0;638.0;689.0;328.0;506.0;455.0;52.0;123.0;236.0;370.0;589.0;346.0;790.0;369.0;731.0;624.0;199.0;218.0;639.0;830.0;856.0;80.0;217.0;788.0;636.0;837.0;526.0;310.0;496.0;289.0;495.0;316.0;161.0;506.0;504.0;755.0;527.0;398.0;332.0;527.0;402.0;212.0;832.0;599.0;591.0;95.0;693.0;491.0;469.0;275.0;367.0;551.0;707.0;423.0;569.0;467.0;592.0;714.0;654.0;71.0;721.0;718.0;625.0;800.0;410.0;578.0;246.0;342.0;481.0
41;272.0;454.0;401.0;345.0;628.0;464.0;420.0;583.0;240.0;704.0;284.0;660.0;28.0;507.0;307.0;773.0;570.0;276.0;455.0;118.0;717.0;255.0;686.0;516.0;565.0;512.0;778.0;293.0;230.0;672.0;404.0;237.0;561.0;662.0;635.0;481.0;445.0;684.0;451.0;186.0;299.0;0.0;780.0;467.0;619.0;628.0;513.0;340.0;422.0;246.0;142.0;653.0;141.0;820.0;74.0;576.0;497.0;497.0;82.0;355.0;617.0;648.0;223.0;212.0;537.0;374.0;925.0;639.0;51.0;409.0;577.0;339.0;316.0;435.0;724.0;288.0;592.0;542.0;643.0;513.0;363.0;700.0;511.0;645.0;554.0;653.0;339.0;687.0;227.0;568.0;525.0;402.0;713.0;492.0;718.0;272.0;175.0;750.0;798.0;413.0;233.0;635.0;615.0;547.0;582.0;563.0;718.0;545.0;404.0;417.0
42;515.0;370.0;693.0;436.0;500.0;340.0;413.0;702.0;629.0;564.0;754.0;224.0;778.0;552.0;473.0;274.0;426.0;873.0;462.0;664.0;113.0;1029.0;866.0;517.0;473.0;502.0;373.0;830.0;826.0;428.0;591.0;826.0;272.0;552.0;145.0;728.0;905.0;730.0;330.0;791.0;638.0;780.0;0.0;799.0;519.0;153.0;289.0;661.0;618.0;534.0;713.0;204.0;688.0;309.0;802.0;676.0;585.0;583.0;734.0;929.0;859.0;865.0;645.0;837.0;928.0;864.0;233.0;146.0;746.0;508.0;508.0;620.0;950.0;718.0;229.0;1064.0;704.0;325.0;336.0;306.0;634.0;595.0;617.0;798.0;426.0;208.0;719.0;354.0;1005.0;217.0;408.0;389.0;93.0;795.0;739.0;942.0;935.0;58.0;160.0;824.0;681.0;531.0;565.0;493.0;852.0;230.0;62.0;624.0;379.0;474.0
43;429.0;663.0;115.0;483.0;365.0;486.0;410.0;971.0;619.0;386.0;726.0;587.0;494.0;844.0;481.0;631.0;838.0;247.0;338.0;476.0;801.0;633.0;221.0;835.0;349.0;304.0;575.0;196.0;259.0;931.0;213.0;252.0;724.0;355.0;679.0;893.0;129.0;1064.0;550.0;288.0;689.0;467.0;799.0;0.0;928.0;670.0;528.0;740.0;796.0;474.0;335.0;600.0;351.0;655.0;404.0;192.0;223.0;849.0;521.0;229.0;150.0;181.0;613.0;678.0;130.0;142.0;823.0;663.0;423.0;299.0;886.0;214.0;781.0;849.0;876.0;644.0;187.0;474.0;858.0;685.0;187.0;1027.0;876.0;193.0;384.0;597.0;764.0;511.0;540.0;607.0;782.0;473.0;781.0;28.0;1095.0;331.0;452.0;803.0;723.0;71.0;646.0;347.0;308.0;324.0;115.0;678.0;755.0;909.0;506.0;334.0
44;499.0;279.0;815.0;450.0;814.0;508.0;561.0;195.0;379.0;904.0;409.0;609.0;598.0;116.0;446.0;728.0;108.0;853.0;657.0;519.0;406.0;789.0;1093.0;103.0;751.0;738.0;805.0;840.0;798.0;108.0;736.0;802.0;287.0;871.0;454.0;266.0;976.0;211.0;422.0;748.0;328.0;619.0;519.0;928.0;0.0;455.0;503.0;305.0;217.0;460.0;656.0;583.0;628.0;778.0;682.0;910.0;795.0;138.0;539.0;932.0;1051.0;1071.0;397.0;532.0;1045.0;911.0;752.0;480.0;619.0;664.0;43.0;714.0;600.0;282.0;304.0;828.0;938.0;595.0;183.0;292.0;744.0;102.0;149.0;1029.0;704.0;587.0;344.0;738.0;819.0;462.0;158.0;482.0;428.0;940.0;224.0;880.0;792.0;461.0;654.0;911.0;399.0;841.0;853.0;755.0;1027.0;359.0;476.0;134.0;446.0;635.0
45;362.0;242.0;559.0;283.0;415.0;193.0;269.0;617.0;488.0;494.0;620.0;160.0;626.0;457.0;320.0;273.0;350.0;724.0;333.0;513.0;133.0;878.0;763.0;425.0;371.0;387.0;354.0;684.0;677.0;387.0;458.0;677.0;171.0;472.0;9.0;623.0;768.0;663.0;177.0;640.0;506.0;628.0;153.0;670.0;455.0;0.0;144.0;535.0;505.0;382.0;561.0;133.0;536.0;324.0;649.0;570.0;467.0;486.0;584.0;784.0;746.0;756.0;503.0;694.0;800.0;723.0;332.0;25.0;593.0;373.0;432.0;479.0;811.0;605.0;234.0;913.0;598.0;205.0;289.0;186.0;496.0;546.0;522.0;695.0;321.0;137.0;592.0;299.0;852.0;66.0;314.0;237.0;111.0;669.0;679.0;792.0;782.0;136.0;213.0;688.0;542.0;446.0;472.0;387.0;734.0;104.0;94.0;536.0;226.0;337.0
46;242.0;234.0;416.0;174.0;313.0;52.0;125.0;632.0;419.0;402.0;562.0;155.0;517.0;471.0;215.0;282.0;395.0;584.0;193.0;406.0;273.0;768.0;635.0;444.0;256.0;258.0;328.0;541.0;538.0;462.0;315.0;537.0;229.0;372.0;153.0;611.0;624.0;696.0;96.0;504.0;455.0;513.0;289.0;528.0;503.0;144.0;0.0;494.0;489.0;277.0;430.0;142.0;407.0;335.0;525.0;442.0;333.0;494.0;482.0;641.0;612.0;624.0;431.0;614.0;658.0;579.0;413.0;143.0;473.0;230.0;470.0;335.0;736.0;584.0;355.0;801.0;471.0;92.0;370.0;211.0;352.0;602.0;530.0;567.0;206.0;143.0;549.0;246.0;732.0;79.0;346.0;112.0;254.0;528.0;718.0;654.0;656.0;280.0;285.0;544.0;473.0;342.0;360.0;265.0;598.0;164.0;235.0;552.0;119.0;194.0
47;344.0;293.0;642.0;348.0;750.0;468.0;480.0;244.0;121.0;841.0;108.0;644.0;315.0;190.0;318.0;774.0;298.0;604.0;564.0;270.0;562.0;484.0;939.0;212.0;681.0;646.0;821.0;607.0;552.0;387.0;592.0;558.0;390.0;801.0;539.0;154.0;755.0;344.0;399.0;502.0;52.0;340.0;661.0;740.0;305.0;535.0;494.0;0.0;89.0;287.0;419.0;625.0;396.0;827.0;411.0;782.0;674.0;169.0;259.0;685.0;882.0;908.0;129.0;227.0;838.0;685.0;867.0;556.0;355.0;546.0;269.0;547.0;309.0;110.0;513.0;523.0;806.0;570.0;398.0;355.0;578.0;370.0;175.0;884.0;645.0;627.0;58.0;735.0;520.0;502.0;278.0;411.0;572.0;759.0;378.0;612.0;503.0;612.0;746.0;704.0;107.0;769.0;767.0;674.0;851.0;435.0;602.0;208.0;385.0;530.0
48;381.0;265.0;693.0;366.0;768.0;471.0;497.0;175.0;188.0;860.0;192.0;631.0;398.0;103.0;343.0;760.0;224.0;679.0;588.0;340.0;513.0;573.0;987.0;130.0;700.0;671.0;817.0;676.0;625.0;305.0;633.0;630.0;346.0;822.0;508.0;122.0;822.0;271.0;393.0;575.0;123.0;422.0;618.0;796.0;217.0;505.0;489.0;89.0;0.0;328.0;488.0;609.0;463.0;813.0;492.0;820.0;709.0;80.0;341.0;760.0;934.0;958.0;202.0;315.0;901.0;753.0;834.0;528.0;432.0;577.0;184.0;594.0;387.0;101.0;449.0;612.0;846.0;572.0;328.0;319.0;626.0;281.0;89.0;928.0;660.0;612.0;129.0;735.0;608.0;482.0;216.0;422.0;526.0;813.0;303.0;692.0;589.0;565.0;718.0;767.0;191.0;790.0;792.0;696.0;905.0;402.0;561.0;123.0;391.0;557.0
49;58.0;228.0;366.0;103.0;472.0;232.0;212.0;501.0;175.0;560.0;316.0;430.0;244.0;370.0;63.0;552.0;381.0;404.0;284.0;131.0;473.0;496.0;659.0;363.0;403.0;363.0;576.0;384.0;350.0;482.0;307.0;353.0;326.0;519.0;390.0;436.0;517.0;592.0;206.0;302.0;236.0;246.0;534.0;474.0;460.0;382.0;277.0;287.0;328.0;0.0;210.0;419.0;181.0;603.0;276.0;496.0;388.0;376.0;205.0;481.0;607.0;631.0;179.0;343.0;586.0;451.0;689.0;395.0;214.0;260.0;417.0;267.0;467.0;395.0;492.0;531.0;520.0;324.0;429.0;278.0;298.0;557.0;404.0;601.0;374.0;420.0;327.0;485.0;471.0;324.0;327.0;167.0;468.0;489.0;622.0;449.0;407.0;505.0;562.0;452.0;223.0;488.0;483.0;392.0;579.0;319.0;473.0;436.0;161.0;248.0
50;204.0;438.0;260.0;284.0;495.0;378.0;318.0;660.0;301.0;567.0;393.0;563.0;165.0;555.0;256.0;665.0;587.0;197.0;332.0;150.0;668.0;372.0;550.0;555.0;435.0;380.0;659.0;188.0;142.0;688.0;265.0;146.0;533.0;525.0;570.0;571.0;336.0;759.0;389.0;93.0;370.0;142.0;713.0;335.0;656.0;561.0;430.0;419.0;488.0;210.0;0.0;561.0;29.0;709.0;107.0;434.0;358.0;553.0;187.0;276.0;483.0;513.0;291.0;346.0;420.0;266.0;831.0;568.0;93.0;282.0;613.0;199.0;457.0;525.0;699.0;398.0;450.0;438.0;640.0;485.0;222.0;748.0;574.0;506.0;430.0;560.0;436.0;569.0;312.0;497.0;535.0;324.0;659.0;358.0;791.0;240.0;229.0;693.0;707.0;289.0;318.0;499.0;477.0;415.0;450.0;517.0;655.0;609.0;338.0;297.0
51;382.0;344.0;498.0;317.0;300.0;189.0;243.0;736.0;558.0;371.0;699.0;27.0;657.0;574.0;357.0;151.0;476.0;697.0;269.0;548.0;247.0;908.0;662.0;544.0;269.0;299.0;223.0;650.0;656.0;519.0;397.0;654.0;296.0;354.0;136.0;730.0;711.0;788.0;229.0;627.0;589.0;653.0;204.0;600.0;583.0;133.0;142.0;625.0;609.0;419.0;561.0;0.0;539.0;204.0;660.0;472.0;382.0;601.0;624.0;747.0;655.0;660.0;570.0;755.0;728.0;675.0;272.0;109.0;611.0;319.0;557.0;434.0;877.0;707.0;362.0;941.0;500.0;131.0;421.0;300.0;444.0;676.0;637.0;594.0;222.0;4.0;681.0;169.0;868.0;127.0;436.0;253.0;219.0;594.0;806.0;774.0;789.0;224.0;146.0;630.0;612.0;331.0;362.0;289.0;648.0;224.0;175.0;655.0;260.0;288.0
52;176.0;409.0;269.0;257.0;488.0;355.0;298.0;635.0;277.0;563.0;375.0;543.0;161.0;528.0;228.0;648.0;558.0;226.0;319.0;127.0;641.0;383.0;563.0;527.0;426.0;372.0;645.0;215.0;171.0;659.0;263.0;175.0;505.0;520.0;544.0;549.0;360.0;733.0;363.0;122.0;346.0;141.0;688.0;351.0;628.0;536.0;407.0;396.0;463.0;181.0;29.0;539.0;0.0;693.0;122.0;439.0;356.0;526.0;174.0;305.0;498.0;527.0;267.0;337.0;442.0;290.0;811.0;543.0;91.0;271.0;585.0;198.0;451.0;503.0;671.0;411.0;457.0;419.0;610.0;457.0;224.0;720.0;548.0;517.0;418.0;539.0;415.0;555.0;330.0;472.0;506.0;299.0;632.0;373.0;766.0;268.0;250.0;667.0;686.0;309.0;297.0;494.0;474.0;407.0;465.0;489.0;629.0;583.0;311.0;283.0
53;557.0;549.0;577.0;504.0;293.0;372.0;401.0;938.0;754.0;315.0;897.0;183.0;829.0;777.0;544.0;53.0;673.0;810.0;380.0;725.0;401.0;1074.0;648.0;746.0;310.0;364.0;89.0;756.0;778.0;705.0;489.0;775.0;494.0;323.0;324.0;934.0;780.0;987.0;429.0;759.0;790.0;820.0;309.0;655.0;778.0;324.0;335.0;827.0;813.0;603.0;709.0;204.0;693.0;0.0;814.0;484.0;436.0;804.0;803.0;844.0;665.0;660.0;765.0;945.0;772.0;761.0;181.0;298.0;774.0;434.0;755.0;545.0;1069.0;911.0;525.0;1103.0;506.0;280.0;607.0;502.0;543.0;868.0;840.0;587.0;290.0;202.0;883.0;148.0;1021.0;331.0;636.0;437.0;373.0;641.0;1002.0;895.0;936.0;357.0;150.0;703.0;808.0;317.0;358.0;336.0;669.0;424.0;320.0;857.0;452.0;413.0
54;287.0;498.0;350.0;367.0;601.0;474.0;419.0;655.0;306.0;671.0;358.0;664.0;103.0;573.0;333.0;769.0;627.0;202.0;439.0;166.0;748.0;265.0;625.0;579.0;542.0;486.0;765.0;223.0;158.0;729.0;369.0;165.0;601.0;629.0;658.0;555.0;373.0;756.0;474.0;117.0;369.0;74.0;802.0;404.0;682.0;649.0;525.0;411.0;492.0;276.0;107.0;660.0;122.0;814.0;0.0;529.0;460.0;564.0;153.0;281.0;554.0;585.0;290.0;282.0;466.0;303.0;932.0;658.0;65.0;389.0;640.0;302.0;378.0;508.0;766.0;291.0;542.0;541.0;693.0;552.0;323.0;766.0;580.0;588.0;537.0;660.0;413.0;676.0;208.0;587.0;579.0;415.0;741.0;431.0;790.0;201.0;132.0;777.0;806.0;347.0;304.0;604.0;580.0;521.0;518.0;595.0;742.0;615.0;424.0;403.0
55;439.0;631.0;180.0;464.0;192.0;415.0;350.0;991.0;665.0;194.0;794.0;453.0;599.0;845.0;478.0;469.0;809.0;418.0;256.0;546.0;702.0;783.0;194.0;829.0;203.0;183.0;399.0;361.0;413.0;890.0;190.0;407.0;665.0;168.0;578.0;931.0;320.0;1075.0;495.0;424.0;731.0;576.0;676.0;192.0;910.0;570.0;442.0;782.0;820.0;496.0;434.0;472.0;439.0;484.0;529.0;0.0;115.0;858.0;610.0;417.0;185.0;189.0;664.0;774.0;292.0;328.0;660.0;557.0;526.0;247.0;871.0;244.0;890.0;891.0;796.0;800.0;29.0;364.0;805.0;635.0;215.0;1012.0;889.0;126.0;251.0;468.0;818.0;349.0;698.0;515.0;754.0;428.0;678.0;170.0;1103.0;507.0;607.0;692.0;574.0;258.0;705.0;167.0;126.0;184.0;185.0;605.0;642.0;919.0;464.0;274.0
